0 0.27894788099395124 0.6767363614111385 0.29526470553456824 0.6779123487654171 0.3137865063644578 0.6690924436083268 0.3151090857051864 0.6526286206484251 0.3380408766304982 0.613821037957228 0.35347545429007965 0.614409031634367 0.3574441833831015 0.6426327281370561 0.43726517856372155 0.6396927597513593 0.5629488270522578 0.6402807534284986 0.6449739450131975 0.6396927597513593 0.6449739450131975 0.6149970253115066 0.6590857932645418 0.6144090316343671 0.6846635182201035 0.6432207218141954 0.6921604376036303 0.6526286206484251 0.6877504850250851 0.6679164562540482 0.7018623332764296 0.676148367733999 0.7106822384335199 0.6796763297968351 0.7221481151377372 0.6790883361196957 0.7261170724584278 0.6749723803797204 0.7309680202948274 0.6555685890341216 0.7340148211656724 0.5808746200866481 0.7327320013262455 0.5015142456236117 0.7164151767856285 0.43213099172116826 0.7089182574021018 0.4632946566095539 0.6912784470879213 0.4721145617666442 0.6590857932645418 0.4727025554437834 0.648942902333888 0.5132741191663989 0.6405639924346522 0.5262099800634644 0.5792656515928748 0.5315019231577187 0.44873105526793894 0.5315019231577187 0.3658239467912904 0.5279739610948826 0.35347607957136407 0.5138621128435381 0.34377426518513166 0.47387854279806213 0.29879266759740436 0.46799860602666876 0.28556280986176896 0.4297790170126109 0.2749789236732606 0.4727025554437834 0.2683639948054429 0.5026902329778905 0.26571802325831584 0.5350298852205547 0.26660001377402487 0.5926532655802111 0.2679229995475884 0.6455726965227528 0.2727739473839881 0.6690924436083268
7 0.32525237994226863 0.6785003424425564 0.32348841454288274 0.7420036595736064 0.31599147952732387 0.7537635331163933 0.30320261704954293 0.7608194572420657 0.27806588735183574 0.7561155078249507 0.2692459821947454 0.744943627959303 0.26704100590547286 0.6532166143255644 0.2758609110625631 0.6773243550882778 0.29658768818172526 0.6802643234739745 0.31246351746448775 0.672620405671163 0.31555048426946936 0.657920563742679 0.32348839891085057 0.6702684309626055
7 0.3274573437259155 0.6973161401110157 0.34597914455580503 0.6984921274652943 0.3468611350715141 0.6837922855368106 0.32701634846806094 0.6826162981825319
7 0.6736386336473342 0.68438027921395 0.6740796289051887 0.699668114819573 0.6555578280752993 0.6973161401110155 0.6533528517860264 0.6890842286310647
7 0.6749616194208977 0.6785003424425564 0.6762846051944612 0.7372997101564915 0.6820175435465698 0.7578794888563688 0.6917194392193693 0.7608194572420657 0.7225891072691851 0.7590554762106475 0.7305270219105664 0.7437676406050244 0.732731998199839 0.657920563742679 0.7234710977848942 0.6814403108282531 0.702303306649439 0.6785003424425564 0.6864274148385482 0.6708564246397448
16 0.4945945589584017 0.2469129834222726 0.48974361112200204 0.259260850642199 0.4932715731848381 0.2657287810907318 0.5060604356626192 0.26455279373645313 0.5095883977254553 0.2598488443193383 0.5060604356626192 0.2504409454851087 0.5020914783419285 0.24808897077655132 0.500768492568365 0.2022254639596819 0.49724054301115467 0.2034014513139606 0.4985635100262796 0.24808897077655132
13 0.3265753657158321 0.36862767459011825 0.32525237994226863 0.38450350387288085 0.3287803420051047 0.40273130786420064 0.33098531829437733 0.4168431561155451 0.3406872139671766 0.4621186692552751 0.35083008926579834 0.5056302013635872 0.3578860008858449 0.522094024323489 0.37155687889058614 0.5297379421263004 0.49547654947411085 0.5309139294805792 0.6308620561185696 0.5303259358034398 0.6414460142144255 0.5250339927091858 0.6546758125483387 0.4956343088522182 0.6595267853959897 0.4703505807352261 0.670992662100207 0.4121392066984303 0.6762846051944612 0.37450761136151184 0.6740796289051887 0.36803968091297895 0.5995159065877481 0.36088475387457153 0.5488369412840364 0.3592197757558886 0.49679953524767434 0.3592197757558886 0.43373721337447896 0.3609837567873067 0.36979290098557444 0.36215974414158547 0.3406872139671766 0.36451171885014283
9 0.6718746526159162 0.41390318772984835 0.7102412400492588 0.41155121302129094 0.7067132779864227 0.4021433141870613 0.6930424249929328 0.3792115607786266 0.6908374487036602 0.3727436303300938 0.6762846051944612 0.36803968091297895 0.6771665957101703 0.3821515291643234
8 0.28909076879819856 0.41155121302129094 0.31246351746448775 0.4144911814069877 0.32922133726295927 0.4144911814069877 0.32569339083215526 0.3886194596128563 0.32525237994226863 0.36745168723583965 0.3102585411752152 0.3709796492986757 0.30320261704954293 0.38450350387288085 0.29394171663459817 0.4021433141870613
35 0.7199431357220579 0.4415388905553979 0.7247940835584578 0.4380109284925618 0.7234710977848942 0.43213099172116826 0.7155331831435129 0.42566306127263537
35 0.2846808162196534 0.4238990802412173 0.2811528541568173 0.4433028715868159 0.2749789205468541 0.4391869158468404 0.2758609110625631 0.43154299804402885
12 0.30893555540165163 0.37039165562153636 0.32525237994226863 0.36803968091297895 0.3402462187093221 0.30394837010478964 0.3490661332456316 0.28630855979060915 0.3631779721177568 0.27866464198779756 0.39537062594113626 0.27337269889354343 0.4465260758522598 0.26808075579928925 0.48665664431702055 0.26572878109073184 0.5272282080396358 0.26572878109073184 0.5633898191837058 0.2686687494764286 0.6092533260005752 0.27160871786212537 0.6295391078618828 0.27690066095637955 0.6418869750818093 0.28160461037349427 0.649383894465336 0.2851325724363304 0.6542348423017356 0.29042451553058457 0.6652597237480984 0.3215881804189702 0.670992662100207 0.34628391485882287 0.6749616194208977 0.3650997125272822 0.6912784439615147 0.3715676429758151 0.6731976383894797 0.31159228790760124 0.6573218091067171 0.27396069257068273 0.6507068802388994 0.2598488443193383 0.6396819987925366 0.2498529518079694 0.6317440841511553 0.247500977099412 0.617632235899811 0.24514900239085452 0.5413400562909801 0.2386810719423217 0.5082654119518917 0.23809307826518233 0.484451668027748 0.23809307826518233 0.43241422760091536 0.24044505297373975 0.3847867397526279 0.2469129834222726 0.3671469294384473 0.247500977099412 0.36009100531277516 0.2504409454851087 0.3477431380928488 0.2622008190278957 0.33848223767790403 0.2857205661134698 0.3248113846844142 0.31982419938755213 0.31599147952732387 0.34981187692165905
15 0.6740796289051887 0.3668636935587003 0.6555578593393634 0.2904245155305846 0.6401229971767977 0.2804286230192157 0.6074892668089966 0.27278470521640413 0.49591681940567545 0.2663167747678712 0.40815890690732265 0.27219671153926467 0.35832672414634054 0.2804286230192157 0.3442150791114137 0.29160050288486333 0.33583619734983555 0.3186482120332734 0.32481127838659574 0.37039165562153625 0.34333318551430364 0.36215974414158547 0.39933958326182684 0.3609837567873067 0.4747497723549487 0.35804378840161 0.5470729946430889 0.35804378840161 0.6079303933759208 0.3609837567873068 0.650706905250151 0.3650997125272822
40 0.3080535648859426 0.3715676429758151 0.30143863601812493 0.3656877062044216 0.27189195374187247 0.37039165562153636 0.26130806755336417 0.3833275165186021 0.25910309126409165 0.3944993963842498 0.2626310533269277 0.40273130786420064 0.27453792528899956 0.40625926992703676 0.28909076879819856 0.4091992383127336
41 0.711123230564968 0.4080232509584548 0.7219660904787262 0.4095879455422514 0.733613988715548 0.40273130786420064 0.7380239412940931 0.39626337741566786 0.7331729934576934 0.3792115607786266 0.7265580645898757 0.3709796492986757 0.7146511926278039 0.3668636935587003 0.6952474012822053 0.3656877062044216 0.6917194392193693 0.3709796492986757 0.6970113823136234 0.3833275165186021
39 0.48753878177383136 0.3921474216756925 0.4818162002283573 0.3998536187695042 0.48621582101151906 0.4091992383127336 0.5021572678407826 0.4127337633807819 0.5162034610287489 0.4068472636041762 0.5197314355972108 0.3933234090299711 0.5021131061837292 0.38580109779245936
73 0.711123230564968 0.4121392066984303 0.7146511926278039 0.43213099172116826 0.7067132779864227 0.46270666293241447 0.6908374487036602 0.4703505807352261 0.6621727569431168 0.4709385744123654 0.6330668104329858 0.47211456176664407 0.6035199436987544 0.4321309917211682 0.6088118836666025 0.41978312450124183 0.6714335448074302 0.41625516243840566 0.6864274961251151 0.4156671687612664 0.7009803490135333 0.41390318772984824
72 0.2882087782824895 0.41155121302129094 0.2855627942297367 0.42742704230405343 0.29261869959697046 0.4597666945467178 0.29923365972885235 0.46505863764097194 0.34201019974074015 0.47152656808950477 0.36979316985652666 0.47152656808950477 0.4011040707710852 0.43271898539830755 0.39581228399715224 0.41860713714696307 0.3296624138073806 0.4144911814069877 0.2957055319664759 0.41390318772984824
59 0.4288862030099507 0.582657373068842 0.42756320473076165 0.6296968672399903 0.5766201490067109 0.6314608482714084 0.5761791474960435 0.5844213541002603
