0 0.0631578947368421 0.5483253588516747 0.11339712918660286 0.6296650717703349 0.13277511961722488 0.6382775119617224 0.11052631578947367 0.7081339712918662 0.11052631578947367 0.7272727272727273 0.04521531100478468 0.6880382775119617 0.03157894736842105 0.6526315789473685 0.02440191387559808 0.6057416267942584 0.02942583732057416 0.5827751196172248 0.02727272727272727 0.5521531100478468
1 0.8942583732057414 0.6449760765550239 0.9279904306220095 0.6880382775119617 0.9358851674641148 0.7253588516746412 0.9330143540669854 0.7741626794258373 0.9516746411483252 0.7674641148325358 0.968181818181818 0.7492822966507177 0.9760765550239233 0.7339712918660287 0.9832535885167463 0.662200956937799 0.9767942583732057 0.6296650717703349 0.9337320879449276 0.6220095693779905 0.9258373205741626 0.6172248803827751 0.9014354066985645 0.6392344497607656
3 0.22248803827751193 0.47368421052631576 0.19665071770334927 0.538755980861244 0.20526315789473681 0.569377990430622 0.3007177033492823 0.6889952153110047 0.32583732057416265 0.7196172248803827 0.3760765550239234 0.7291866028708134 0.4406698564593301 0.7301435406698564 0.45502392344497605 0.7301435406698564 0.45143540669856447 0.509090909090909 0.43995215311004787 0.37320574162679426 0.37392344497607655 0.3751196172248804 0.3422041203685399 0.38074777447704533 0.28882122662026993 0.39181978206927914 0.25021638009596203 0.40631925494225885 0.24670805488552364 0.40763693577247023 0.22179603780299764 0.43893908295108536 0.21586460516430095 0.46299697373363913
5 0.45861244527949746 0.7311004784688994 0.6990430672890667 0.7454545454545455 0.7105263208775835 0.7454545454545455 0.7284689046096409 0.6669856459330145 0.7334928280546168 0.5779904306220096 0.726315794561794 0.539712918660287 0.721291871116818 0.5052631578947369 0.6000000050881098 0.4105263157894737 0.5677033543704065 0.3942583732057416 0.5002392395378706 0.37607655502392345 0.4492823017388276 0.37224880382775116 0.44210526824600466 0.37224880382775116 0.45358852183452136 0.507177033492823 0.4571770385809329 0.6344497607655503 0.45645933523165055 0.69377990430622
6 0.7779904306220096 0.5186602870813397 0.7959330143540668 0.5330143540669856 0.8038277511961721 0.5492822966507177 0.8870813397129186 0.5684210526315789 0.9459330143540668 0.5779904306220096 0.9566985645933014 0.5712918660287082 0.9373205741626793 0.5406698564593302 0.912200956937799 0.5244019138755981 0.8669856459330143 0.4995215311004785 0.8210526315789473 0.47655502392344495 0.7758373205741625 0.4593301435406698 0.7428229665071769 0.44976076555023925 0.7815789473684209 0.47751196172248805 0.7866028708133971 0.4995215311004785
7 0.7507177033492822 0.7349282296650718 0.7578947368421052 0.7894736842105263 0.7988038277511962 0.8267942583732057 0.8260765550239235 0.8354066985645933 0.8612440191387559 0.8296650717703349 0.8827751196172248 0.8114832535885167 0.9043062200956937 0.7703349282296651 0.9086124401913874 0.7368421052631579 0.9014354066985645 0.6976076555023922 0.8791866028708132 0.6631578947368421 0.8511961722488037 0.6488038277511962 0.827511961722488 0.6449760765550239 0.7866028708133971 0.6669856459330145 0.7629186602870813 0.7033492822966507 0.7535885167464113 0.7263157894736842
7 0.2863636363636363 0.7272727272727273 0.28545766417308466 0.754258694056638 0.2727272727272727 0.7808612440191386 0.2569377990430622 0.7923444976076555 0.22177033492822965 0.8076555023923446 0.1686602870813397 0.7933014354066986 0.13349282296650716 0.7339712918660287 0.13205741626794257 0.6909090909090909 0.13851674641148323 0.6679425837320574 0.17224880382775118 0.6382775119617224 0.20167464114832534 0.6296650717703349 0.2296650717703349 0.6363636363636364 0.2612440344030858 0.6631578947368422 0.28205741626794256 0.7023923444976077
9 0.13277511961722488 0.6344497607655503 0.16435406698564592 0.615311004784689 0.17942583732057416 0.6114832535885167 0.21387559808612436 0.615311004784689 0.254066985645933 0.6363636363636364 0.2318181818181818 0.6047846889952153 0.20023923444976074 0.5598086124401914 0.1937799043062201 0.5377990430622009 0.20454545454545453 0.5110047846889952 0.21889952153110045 0.4727272727272727 0.21531100478468898 0.46602870813397135 0.22105263157894733 0.4382775119617225 0.2339712918660287 0.4162679425837321 0.24473684210526314 0.40574162679425835 0.24043062200956936 0.3904306220095693 0.11842105263157894 0.45454545454545453 0.07248803827751195 0.46602870813397135 0.03157894736842105 0.4727272727272727 0.03660287081339712 0.49569377990430624 0.05669856459330143 0.5023923444976076 0.08971291866028708 0.507177033492823 0.09688995215311005 0.523444976076555 0.07464114832535884 0.5444976076555024 0.06531100478468899 0.5473684210526316 0.10047846381141155 0.6047846889952153 0.11770334928229664 0.6248803827751196
11 0.701913875598086 0.7483253588516746 0.6983253588516746 0.7655502392344498 0.7148325358851673 0.7693779904306219 0.7241626794258373 0.7397129186602871 0.7349282296650717 0.7100478468899522 0.7578947368421052 0.6717703349282297 0.7866028708133971 0.6449760765550239 0.8354066985645933 0.6296650717703349 0.8777511961722487 0.6363636363636364 0.8906698564593301 0.6449760765550239 0.9229665071770334 0.614354066985646 0.8885167464114833 0.5712918660287082 0.8102870813397128 0.5550239234449761 0.7973684210526315 0.539712918660287 0.7808612898121283 0.5177033492822967 0.7636363636363636 0.5119617224880383 0.7507177033492822 0.5043062200956938 0.738516746411483 0.523444976076555 0.7241626794258373 0.5062200956937799 0.7291866028708133 0.5473684210526316 0.7349282296650717 0.6066985645933014 0.7291866028708133 0.676555023923445 0.7162679425837319 0.7301435406698564 0.7105263157894736 0.7454545454545456
13 0.1744019291399279 0.41244019138755983 0.12631580473801407 0.44114832535885173 0.11985647459447339 0.45358851674641154 0.0351674793791624 0.46889952153110054 0.054545469809784405 0.4507177033492823 0.08181819708251167 0.4382775119617225 0.12416269469016716 0.4220095693779904 0.15143542196289445 0.415311004784689
14 0.578468899521531 0.3827751196172249 0.6495215311004785 0.4287081339712919 0.7055023923444975 0.4688995215311004 0.7413875598086124 0.49760765550239233 0.7607655502392343 0.507177033492823 0.7758373205741625 0.5110047846889952 0.7815789473684209 0.48325358851674644 0.774401913875598 0.47751196172248805 0.7485645933014353 0.45645933014354073 0.7327751196172246 0.4449760765550239 0.7112440191387559 0.43732057416267944 0.6911483253588515 0.4296650717703349 0.6351674641148325 0.3923444976076555 0.5985645933014353 0.3655502392344497 0.5842105263157894 0.3588516746411483 0.585645933014354 0.3751196172248804
15 0.1263157894736842 0.4449760765550239 0.2296650717703349 0.3923444976076555 0.2684210526315789 0.3799043062200957 0.2784688995215311 0.36363636363636365 0.24401913875598083 0.3770334928229665 0.17440182228961892 0.4143540669856459
12 0.27990430622009566 0.3626794258373206 0.2712918660287081 0.3818181818181819 0.24330143540669855 0.3904306220095693 0.2476076555023923 0.40574162679425835 0.29856459330143537 0.38851674641148326 0.32583732057416265 0.3827751196172249 0.36315789473684207 0.37224880382775116 0.3983253588516746 0.37224880382775116 0.4377990430622009 0.3712918660287081 0.4765550239234449 0.3712918660287081 0.5275119617224879 0.3799043062200957 0.5727272727272726 0.3923444976076555 0.612200956937799 0.415311004784689 0.6588516746411482 0.45358851674641154 0.7004784688995216 0.4861244019138756 0.7363636363636362 0.5186602870813397 0.7471291866028708 0.5023923444976076 0.6480861498424636 0.4267942583732058 0.5784690572529395 0.3837320574162679 0.5820574162679425 0.3712918660287081 0.5806220095693779 0.3559808612440191 0.5196172248803828 0.337799043062201 0.4665071770334927 0.33205741626794266 0.4198564593301435 0.3339712918660287 0.377511961722488 0.337799043062201 0.3272727272727272 0.3492822966507177 0.30215311004784684 0.3559808612440191
16 0.30287082866145904 0.3569377990430623 0.315071785599258 0.35119617224880384 0.3035885320107413 0.34545454545454546 0.2777512114365786 0.3157894736842105 0.27129188129303794 0.3186602870813397 0.30358863377294026 0.35119617224880395
17 0.19521476657701978 0.7282296650717703 0.1880377330841968 0.7339712918660287 0.19665017327558434 0.7416267942583733
17 0.218181197432404 0.724401913875598 0.2145926806859925 0.7358851674641148 0.2246405275759447 0.736842105263158
17 0.20310940165692604 0.707177033492823 0.19665007151338534 0.7234449760765551 0.2074156217526198 0.720574162679426
17 0.20526281699137003 0.7406698564593301 0.2023920035942408 0.7492822966507177 0.21028674043634607 0.7502392344497608
17 0.8203355286266393 0.7435406698564593 0.8131584951338163 0.755023923444976 0.8232063420237684 0.7588516746411483
17 0.8454549728557814 0.7387559808612439 0.8411487527600876 0.7531100478468901 0.849043489602193 0.754066985645933
17 0.8311004988213392 0.7311004784688994 0.8267942787256456 0.7435406698564593 0.8382775323141624 0.7435406698564593
17 0.8339714292449975 0.7598086124401914 0.830382912498586 0.7703349282296651 0.8404307593885381 0.7712918660287081
21 0.6889958818534083 0.48229665071770333 0.6724887811415647 0.4956937799043061 0.6696504007943663 0.5311401576340743 0.6739241115184801 0.539712918660287 0.701498931518266 0.5422855707350206 0.7277519237719717 0.5358851674641149 0.7119623483255624 0.5033492822966508
22 0.7499994962771148 0.45645933014354073 0.7636359209707977 0.48229665071770333 0.7722483764265152 0.49282296650717705 0.760047332990847 0.4593301435406699
30 0.7162679832886115 0.4440191387559808 0.7471294003034887 0.4755980861244019 0.7736845310772427 0.4966507177033494 0.7306220808029172 0.4430622009569378
31 0.7586138546859541 0.4861244019138758 0.7629201256627475 0.49856459330143543 0.7626422117508977 0.506063828077083 0.7686617117521262 0.508133971291866 0.769743365237631 0.4915695212389487
46 0.2397124658185013 0.6937799043062202 0.25263130418943097 0.7272727272727273 0.25529251699277067 0.7556535717790944 0.23253567146684614 0.7875598086124405 0.20190570057976098 0.7937961559260858 0.17523185555925389 0.780496743327136 0.15717658065103715 0.7387559808612442 0.15215265720606108 0.7119617224880384 0.17224828992864602 0.6784688995215312 0.2081334675689807 0.6708133971291869
46 0.8052628220794799 0.6966507177033492 0.7808609082038817 0.7301435406698563 0.7821783305933088 0.7782895388044416 0.7955961818973217 0.8039939425657908 0.8193229526654747 0.8100984475870693 0.8472774138785801 0.8105472985314526 0.8748800469598627 0.7866028708133971 0.888516542887085 0.7531100478468901 0.8786106999554096 0.7067388392943579 0.8456113221838056 0.6856579086443805
35 0.48157902369007033 0.5483253588516748 0.46794269058236637 0.5617224880382775 0.4795079152805076 0.5638494502369787 0.5124403084140887 0.5741626794258373 0.5397130255105961 0.569377990430622 0.5244091038476457 0.5623566943012125 0.4988904801435437 0.558341954686162
35 0.23540611343194873 0.5177033492822968 0.2224874531448674 0.5301435406698565 0.24760707036974774 0.5339712918660289 0.2916050303722805 0.5393145054410075 0.2827745904537897 0.5282296650717704
52 0.32583732057416265 0.7263157894736842 0.32583732057416265 0.7464114832535885 0.49377990430622004 0.754066985645933 0.6789473684210524 0.7626794258373206 0.6954545454545453 0.7645933014354067 0.6983253588516746 0.7483253588516746 0.513157894736842 0.7358851674641148 0.3502392344497608 0.7272727272727273 0.3279903593884702 0.7186602870813397
56 0.32296650717703346 0.7416267942583733 0.2913875598086124 0.7444976076555023 0.28492820931263196 0.707177033492823 0.2727272727272727 0.6784688995215311 0.23612440191387557 0.6382775119617224 0.1894736842105263 0.6239234449760765 0.16148325358851673 0.630622009569378 0.1435406698564593 0.6440191387559808 0.1263157894736842 0.6794258373205742 0.11411483253588516 0.724401913875598 0.1119615698447397 0.6956937799043063 0.13492823984129165 0.6373205741626794 0.1442583732057416 0.630622009569378 0.1729664868245937 0.6114832535885167 0.21602873357452107 0.614354066985646 0.26196170722370843 0.6392344497607656 0.32153149735104514 0.7186602870813397 0.32655512568564404 0.7282296650717703
58 0.7177033492822966 0.7684210526315789 0.7248803827751196 0.7684210526315789 0.7413875598086124 0.7263157894736842 0.7471291866028708 0.7177033492822966 0.7722488038277511 0.676555023923445 0.8045454545454543 0.6507177033492824 0.8253588516746411 0.6430622009569378 0.8612440191387559 0.647846889952153 0.8863636363636362 0.6583732057416269 0.9064593301435405 0.676555023923445 0.9215311004784688 0.707177033492823 0.9251196172248802 0.755023923444976 0.9179425837320572 0.7818181818181819 0.931578947368421 0.7789473684210526 0.9337320574162679 0.7291866028708134 0.9265550239234449 0.6909090909090909 0.8964114781654786 0.6497607655502392 0.8734449201073453 0.6354066985645933 0.8325356053214166 0.6296650717703349 0.7830129955416283 0.645933014354067 0.7557414894152897 0.6717703349282297 0.7392343530866764 0.6985645933014354 0.7205739795074675 0.7425837320574162
66 0.25406591205473317 0.43157894736842095 0.2533483257319797 0.4775119617224881 0.3803820119031244 0.49090909090909096 0.4294906709929212 0.49637480648020776 0.4291861805576872 0.4669856459330144 0.42629127794891825 0.3884374697891591 0.3322959515549438 0.39338526031856413 0.26628782581380006 0.4059157771696629
69 0.45717602095894255 0.3875598086124402 0.46937704404217084 0.5033492822966508 0.667432829906349 0.5309674146782446 0.6760760258604884 0.48325358851674644 0.6564518761278609 0.4663224929505871 0.5906688795422192 0.42392344497607654 0.5246401866725778 0.398086124401914
71 0.892822966507177 0.5732057416267943 0.9287081339712918 0.6162679425837321 0.9566985645933014 0.6239234449760765 0.9753588516746412 0.6287081339712919 0.9688995215311003 0.5904306220095694 0.9588516746411482 0.5722488038277512 0.9466507177033492 0.5808612440191387 0.9086124401913874 0.5741626794258373
73 0.032296650717703344 0.49665071770334923 0.022248803827751195 0.5138755980861244 0.02727272727272727 0.5483253588516747 0.06100476942466535 0.5483253588516747 0.08540676979813262 0.5416267942583732 0.09545468792162408 0.523444976076555 0.09114837115184123 0.509090909090909 0.049521347928520185 0.5043062200956938 0.03660279957985779 0.5014354066985646
