0 0.2683531247697395 0.7995445815280317 0.2874709655060345 0.8047733926695826 0.3011965947526053 0.8015053857061133 0.31639282713273725 0.802812588491501 0.4742375634683015 0.8047733926695826 0.6065918454888054 0.8093486024184393 0.6330627157938965 0.8073877982403578 0.6423765217387937 0.794315770386481 0.6551217488963236 0.7845117494960732 0.6762003938107002 0.7864725536741548 0.6791416000778225 0.7962765745645625 0.6864946157456283 0.802812588491501 0.7031614512593214 0.8015053857061133 0.709043863793566 0.776668532783747 0.7119850700606883 0.7635965049298702 0.7095340648380863 0.7518316798613809 0.712965472149729 0.6707851071673439 0.7065928585709641 0.6335298277837945 0.7061026575264439 0.5851633247244498 0.677180795899741 0.5858169261171436 0.664435568742211 0.5818953177609806 0.6467883311394771 0.6296082194276313 0.6247292841360597 0.657059477920773 0.5301204512663975 0.6622882890623238 0.4918847593680645 0.6642490932404054 0.42668806214982397 0.6655562960257929 0.36002072009505154 0.6603274848842423 0.34041267831423616 0.6492162612084468 0.31982423444437996 0.5956209470075513 0.31443202295465567 0.5805881149755928 0.2698237279033006 0.5792809121902052 0.270313928947821 0.6145753873956729 0.26345111432453566 0.6668634988111806 0.26296091328001525 0.7086939879435871 0.26590211954713755 0.7544460854321562 0.26590211954713755 0.7838581481033793
7 0.27570614043754527 0.806734196847664 0.2825689550608307 0.823727833057704 0.3021769968416461 0.823727833057704 0.3291380542902673 0.823727833057704 0.3364910699580731 0.806734196847664 0.30658880624232954 0.8041197912768887 0.29629458430740147 0.8041197912768887 0.2820787540163103 0.8093486024184393
7 0.6409059186052324 0.8008517843134194 0.6409059186052324 0.8132702107746025 0.6467883311394771 0.823727833057704 0.6869848167901487 0.8230742316650103 0.6958084355915156 0.8145774135599901 0.6972790387250768 0.8041197912768887 0.687475017834669 0.8041197912768887 0.6776709969442614 0.7975837773499502 0.6717885844100168 0.8015053857061133 0.6526707436737218 0.806734196847664
8 0.31002021702921984 0.5034631506377188 0.36215746057204107 0.4152473563052035 0.3370399697690734 0.4653680563298678 0.33821734031234707 0.4795569392764666 0.33247255780621754 0.48732030356334094 0.3125494924122604 0.5055550278082763 0.3095300159846994 0.5269928007746975 0.2869807679367617 0.5237247938112283
9 0.6678669760538536 0.506731157601188 0.6698277802319352 0.5230711924185343 0.6717885844100168 0.5302608077381666 0.6850240126120671 0.5283000035600851 0.6791416000778225 0.5165351784915958 0.621778236772684 0.4266709760875186 0.6417946414606176 0.4722743470966023 0.6370936740249129 0.4825877995893865 0.6540352632237888 0.4892276566918272
12 0.3688443562726563 0.4093445500898048 0.3801189629203873 0.40411573894825403 0.3884523806772339 0.40411573894825403 0.480119976002546 0.39496531945054014 0.5026692240504838 0.39823332641400944 0.5796307880401842 0.4041157389482541 0.5943368193757957 0.40607654312633557 0.6031604381771628 0.41065175287519246 0.61247425802305 0.4158805640167433 0.6193371108740586 0.4184949695875187 0.6178664799385172 0.42372378072906947 0.6026702371326423 0.417187766802131 0.5732581744614192 0.41065175287519246 0.5159046522525341 0.4054229417336417 0.4791395739135052 0.40607654312633557 0.42717823539236377 0.40673014451902945 0.39237398903339693 0.41130535426788634 0.37276594725258155 0.4145733612313556
15 0.3413930804032768 0.4766654935372711 0.46149233631077136 0.472743885181108 0.5031594563722321 0.4740510879664957 0.5634541535710115 0.4740510879664957 0.6056114433997647 0.47731909492996494 0.6330627018929063 0.4779726963226587 0.6379647123381101 0.4799335005007403 0.640415717560712 0.47012947961033263 0.6178664868890124 0.4250309835144572 0.5913956131086735 0.4158805640167433 0.5717875713278581 0.4139197598386618 0.5173752553860953 0.4080373473044172 0.48845339375939256 0.40869094869711103 0.4448255007970782 0.40869094869711103 0.41051142768065124 0.41130535426788634 0.38502097336559127 0.4152269626240495 0.37325614829710196 0.417187766802131 0.3614913232286127 0.4269917876925387 0.35119710129368464 0.43810301136833407 0.338942075180675 0.4603254587199249 0.3384518741361546 0.4675150740395572
13 0.33880529132364146 0.4820312906896593 0.4613555524537379 0.4787632837261901 0.5231208840633065 0.4807240879042716 0.5549839519571315 0.4807240879042716 0.5986118449194459 0.4839920948677409 0.6388083305701174 0.4852992976531285 0.6554751660838104 0.4924889129727608 0.6618477796625755 0.5009857310777809 0.6667497901077791 0.5081753463974131 0.6682203932413404 0.5303977937490041 0.6603771765290144 0.5918363246622256 0.6451809441488824 0.6317060096165504 0.6241022992345059 0.6591572681096919 0.45841434618661553 0.6683076876074058 0.3922372051763635 0.6643860792512426 0.36331534354966083 0.6624252750731611 0.34174649759076375 0.6519676527900596 0.31723644536474455 0.5839931079498996 0.30890302760789795 0.5382410104613302 0.31184423387502025 0.5284369895709224 0.3123344349195406 0.5049073394339441 0.33341307983391727 0.48726010183121005
37 0.6490104021359153 0.6890248860261379 0.6562559232013756 0.7017931851973824 0.7070145310179631 0.745280800196872 0.7115647306459293 0.7013905492703167 0.7026707602048952 0.6845107364139146
36 0.271248837956263 0.6844348105397109 0.2688894930928853 0.7453872561393928 0.3138487287801548 0.7020555471946806 0.3201480835371253 0.7015777204741158 0.32761156055390844 0.6901645727323715 0.31779072985527884 0.6869220419713057
39 0.4909723649211951 0.5001957972756422 0.47434071566627867 0.5076418204216283 0.4738152896246485 0.5148149473372559 0.4784194588977603 0.5216707860745484 0.49038247434265864 0.5248991983162994 0.505310143828828 0.5236315902526298 0.5083217226135037 0.5105595623987529 0.5038373207507941 0.5049892992620346
59 0.4090138499417503 0.5636265329748248 0.4079535933682702 0.6159319059074311 0.5687581631238091 0.6182880037872782 0.5695744300712369 0.5648212564035515 0.5222211621157274 0.5697751639286764 0.522709681843147 0.5688925370507837 0.4461222337022266 0.5669250700066105
72 0.28708813983885384 0.5259289668972703 0.27754594342547295 0.5348821388406895 0.27365838192372516 0.554202141455436 0.27012424011497405 0.5791767789818156 0.2934496041144411 0.579647998557785 0.31500789971504245 0.5787055594058462 0.3659129404322657 0.579588187381935 0.3961402648118226 0.52975576034292 0.31394770327379695 0.5264001864732398 0.307939606075501 0.5292275039290564
73 0.6878603892008518 0.5259289668972703 0.6998764883880724 0.5386518954484448 0.7030572205258658 0.5556158001833442 0.7048242939357512 0.5777631202539074 0.7069447820276136 0.5843601943174794 0.679731833976811 0.5838889747415099 0.6663020936002505 0.5801192181337546 0.613996357368726 0.5782343398298768 0.5836024491787395 0.5334684801127811 0.6694828257380441 0.5315836018089035
