1 0.2504784688995215 0.523444976076555 0.26626794258373204 0.5100478468899522 0.2677033492822966 0.5454545454545454 0.2755980861244019 0.5550239234449761 0.27990430622009566 0.5263157894736842 0.2899521531100478 0.5253588516746411 0.36531100478468903 0.5444976076555024 0.34521531100478464 0.49473684210526314 0.4406698564593301 0.49473684210526314 0.46507177033492814 0.4995215311004785 0.49162679425837313 0.5052631578947369 0.5354066985645932 0.5014354066985646 0.5555023923444975 0.49569377990430624 0.6588516746411482 0.49665071770334923 0.6452153110047846 0.5138755980861244 0.6337320574162679 0.5435406698564593 0.7026315789473684 0.5311004784688995 0.7162679425837319 0.5244019138755981 0.7220095693779903 0.5492822966507177 0.7255980861244018 0.55311004784689 0.7313397129186602 0.5473684210526316 0.7306220095693781 0.5138755980861244 0.735645933014354 0.5148325358851674 0.7485646085657652 0.5253588516746411 0.7471292120434205 0.6842105263157895 0.736363666892296 0.7119617224880382 0.7184210526315788 0.7129186602870813 0.648803827751196 0.7205741626794259 0.4887559808612439 0.7157894736842105 0.3789473684210526 0.7167464114832537 0.32296650717703346 0.7177033492822966 0.27703349282296647 0.7119617224880382 0.26626794258373204 0.7110047846889952 0.2547846889952153 0.6842105263157895 0.24971136943343308 0.6067692682778167
6 0.2892344497607655 0.39617224880382773 0.2978468899521531 0.3875598086124402 0.3114832535885167 0.3913875598086125 0.34449760765550236 0.3904306220095693 0.5052631578947367 0.3875598086124402 0.5992822966507176 0.3904306220095693 0.6566985645933013 0.3923444976076555 0.6954545454545453 0.3875598086124402 0.704066985645933 0.3799043062200957 0.7112440191387559 0.4105263157894737 0.7162679425837319 0.4325358851674641 0.7040508017112914 0.4544749074068807 0.6861244019138755 0.47081339712918663 0.6610047846889952 0.49186602870813395 0.5820574162679425 0.49282296650717705 0.5490430622009569 0.49282296650717705 0.5267942583732057 0.5004784688995215 0.4952153110047846 0.5014354066985646 0.45502392344497605 0.49473684210526314 0.4198564593301435 0.49186602870813395 0.34162679425837317 0.49473684210526314 0.30502392344497603 0.4631578947368421 0.2892344497607655 0.4440191387559808 0.28349282296650713 0.4344497607655502 0.28564593301435404 0.42105263157894735
10 0.7313397129186602 0.46602870813397135 0.7449760765550237 0.48995215311004786 0.7464114832535884 0.509090909090909 0.7485645933014353 0.5215311004784688 0.728468899521531 0.5110047846889952 0.7313397129186602 0.48038277511961724
11 0.2684210526315789 0.509090909090909 0.2684210526315789 0.4861244019138756 0.2763157894736842 0.4478468899521531 0.28349282296650713 0.41148325358851673 0.2655502137939 0.4583732057416268 0.254066985645933 0.48708133971291867 0.24976076555023924 0.5062200956937799 0.24976076555023924 0.5215311004784688
35 0.719856306686845 0.4258373205741627 0.7284687468782325 0.4325358851674641 0.7255979334811034 0.4430622009569378
35 0.7299038635545297 0.45454545454545453 0.7334924057414909 0.4631578947368421 0.7370808970473527 0.4602870813397129
35 0.26913875598086123 0.44019138755980863 0.2648325358851674 0.4325358851674641 0.273444976076555 0.42392344497607654
35 0.2648325358851674 0.45263157894736844 0.2569377990430622 0.4574162679425837 0.26052634123002344 0.46602870813397135
12 0.3 0.38468899521531097 0.30717703349282294 0.3559808612440191 0.3301435406698564 0.27751196172248804 0.34521531100478464 0.2535885167464115 0.3681818181818181 0.2507177033492823 0.5188995215311004 0.24593301435406698 0.5727272727272726 0.24784688995215312 0.6394736842105262 0.2535885167464115 0.6516746411483253 0.2602870813397129 0.6631578947368421 0.2822966507177033 0.6889952153110047 0.3588516746411483 0.6947368421052631 0.38564593301435407 0.704066985645933 0.3770334928229665 0.6696172757614822 0.26507177033492824 0.6523923444976076 0.2421052631578947 0.6452153110047846 0.23253588516746412 0.6287081339712918 0.22679425837320577 0.6071770334928229 0.2220095693779904 0.5059808612440191 0.2172248803827751 0.4808612440191387 0.2172248803827751 0.38827751196172244 0.2220095693779904 0.36459330143540664 0.22679425837320577 0.3559808612440191 0.22679425837320577 0.3380382775119617 0.23827751196172248 0.32655502392344493 0.2679425837320574 0.3078947368421052 0.31483253588516746 0.292822966507177 0.3712918660287081 0.2863636363636363 0.3942583732057416
16 0.4937799246586598 0.18373205741626794 0.4909091112615306 0.2172248803827751 0.49736844140507125 0.2172248803827751 0.4980861294900237 0.19138755980861244
21 0.28564593301435404 0.38468899521531097 0.28277511961722485 0.4038277511961723 0.23684210526315788 0.39617224880382773 0.22679425837320571 0.3904306220095693 0.22607653975959358 0.3741626794258373 0.23684210526315788 0.3588516746411483 0.24976076555023924 0.3521531100478469 0.2648325358851674 0.3521531100478469 0.2763157894736842 0.3531100478468899 0.27918660287081337 0.3684210526315789 0.2755980861244019 0.3818181818181819
20 0.7126794258373205 0.4066985645933015 0.7650717703349281 0.3971291866028708 0.7736842105263158 0.3904306220095693 0.7708133971291865 0.37224880382775116 0.7614832535885167 0.3588516746411483 0.7471291866028708 0.3540669856459331 0.7220095693779903 0.3540669856459331 0.7169856459330143 0.3665071770334929 0.7177033492822966 0.38086124401913873 0.7047846737308854 0.3827751196172249
23 0.570574132150766 0.3866028708133971 0.5806219790407183 0.38564593301435407 0.551196141720144 0.3799043062200957 0.544019108227321 0.3866028708133971
22 0.4600478468899521 0.3866028708133971 0.48516746411483247 0.3799043062200957 0.5052631578947367 0.3799043062200957 0.5232057416267942 0.3779904306220095 0.5332535885167463 0.3827751196172249 0.5476076555023923 0.3799043062200957 0.5433014761115781 0.38851674641148326 0.5203348519080158 0.38468899521531097 0.4873204469599306 0.38468899521531097
31 0.3868421052631579 0.38564593301435407 0.382535783405265 0.3818181818181819 0.40550239234449764 0.3866028708133971
30 0.3107655502392344 0.3866028708133971 0.3301435406698564 0.3799043062200957 0.3552631578947368 0.38086124401913873 0.36459330143540664 0.3770334928229665 0.377511961722488 0.38086124401913873 0.38325358851674635 0.38564593301435407 0.37177033492822964 0.3866028708133971 0.3595693779904306 0.38468899521531097 0.3401913875598086 0.38564593301435407 0.32368421052631574 0.38468899521531097
14 0.34521531100478464 0.25645933014354066 0.3767942583732056 0.25263157894736843 0.5583730785388779 0.24784688995215312 0.6401917589918351 0.25263157894736843 0.6545455257789938 0.2660287081339713 0.6696172401447125 0.307177033492823 0.6918660287081339 0.3818181818181819 0.682535885167464 0.38564593301435407 0.6531100478468899 0.3894736842105263 0.5849282296650717 0.3866028708133971 0.4270334928229665 0.3866028708133971 0.30430622009569375 0.3866028708133971 0.3021530642548573 0.3751196172248804 0.3258373002217228 0.29952153110047847 0.3337319353016291 0.27751196172248804
39 0.48732023325931256 0.4765550239234449 0.4787078134203649 0.48421052631578937 0.48754784559742004 0.49261876284348843 0.5059805559574221 0.49473684210526303 0.5184001742721634 0.49200569235928576 0.5239231091608197 0.4842105263157894 0.5178744891570667 0.47759062891113435 0.5060590295924009 0.4713361228606633
59 0.4234449353716754 0.5741626794258373 0.4212918253238284 0.6200956937799044 0.5806221520364565 0.6229665071770335 0.5813398960906183 0.5770334928229666
7 0.3078947368421052 0.755023923444976 0.29641148325358846 0.7741626794258373 0.25550239234449756 0.7732057416267942 0.2504784688995215 0.7636363636363638 0.2476076555023923 0.7253588516746412 0.24976076046212925 0.6736842105263158 0.24760765041428237 0.6535885167464115 0.2511961926012436 0.6401913875598086 0.25550238216827764 0.690909090909091 0.26267942583732057 0.7081339712918662 0.2791866333994731 0.7138755980861243 0.30789482842808436 0.7196172248803827 0.30717703349282294 0.7339712918660287
7 0.7464114832535884 0.6909090909090909 0.7435406698564593 0.7626794258373206 0.7342105263157894 0.7732057416267942 0.69688995215311 0.7741626794258373 0.6875598086124401 0.7626794258373206 0.6861244019138755 0.7205741626794259 0.715550300291769 0.7148325358851673 0.7370813600653583 0.7138755980861246
71 0.28062200956937794 0.43349282296650715 0.30215314566461654 0.4631578947368421 0.3351676371105709 0.49090909090909096 0.3495215870696879 0.5043062200956938 0.36531113198743775 0.5464114832535886 0.31076544847703536 0.5311004784688995 0.2827750738242353 0.522488038277512 0.273444976076555 0.5492822966507177 0.2677033391060767 0.5454545454545454 0.2677032933130871 0.5119617224880383 0.2698563982728241 0.4880382775119617 0.27200951849689087 0.4631578947368421 0.27631572332825477 0.44976076555023925
70 0.7248803827751196 0.5502392344497608 0.7320574417084923 0.5483253588516747 0.729186628311363 0.5129186602870813 0.7306220604504774 0.46698564593301434 0.7198564593301434 0.4344497607655502 0.7148325257089475 0.42488038277511964 0.7105262649083741 0.4468899521531101 0.6588513540902212 0.49569377990430624 0.6459329125918678 0.5177033492822967 0.6351673877931832 0.5435406698564593 0.712679899031546 0.5282296650717704 0.7177033492822966 0.5244019138755981
32 0.6743287965552018 0.6497141794357669 0.6678133665165743 0.6582872252825286 0.669559816183044 0.6721405201725575 0.6798429561130223 0.6739357529838685 0.6875600324892781 0.6650717703349283 0.6839646916570207 0.6532593422191687
33 0.32153090713029064 0.6488038277511963 0.3151389967491881 0.6559656440351885 0.3172246870345969 0.6679425837320575 0.32402292272296435 0.6738609890821633 0.33014334732167816 0.6669856459330145 0.33270361475162724 0.6540699067768871
60 0.3343970491566808 0.6283845348414363 0.3609398666920697 0.6799357809083191 0.6393548416122213 0.6821732556362607 0.6627824093826669 0.6309619719612078
63 0.4183861280623527 0.5080105762104234 0.35306212960229855 0.5025985942765817 0.3689561653590035 0.5456184910894751 0.4282837903228354 0.5600554026030765 0.4455669473477249 0.5656195216031197 0.46794993729403933 0.5499881714603473 0.5343106905769176 0.5503251948142462 0.5594182613343204 0.5634166093905218 0.6313555193225056 0.5456711127649327 0.648243411282174 0.5042294111287235 0.5451691217870278 0.509356687592153 0.5297463992155305 0.5184816235888506 0.4662945025624197 0.5175056362719783 0.4456011047402161 0.5075628883317879
61 0.6714457968681288 0.6382057103376532 0.6537809100068295 0.6830583918112351 0.7005014107032018 0.6822248490936345 0.6884187532203001 0.6553719093986808 0.6786228303609518 0.6382057103376532
62 0.32596464455538315 0.6342797795696355 0.30371584072763197 0.6744711671294442 0.34280711032893096 0.6753047098470445
62 0.27251925199922883 0.6116973172274537 0.2729906165979686 0.6602833123399825 0.2756904346552967 0.6706572755237956 0.2979392384830479 0.6170687587773841 0.2978407962905775 0.6028556112318769 0.28253692264226143 0.5815592305004954 0.2753588350134725 0.5871604586755622
61 0.7198563779203841 0.582775119617225 0.7075646215422096 0.5950224350054695 0.702631497537609 0.6066985645933013 0.7081615468859213 0.6293600494505007 0.7263157080639249 0.676555023923445 0.7301554033555242 0.6420903344547995 0.7269090158595133 0.592877270385179
