0 0.30215311004784684 0.5569377990430622 0.25765550239234447 0.5263157894736842 0.2569377990430622 0.6105263157894737 0.26267942583732057 0.6641148325358853 0.2763157589450244 0.7272727272727273 0.28349282296650713 0.7272727272727273 0.32799064941073747 0.7435406698564593 0.5023936419656453 0.755980861244019 0.5555023923444975 0.755023923444976 0.6200956937799043 0.75311004784689 0.6717703349282296 0.7358851674641148 0.682535885167464 0.7167464114832537 0.701913875598086 0.645933014354067 0.701913875598086 0.6220095693779905 0.701913875598086 0.5760765550239234 0.7033492822966507 0.5454545454545454 0.6624401913875597 0.5722488038277512 0.6552631578947367 0.5913875598086125 0.6394736842105262 0.6162679425837321 0.5892347957522422 0.6277511961722488 0.5318181818181817 0.6267942583732058 0.3839712918660287 0.6200956937799043 0.32368421052631574 0.6076555023923444 0.3114832535885167 0.5904306220095694
9 0.6732057416267943 0.4861244019138756 0.6961722182751682 0.47846889952153115 0.7069377990430621 0.4688995215311004 0.6997607655502391 0.45454545454545453 0.6732057416267943 0.3952153110047847 0.6301435406698563 0.2861244019138756 0.6251196172248803 0.2937799043062201 0.6588516746411482 0.37320574162679426 0.6595693779904306 0.3904306220095693 0.6667464114832535 0.4047846889952153 0.6789473684210524 0.4430622009569378 0.677511961722488 0.4583732057416268
8 0.2935406698564593 0.4717703349282296 0.2899521531100478 0.4354066985645933 0.2942583732057416 0.40861244019138754 0.30430622009569375 0.3818181818181819 0.3114832535885167 0.37224880382775116 0.31220095693779903 0.3492822966507177 0.34449760765550236 0.2822966507177033 0.3409090909090909 0.2708133971291866 0.3294258373205741 0.2966507177033493 0.3078947368421052 0.3416267942583733 0.2942583732057416 0.3712918660287081 0.27990430622009566 0.3952153110047847 0.2677033492822966 0.4229665071770335 0.26052631578947366 0.4449760765550239 0.2727272727272727 0.46220095693779906
12 0.34234448743143553 0.2708133971291866 0.34521531100478464 0.28038277511961723 0.3595693779904306 0.2535885167464115 0.3732057416267942 0.25645933014354066 0.5275119617224879 0.2660287081339713 0.6143540669856459 0.2708133971291866 0.6215311004784688 0.2937799043062201 0.6279904306220095 0.2822966507177033 0.6035885167464115 0.24114832535885167 0.5870813397129186 0.23253588516746412 0.5741626794258372 0.2296650717703349 0.4995215311004785 0.22009569377990432 0.45071770334928224 0.21913875598086124 0.38827751196172244 0.22009569377990432 0.37392344497607655 0.22488038277511962 0.35454545454545455 0.24593301435406698
13 0.32583732057416265 0.6047846889952153 0.36387502312969977 0.6181818181818182 0.46507177033492814 0.6210526315789474 0.5655502392344497 0.6258373205741626 0.6344498319990896 0.6210526315789474 0.653827883487031 0.5980861244019139 0.6574162679425837 0.5684210526315789 0.6789473938616024 0.45167464114832534 0.6617225236550471 0.38947368421052614 0.6344497607655502 0.3952153110047847 0.48803827751196166 0.3875598086124402 0.39114832535885163 0.3818181818181819 0.31507177033492817 0.37224880382775116 0.3035884913058617 0.38468899521531097 0.29066982593067037 0.43636363636363634 0.2949760765550239 0.4717703349282296 0.30430622009569375 0.5550239234449761 0.3165071770334928 0.6028708133971292
15 0.36100478468899516 0.2574162679425837 0.31794258373205736 0.3492822966507177 0.31507177033492817 0.3684210526315789 0.3581340476135153 0.3770334928229665 0.4586124401913875 0.38468899521531097 0.5763157894736841 0.3904306220095693 0.6430621348115085 0.3923444976076555 0.6559808612440192 0.3894736842105263 0.6566985645933013 0.3751196172248804 0.6236842105263157 0.29569377990430623 0.6129186602870813 0.27464114832535885 0.5275119617224879 0.2679425837320574 0.42775113002681936 0.261244019138756
16 0.4909090400279912 0.2057416267942584 0.4858851216711252 0.245933014354067 0.48229664054148336 0.2555023923444976 0.49665068208657936 0.25645933014354066 0.49234445181466585 0.245933014354067
36 0.3064591927645719 0.7090909090909091 0.29497593917605514 0.7196172248803829 0.368181833446148 0.7301435406698564 0.34377976692725126 0.7167464114832537
37 0.613636205904955 0.724401913875598 0.6064591724121321 0.7358851674641148 0.6588515474383995 0.7320574162679427 0.6516745088574664 0.7224880382775118
39 0.4772726458629679 0.46602870813397124 0.46386010216330403 0.4761901974055521 0.46435398557588664 0.48708133971291867 0.4751195358151211 0.49856459330143543 0.4901997944617699 0.5037681783701693 0.5095692965806713 0.4995215311004785 0.5131577522697632 0.47846889952153115 0.4981735314225727 0.4684513855334911
59 0.39904283323600914 0.5157894736842104 0.39617201475077 0.5779904306220096 0.5734451541604032 0.5818181818181818 0.5727274762516709 0.5196172248803828
73 0.7090909090909091 0.47846889952153115 0.7135105927803157 0.5082551757175592 0.704066985645933 0.539712918660287 0.6852807371281715 0.5613745945472078 0.6624401913875597 0.5665071770334928 0.6416266110864148 0.5559808612440191 0.5942577880730969 0.554066985645933 0.5777504380438659 0.5157894736842106 0.5949754659818296 0.5023923444976076 0.675358765176772 0.48899521531100476 0.6961723200373668 0.47751196172248805 0.7090909497957887 0.46698564593301434
72 0.25837320574162675 0.4449760765550239 0.2519138755980861 0.4688995215311004 0.2547846889952153 0.49760765550239233 0.2547846889952153 0.5157894736842106 0.26196172248803823 0.5253588516746411 0.2799041637530171 0.5511961722488038 0.30358854218696124 0.554066985645933 0.32583755462722047 0.5444976076555024 0.3710532777689112 0.5473684210526316 0.386038203299504 0.5301934862664587 0.39473756461687626 0.5100478468899522 0.3805555498746106 0.49869111721647985 0.29641162572066715 0.47368421052631576 0.26913871018787167 0.45645933014354073 0.26411479691911544 0.4507177033492823
