5 0.3681818181818181 0.8583732057416268 0.4722487885634213 0.9052631578947369 0.7363636363636362 0.999043062200957 0.9983253588516745 0.999043062200957 1.0004784688995214 0.8698564593301435 0.9875598086124401 0.8507177033492823 0.9552631578947367 0.7387559808612439 0.9674641148325358 0.6909090909090909 1.0 0.6382775119617224 0.9976076555023923 0.49569377990430624 0.8332535885167464 0.31100478468899523 0.7220095693779903 0.2172248803827751 0.6631578947368421 0.18851674641148325 0.5799043062200956 0.18181818181818182 0.36172248803827745 0.18851674641148325 0.3409090909090909 0.19617224880382775 0.30215311004784684 0.5186602870813397 0.292822966507177 0.5521531100478468 0.2834927924378474 0.615311004784689 0.2978468899521531 0.6889952153110047 0.32583732057416265 0.7588516746411483 0.3437799043062201 0.8181818181818182 0.3538277511961722 0.8421052631578947
7 0.3308612440191388 0.8583732057416268 0.30717703349282294 0.8985645933014355 0.2677033492822966 0.9033492822966507 0.2339712918660287 0.8918660287081339 0.16578947368421051 0.8411483253588518 0.12775119617224878 0.784688995215311 0.11483253588516745 0.7464114832535885 0.12775119617224878 0.7224880382775118 0.1478468899521531 0.6966507177033493 0.18157894736842103 0.7148325358851675 0.21889952153110045 0.7416267942583733 0.2504784688995215 0.7751196172248804 0.2684210526315789 0.7980861244019138 0.3129186602870813 0.8449760765550239
9 0.36172248803827745 0.8593301435406698 0.34449760765550236 0.8516746411483254 0.2899521531100478 0.7875598086124402 0.24258373205741623 0.7349282296650718 0.1944976076555024 0.7014354066985646 0.1263157894736842 0.6602870813397129 0.08827751196172247 0.6507177033492824 0.06387559808612439 0.6449760765550239 0.0416267942583732 0.6497607655502392 0.03660287081339712 0.6641148325358853 0.01866028708133971 0.600956937799043 0.003588425160432346 0.5712918660287082 -0.0007177033492822965 0.4593301435406698 0.013636363636363636 0.46411483253588515 0.06100478468899521 0.47655502392344495 0.12272727272727271 0.48708133971291867 0.13923444976076554 0.48708133971291867 0.1514354066985646 0.4727272727272727 0.23540663750727384 0.22870813397129183 0.23971291866028704 0.20382775119617225 0.3358851674641148 0.19138755980861244 0.32655502392344493 0.2516746411483254 0.3165071770334928 0.3368421052631579 0.30933014354066984 0.4200956937799043 0.30143540669856456 0.4880382775119617 0.3 0.5205741626794258 0.28564593301435404 0.5808612440191387 0.28564593301435404 0.6392344497607656 0.2913875598086124 0.6679425837320574 0.31507177033492817 0.7358851674641148 0.3401913875598086 0.8114832535885167
12 0.9983253588516745 0.49186602870813395 1.0004784688995214 0.3942583732057416 0.8691387559808611 0.26220095693779905 0.7126794258373205 0.14641148325358852 0.6983253588516746 0.14354066985645933 0.6933014354066985 0.13110047846889952 0.6602870813397128 0.11387559808612441 0.6229665071770334 0.10047846889952153 0.5906698564593301 0.09473684210526317 0.49019138755980857 0.09760765550239232 0.44784688995215305 0.09952153110047847 0.31794258373205736 0.11674641148325358 0.2145933014354067 0.1339712918660287 0.13277511961722488 0.15502392344497606 0.07822966507177033 0.17703349282296654 0.06531100478468899 0.19617224880382775 0.038755980861244016 0.2095693779904306 0.02511961722488038 0.23732057416267943 0.0 0.34832535885167465 0.0007177033492822965 0.45645933014354073 0.010765550239234449 0.46124401913875596 0.04162674337727368 0.26889952153110047 0.05454545454545454 0.24401913875598086 0.11196172248803826 0.22488038277511962 0.23684210526315788 0.20095693779904306 0.3401913875598086 0.18564593301435406 0.5691387559808612 0.17703349282296654 0.6531100478468899 0.18468899521531099 0.7363636363636362 0.22392344497607655 0.8110047846889953 0.2889952153110048 0.9014354066985645 0.3818181818181819
16 0.20526315789473681 0.11674641148325358 0.21172248803827748 0.1291866028708134 0.22464114832535884 0.12822966507177033
17 0.23038263265253853 0.8239234449760765 0.22751181925540934 0.8354066985645933 0.2375596661453615 0.8354066985645933
17 0.21459339810949574 0.7952153110047847 0.21028717801380195 0.8095693779904306 0.21889961820518952 0.8076555023923446
17 0.203110251371288 0.7971291866028709 0.1973686245770296 0.8105263157894737 0.20741647146698175 0.8105263157894737
17 0.21172254400748694 0.8162679425837321 0.20813402726107547 0.8287081339712918 0.21531106075389847 0.8287081339712918
17 0.2311005089975592 0.8172248803827751 0.22535888220330083 0.8267942583732057 0.2368421357918176 0.8287081339712918
35 0.2999994046911357 0.6191387559808612 0.3034373062060252 0.6394106269759023 0.30371955618491686 0.6395392264204398 0.3387555025789086 0.6555023923444976 0.38325311023441094 0.6641148325358851 0.4043257617367219 0.6651028532083965 0.4004781076437149 0.6449760765550239 0.3523918662152722 0.6363636363636362 0.326996643686979 0.6228930192136033
47 0.03444949618383272 0.539712918660287 0.027752902741635856 0.5576760572392074 0.030860979437421242 0.5885167464114833 0.047000691304867 0.620469273114965 0.0631577013886639 0.6229665071770335 0.07716537827047552 0.5906284874936393 0.06602844355225378 0.5578947368421052 0.04641254153763304 0.5407503892915619
46 0.16076594711181072 0.8086124401913876 0.20669936342656384 0.8555023923444974 0.25155132057788077 0.8766572297680988 0.2733974178325671 0.8729043405781658 0.27272826490871344 0.8526315789473684 0.25550279939329373 0.8133971291866028 0.20023959570556735 0.7770334928229665 0.17095358046138182 0.7636872546318563 0.15444969031145503 0.7750911822424
56 0.32296650717703346 0.8488038277511962 0.3488038277511961 0.8564593301435407 0.3086124401913875 0.813397129186603 0.24976079099078896 0.7416267942583733 0.20526290857734922 0.7052631578947368 0.17081320378100842 0.6842105263157896 0.133492624530219 0.6669856459330142 0.10406683809074442 0.6545454545454544 0.0653109640798094 0.6440191387559808 0.04090898405878192 0.6516746411483254 0.03732047748859034 0.6688995215311004 0.053110047846889955 0.7052631578947368 0.08468912241805979 0.755980861244019 0.11124401913875596 0.782775119617225 0.12129186602870812 0.7866028708133971 0.09976076555023923 0.7454545454545455 0.07822966507177033 0.7023923444976077 0.0825358851674641 0.6832535885167466 0.0825358851674641 0.6746411483253588 0.12200956937799042 0.6861244019138756 0.1456937799043062 0.6956937799043063 0.18732057416267942 0.7157894736842105 0.22105263157894733 0.7397129186602871 0.26052631578947366 0.783732057416268 0.2784688995215311 0.8057416267942584 0.30933014354066984 0.8373205741626795
67 0.23684210526315788 0.2076555023923445 0.2354066985645933 0.22392344497607655 0.16285662614881993 0.44206494886862235 0.14066985645933014 0.48325358851674644 0.11124401913875596 0.48229665071770333 0.012918660287081338 0.4593301435406698 0.04306217042827808 0.2660287081339713 0.05598085106779923 0.24593301435406698 0.08612447314741493 0.231578947368421 0.1406700599837282 0.21818181818181814 0.2282296905123201 0.20287081339712917
69 0.3681818639748077 0.22009569377990437 0.36244023718054935 0.2746411483253589 0.3473239462037469 0.432020501845474 0.36574530494033736 0.5260033555691186 0.9468881956458404 0.6484342402908797 0.9462273634159629 0.492753289695025 0.7334948124174985 0.26602870813397145 0.6406937416555379 0.22110682583228025 0.4794260103163125 0.21148325358851672
