1 0.099749 0.534504 0.130803 0.609787 0.139272 0.599749 0.158093 0.622334 0.190088 0.644918 0.207967 0.654956 0.227729 0.667503 0.253137 0.672522 0.278545 0.668758 0.303011 0.662484 0.318068 0.661230 0.337829 0.654956 0.346299 0.639900 0.357591 0.628607 0.371706 0.627353 0.387704 0.628607 0.384881 0.661230 0.368883 0.700125 0.347240 0.750314 0.336888 0.784191 0.326537 0.814304 0.333798 0.821791 0.340226 0.823349 0.333214 0.853733 0.271278 0.872431 0.238557 0.875547 0.199408 0.839710 0.180710 0.803872 0.170193 0.796861 0.149158 0.776605 0.131045 0.739988 0.108841 0.674546 0.102414 0.620790 0.089559 0.571708 0.078673 0.511640 0.085439 0.464560 0.100804 0.458953
2 0.875784 0.130430 0.877666 0.154269 0.882703 0.195830 0.888023 0.251815 0.891911 0.290182 0.895022 0.307810 0.901244 0.328549 0.903577 0.352399 0.902799 0.380396 0.895800 0.423948 0.895800 0.452983 0.888800 0.493423 0.872469 0.535938 0.868580 0.556677 0.867149 0.593665 0.908733 0.574616 0.933783 0.558040 0.948912 0.541091 0.960350 0.519015 0.993014 0.456798 0.999752 0.431559 0.999059 0.299815 0.999752 0.180662 0.999752 0.148916 0.996236 0.130430 0.989649 0.130430
64 0.898917 0.248803 0.903388 0.306148 0.914680 0.311167 0.989962 0.292346 0.981493 0.243413 0.977175 0.209918 0.973952 0.184915 0.971142 0.163112 0.965496 0.149310 0.918444 0.153074 0.890213 0.150565 0.887619 0.187296 0.889272 0.166876 0.902433 0.255096
65 0.972710 0.151819 0.985885 0.227102 0.993413 0.291092 0.997491 0.281054 0.998432 0.210790 0.995609 0.184442 0.986198 0.148055
4 0.695420 0.356336 0.759410 0.343789 0.793287 0.336261 0.845044 0.324969 0.873275 0.317440 0.873814 0.289338 0.873268 0.257446 0.871940 0.225096 0.868554 0.174157 0.866743 0.159690 0.864227 0.147546 0.844288 0.147567 0.794973 0.154087 0.778239 0.158350 0.768821 0.179423 0.750000 0.214555 0.730238 0.263488 0.729297 0.297365 0.727728 0.310553 0.737767 0.347553 0.720828 0.351317 0.703785 0.356114 0.696297 0.355937 0.686010 0.345044 0.684017 0.341547 0.687718 0.329299 0.703890 0.293601 0.722710 0.254705 0.741531 0.207026 0.761292 0.164366 0.768501 0.149463 0.780113 0.139272 0.803639 0.134253 0.835634 0.127980 0.871393 0.131744 0.876098 0.143036 0.882685 0.189460 0.886449 0.220828 0.895859 0.303639 0.898683 0.314931 0.901506 0.343789 0.901506 0.375157 0.894918 0.417817 0.895859 0.445420 0.895859 0.457967 0.892095 0.474279 0.875157 0.526976 0.866688 0.588457 0.857277 0.595985 0.778231 0.637390 0.701066 0.673777 0.662484 0.690088 0.660730 0.657486 0.669071 0.617315 0.672837 0.560853 0.675604 0.501882 0.675659 0.455458 0.679423 0.405270 0.678641 0.385170 0.675174 0.370014 0.676388 0.362228 0.678482 0.355082 0.684128 0.341280 0.694479 0.352572
6 0.388116 0.275824 0.341196 0.283537 0.309940 0.293505 0.258926 0.307532 0.168300 0.341811 0.141306 0.359808 0.129736 0.388088 0.140020 0.424081 0.168943 0.467787 0.195938 0.486641 0.219719 0.503781 0.254427 0.524348 0.270495 0.510636 0.279501 0.503190 0.300679 0.492933 0.322383 0.480747 0.442203 0.432295 0.555870 0.398372 0.598290 0.386374 0.601092 0.384367 0.618873 0.371629 0.623357 0.348667
7 0.485571 0.603513 0.534504 0.604768 0.572755 0.641141 0.588309 0.662823 0.607398 0.689218 0.616589 0.721269 0.619417 0.770288 0.603156 0.857957 0.581239 0.889066 0.543915 0.929736 0.504391 0.957340 0.451694 0.968632 0.398996 0.948557 0.357591 0.899624 0.343476 0.829360 0.379235 0.755333 0.444166 0.634881
7 0.996550 0.493099 0.976788 0.526976 0.976788 0.570891 0.980552 0.583438 0.945734 0.602258 0.940088 0.609787 0.953262 0.626098 0.984316 0.643664 0.994668 0.646173 0.997491 0.639900
57 0.663422 0.726697 0.657116 0.728977 0.657850 0.743414 0.637240 0.786700 0.624408 0.775294 0.618420 0.717121 0.614998 0.698871 0.611871 0.669445 0.607241 0.624912 0.604836 0.593119 0.599311 0.575835 0.586767 0.561994 0.559434 0.563282 0.521431 0.575496 0.454318 0.621038 0.435325 0.645293 0.347232 0.812935 0.339606 0.823259 0.326894 0.816190 0.345792 0.755945 0.385557 0.657408 0.387151 0.636772 0.387267 0.629440 0.397885 0.615792 0.416288 0.589624 0.434132 0.570101 0.449497 0.553908 0.465609 0.539544 0.482398 0.532337 0.517932 0.512447 0.530568 0.507166 0.546271 0.503740 0.578821 0.506278 0.606389 0.515440 0.623552 0.530056 0.650928 0.591650 0.662098 0.666665 0.664111 0.705715
12 0.658720 0.335006 0.675659 0.355082 0.767965 0.148867 0.780113 0.140527 0.793324 0.133680 0.999373 0.126725 0.999752 0.117416 0.993726 0.110414 0.845044 0.096612 0.793287 0.096612 0.729297 0.096612 0.667189 0.100376 0.609787 0.109159 0.574975 0.114911 0.532622 0.131744 0.640841 0.124216 0.673777 0.124216 0.738708 0.138018 0.744354 0.149310
46 0.427227 0.805521 0.420131 0.845627 0.431932 0.887077 0.454024 0.912546 0.486512 0.914680 0.520201 0.898871 0.538269 0.878294 0.557024 0.853695 0.574028 0.823087 0.580248 0.772825 0.571692 0.737846 0.544092 0.714305 0.512958 0.710555 0.479925 0.728984 0.453950 0.755087 0.436721 0.779032
14 0.739649 0.148055 0.654015 0.336261 0.413112 0.267252 0.531681 0.136763 0.604141 0.130489 0.649310 0.127980 0.724592 0.138018
16 0.956861 0.071647 0.938358 0.102606 0.934367 0.104058 0.951782 0.075033
17 0.478793 0.825231 0.476470 0.826996 0.475403 0.830894 0.476903 0.834989 0.479990 0.834809 0.482723 0.834980 0.484349 0.833016 0.484380 0.830552 0.481593 0.827898
17 0.516833 0.783348 0.517159 0.786225 0.518633 0.790431 0.520153 0.791607 0.521517 0.790360 0.521910 0.788467 0.522639 0.787335 0.521979 0.783140 0.518811 0.781529
17 0.504629 0.759526 0.501325 0.760718 0.501136 0.766713 0.504146 0.771115 0.507841 0.770939 0.509941 0.765965 0.508701 0.760269
17 0.476873 0.770538 0.475628 0.775478 0.478238 0.777971 0.480001 0.779655 0.483137 0.779097 0.485237 0.775148 0.484252 0.770090 0.480371 0.768134
17 0.465997 0.800156 0.463542 0.804044 0.463944 0.807884 0.465945 0.812256 0.470508 0.811696 0.472409 0.808910 0.472682 0.804731 0.471501 0.800516 0.468831 0.799342
20 0.740590 0.250941 0.733061 0.287327 0.727415 0.338770 0.740590 0.338770 0.751882 0.338770 0.779172 0.327478 0.786700 0.283563 0.785759 0.255960 0.779172 0.247177
22 0.557402 0.314514 0.533983 0.299706 0.508960 0.289756 0.463744 0.283903 0.463305 0.279805 0.507204 0.285073 0.531788 0.293853 0.559006 0.307316
23 0.557186 0.315660 0.561274 0.310935 0.576539 0.320385 0.584716 0.328017 0.592076 0.333832 0.593984 0.338194 0.586897 0.340011 0.579810 0.331652
28 0.559251 0.782301 0.562786 0.788899 0.564406 0.791485 0.566393 0.790216 0.567028 0.784186 0.562978 0.779774 0.560108 0.779599
29 0.640557 0.532491 0.648334 0.539090 0.660353 0.532491 0.660353 0.522121 0.647627 0.525892
30 0.417849 0.254401 0.430575 0.280796 0.436231 0.274197
31 0.434110 0.285509 0.439059 0.297764 0.443301 0.293993 0.439766 0.278910
32 0.193568 0.726285 0.189941 0.721701 0.189028 0.724743 0.191093 0.743721 0.194615 0.755310 0.196798 0.760469 0.198959 0.765888 0.203209 0.767620 0.202507 0.758699 0.201043 0.748081 0.196580 0.737019
35 0.860100 0.375157 0.858218 0.393977 0.881744 0.388959 0.880803 0.372647
39 0.129862 0.446675 0.111041 0.537014 0.099749 0.499373
44 0.143977 0.626098 0.143036 0.642409 0.151824 0.656067 0.158289 0.665724 0.162798 0.668758 0.178795 0.642409 0.172911 0.636032 0.153722 0.622321
45 0.086310 0.437657 0.084561 0.438664 0.083181 0.441298 0.081605 0.450204 0.084223 0.459105 0.085310 0.462716 0.085904 0.464030 0.101072 0.458946 0.102390 0.453046 0.097603 0.446440 0.090871 0.438206
51 0.664366 0.698871 0.926913 0.565872 0.957026 0.535759 0.973965 0.534504 0.974906 0.579674 0.706713 0.732748 0.671895 0.740276 0.665307 0.726474
55 0.955144 0.534504 0.974906 0.530740 0.998432 0.484316 0.999373 0.449184 0.976029 0.492400
10 0.626608 0.349847 0.640047 0.345172 0.650565 0.341277 0.656992 0.336602 0.675690 0.356858 0.673937 0.376335 0.677443 0.388800 0.673937 0.447231 0.671600 0.458138 0.675105 0.493196 0.675777 0.528446 0.673353 0.555522 0.673937 0.568766 0.666341 0.614731 0.659914 0.651348 0.654070 0.593697 0.633620 0.547731 0.627192 0.532929 0.606157 0.513452 0.583370 0.506440 0.546558 0.504103 0.529029 0.507998 0.516174 0.513452 0.468846 0.537603 0.455991 0.548510 0.426192 0.578115 0.412753 0.597592 0.391133 0.627197 0.356659 0.626418 0.364255 0.601487 0.356075 0.576557 0.349648 0.556301 0.337377 0.542278 0.327444 0.534487 0.307558 0.534944 0.293554 0.535266 0.264339 0.529033 0.262857 0.526398 0.260833 0.522801 0.270586 0.509144 0.292970 0.497871 0.311668 0.488522 0.333871 0.477615 0.355389 0.466884 0.386763 0.455738 0.444780 0.433384 0.490504 0.418218 0.547143 0.402824 0.581032 0.393475 0.594471 0.385684 0.607910 0.382568 0.618428 0.369323
59 0.067754 0.523212 0.079487 0.548055 0.091794 0.592787 0.100690 0.618570 0.109159 0.673777 0.096926 0.642409 0.079987 0.598494 0.067366 0.548523
61 0.161609 0.702375 0.155605 0.709876 0.157546 0.726339 0.163491 0.734997 0.170009 0.741841 0.174731 0.746220 0.180430 0.747544 0.184717 0.742057 0.183520 0.721693 0.180300 0.711364 0.169537 0.703926
63 0.139272 0.461731 0.129862 0.521957 0.143977 0.549561 0.150565 0.558344 0.167980 0.528416 0.177665 0.514990 0.183813 0.506901 0.148105 0.465734
63 0.120452 0.417817 0.112923 0.437892 0.109159 0.450439 0.109159 0.462986 0.112923 0.465496 0.123275 0.449184 0.128921 0.437892
68 0.778333 0.158945 0.802757 0.153803 0.826539 0.150376 0.838675 0.148712 0.849034 0.147805 0.861566 0.147182 0.865103 0.151233 0.868014 0.173514 0.869900 0.187936 0.870245 0.193225 0.872459 0.253427 0.873325 0.295485 0.873042 0.315369 0.824577 0.326969 0.777048 0.333769 0.785403 0.304632 0.787974 0.265211 0.785110 0.255745 0.783778 0.251146 0.778568 0.245524 0.762530 0.245147 0.747482 0.246357 0.736556 0.256641 0.730771 0.282351 0.728843 0.304632 0.731414 0.262640 0.747250 0.222284
70 0.187265 0.513174 0.168444 0.540778 0.154329 0.572146 0.150565 0.585947 0.214555 0.631117 0.237139 0.641154 0.260665 0.644918 0.287014 0.642409 0.316186 0.634881 0.331242 0.631117 0.344417 0.617315 0.346299 0.606023 0.344417 0.593476 0.331242 0.567127 0.323714 0.559599 0.300188 0.559599 0.278545 0.558344 0.265370 0.555834 0.250314 0.545797 0.200439 0.520703
1 0.139424 0.363059 0.123001 0.391879 0.121069 0.406688 0.123967 0.420853 0.130904 0.439087 0.112606 0.463873 0.111744 0.458024 0.113910 0.447019 0.115806 0.430560 0.122231 0.417009 0.120914 0.400816 0.112661 0.416858 0.108599 0.430508 0.104673 0.447636 0.100521 0.462097 0.100882 0.489805 0.101975 0.499133 0.107264 0.483841 0.134590 0.443388 0.138936 0.453690 0.188675 0.508418 0.190387 0.514932 0.197752 0.521184 0.249037 0.542543 0.267135 0.555615 0.281926 0.558835 0.295878 0.556064 0.319341 0.558093 0.332095 0.565722 0.342719 0.583106 0.348514 0.605641 0.344650 0.620450 0.333692 0.631114 0.327043 0.636787 0.305347 0.641528 0.288974 0.644742 0.247790 0.644570 0.201947 0.625081 0.162764 0.596056 0.150428 0.588316 0.156306 0.568329 0.173470 0.532394 0.190715 0.510985 0.185162 0.507334 0.176601 0.517129 0.153132 0.559688 0.132288 0.534137 0.131199 0.527848 0.127934 0.522044 0.130837 0.509466 0.141721 0.460608 0.138456 0.452385 0.134828 0.448515 0.131562 0.455287 0.128297 0.468348 0.122855 0.493019 0.115236 0.527848 0.112696 0.540910 0.101576 0.503578 0.101071 0.510002 0.100035 0.526299 0.099997 0.536043 0.109114 0.557935 0.116687 0.571869 0.132288 0.609601 0.141721 0.597991 0.143017 0.604841 0.148614 0.608634 0.163489 0.624597 0.196868 0.646849 0.222264 0.661845 0.254554 0.671036 0.329292 0.656524 0.338000 0.653138 0.351424 0.632821 0.355414 0.628951 0.362671 0.602345 0.357228 0.575739 0.351948 0.566445 0.346707 0.555906 0.338000 0.543812 0.329175 0.537023 0.316382 0.535010 0.294100 0.536556 0.270880 0.533170 0.261155 0.520716 0.252377 0.525914 0.245121 0.521076 0.211017 0.499308 0.194691 0.488182 0.180904 0.477539 0.162401 0.460124 0.150791 0.442226 0.138093 0.419490 0.133739 0.404978 0.130474 0.393852 0.131925 0.384177 0.136642 0.372083
