1 0.033095 0.624503 0.072337 0.697420 0.080657 0.685872 0.102645 0.706371 0.138793 0.724963 0.158791 0.732696 0.181008 0.742737 0.208707 0.744219 0.235722 0.736670 0.261529 0.726676 0.277614 0.723206 0.298364 0.713894 0.306294 0.697185 0.317550 0.683938 0.332624 0.680604 0.349915 0.679578 0.349423 0.713533 0.335260 0.755846 0.315908 0.810588 0.307423 0.846923 0.298644 0.879387 0.307032 0.886035 0.314061 0.886707 0.308892 0.918966 0.243782 0.947160 0.208856 0.955102 0.163988 0.923919 0.141100 0.889774 0.129249 0.884086 0.105063 0.866303 0.082742 0.831272 0.053779 0.767192 0.042682 0.712845 0.025042 0.664235 0.008661 0.604042 0.012265 0.554650 0.028342 0.546660
2 0.835676 0.096632 0.839556 0.120873 0.848208 0.162881 0.858288 0.219681 0.865457 0.258571 0.870174 0.276248 0.878477 0.296673 0.882843 0.320860 0.884188 0.349763 0.880059 0.395561 0.882321 0.425417 0.877950 0.468016 0.863709 0.514099 0.861146 0.535988 0.862490 0.574230 0.905700 0.548622 0.931331 0.527949 0.946270 0.508330 0.956844 0.483973 0.987102 0.415266 0.992644 0.388301 0.981367 0.252964 0.973094 0.130301 0.970621 0.097657 0.965135 0.079192 0.958055 0.080146
64 0.869762 0.215006 0.879035 0.273327 0.891563 0.276853 0.971009 0.246600 0.958093 0.197508 0.950843 0.163690 0.945430 0.138446 0.940711 0.116432 0.933567 0.103057 0.883290 0.113740 0.852753 0.115247 0.852827 0.153394 0.853012 0.132156 0.874031 0.220969
65 0.941517 0.104593 0.961542 0.180099 0.974619 0.244811 0.978220 0.233898 0.973756 0.161510 0.968669 0.134824 0.955720 0.098770
4 0.659427 0.355047 0.727224 0.332880 0.763048 0.320234 0.817795 0.301128 0.847551 0.289299 0.845941 0.260324 0.842868 0.227607 0.838920 0.194534 0.831312 0.142644 0.828238 0.128029 0.824588 0.115906 0.803159 0.118814 0.750664 0.132659 0.733012 0.139465 0.724531 0.162498 0.707040 0.201349 0.689614 0.254529 0.691242 0.289502 0.690583 0.303290 0.704256 0.339884 0.686344 0.346207 0.668400 0.353607 0.660338 0.354509 0.648433 0.344797 0.646019 0.341490 0.649042 0.328359 0.663641 0.289309 0.680839 0.246588 0.697351 0.194834 0.715267 0.148105 0.721853 0.131737 0.733539 0.119576 0.758433 0.111009 0.792332 0.099925 0.831058 0.098619 0.836995 0.109550 0.847692 0.156334 0.854182 0.188045 0.870749 0.271837 0.874663 0.283040 0.879946 0.312307 0.882390 0.344562 0.878634 0.389384 0.881796 0.417632 0.882774 0.430534 0.879999 0.447852 0.865900 0.504494 0.861588 0.568941 0.852061 0.578045 0.770330 0.632067 0.690230 0.680656 0.650034 0.703015 0.645608 0.669744 0.651443 0.627228 0.651091 0.568623 0.649470 0.507582 0.645911 0.459836 0.646046 0.407682 0.643640 0.387126 0.638733 0.372043 0.639430 0.363861 0.641124 0.356209 0.646117 0.341199 0.658122 0.351312
6 0.322869 0.316748 0.273042 0.331473 0.240225 0.346249 0.186489 0.368059 0.091758 0.416430 0.064147 0.438844 0.053916 0.469600 0.067773 0.505123 0.102265 0.545879 0.132747 0.561358 0.159642 0.575539 0.198548 0.591664 0.214750 0.575238 0.223848 0.566276 0.245811 0.552663 0.268189 0.536990 0.393193 0.469817 0.512717 0.418477 0.557374 0.399998 0.560229 0.397529 0.578347 0.381855 0.581377 0.357594
7 0.453145 0.639604 0.505836 0.633809 0.549780 0.665674 0.568187 0.685718 0.590761 0.710096 0.603136 0.741724 0.609996 0.791721 0.599349 0.884226 0.578217 0.919389 0.541271 0.966615 0.500943 0.999669 0.445185 0.999669 0.386982 0.999669 0.338668 0.962626 0.318022 0.892417 0.350687 0.811117 0.411088 0.677854
7 0.993731 0.452082 0.975131 0.489780 0.978553 0.534937 0.983577 0.547295 0.947621 0.571689 0.942139 0.580248 0.957570 0.595113 0.992315 0.608680 0.999752 0.609762 0.999752 0.602902
57 0.653894 0.740525 0.647295 0.743783 0.649208 0.758522 0.630430 0.806017 0.615749 0.796146 0.604781 0.737193 0.599681 0.718922 0.594027 0.689115 0.585581 0.643993 0.580519 0.611648 0.573234 0.594675 0.558673 0.582258 0.529397 0.587540 0.489504 0.605602 0.420921 0.662150 0.402398 0.689841 0.320780 0.874983 0.313388 0.886704 0.299175 0.881275 0.314791 0.816589 0.349852 0.709505 0.349958 0.688054 0.349510 0.680497 0.359859 0.664925 0.377599 0.635352 0.395256 0.612694 0.410508 0.593818 0.426707 0.576714 0.444189 0.566872 0.480831 0.541275 0.494000 0.534015 0.510610 0.528218 0.545792 0.526115 0.576135 0.531545 0.595721 0.544090 0.629943 0.603464 0.647794 0.678985 0.653000 0.718848
12 0.618320 0.338427 0.638090 0.356618 0.721231 0.131201 0.733637 0.120866 0.747303 0.111913 0.968217 0.074928 0.968074 0.065277 0.960878 0.058973 0.800002 0.066307 0.744375 0.073801 0.675600 0.083066 0.609141 0.095929 0.548130 0.113271 0.511163 0.124226 0.466955 0.147668 0.582679 0.124258 0.618078 0.119489 0.688940 0.124281 0.695888 0.135075
46 0.406179 0.855777 0.401677 0.898046 0.417591 0.938961 0.443319 0.961952 0.478403 0.959443 0.513379 0.938309 0.531194 0.914533 0.549436 0.886523 0.565326 0.852586 0.568095 0.800000 0.556174 0.765271 0.524676 0.745059 0.490922 0.745710 0.456854 0.769444 0.430971 0.800047 0.414319 0.827165
14 0.690734 0.134466 0.613361 0.340398 0.349066 0.304315 0.466335 0.152965 0.543723 0.136023 0.592075 0.126902 0.673769 0.126324
16 0.918235 0.024446 0.900761 0.058961 0.896585 0.061031 0.913040 0.028663
17 0.463137 0.868580 0.460778 0.870730 0.459935 0.874894 0.461865 0.878887 0.465170 0.878256 0.468121 0.878035 0.469714 0.875781 0.469557 0.873242 0.466354 0.870916
17 0.500758 0.820004 0.501333 0.822914 0.503244 0.827026 0.504970 0.828016 0.506339 0.826535 0.506613 0.824533 0.507309 0.823263 0.506272 0.819044 0.502742 0.817846
17 0.485785 0.797274 0.482327 0.798978 0.482591 0.805170 0.486169 0.809261 0.490127 0.808545 0.491995 0.803126 0.490220 0.797449
17 0.456812 0.812616 0.455858 0.817876 0.458857 0.820062 0.460884 0.821539 0.464211 0.820510 0.466160 0.816146 0.464708 0.811087 0.460384 0.809638
17 0.447430 0.844647 0.445095 0.849000 0.445826 0.852892 0.448317 0.857097 0.453177 0.855861 0.455003 0.852721 0.454971 0.848384 0.453374 0.844221 0.450413 0.843400
20 0.699762 0.240128 0.694506 0.278635 0.692446 0.332351 0.706605 0.330444 0.718742 0.328809 0.747193 0.313246 0.751862 0.266998 0.748700 0.238749 0.740936 0.230672
22 0.507829 0.332023 0.481505 0.320188 0.453836 0.313578 0.404782 0.314106 0.403990 0.309956 0.451584 0.309017 0.478690 0.314486 0.508992 0.324389
23 0.507686 0.333234 0.511712 0.327783 0.528855 0.335290 0.538238 0.341954 0.546601 0.346869 0.548992 0.351077 0.541517 0.353972 0.533248 0.346402
28 0.546266 0.812785 0.550579 0.819059 0.552522 0.821483 0.554559 0.819890 0.554771 0.813598 0.550075 0.809647 0.546977 0.809883
29 0.614187 0.544131 0.623060 0.549791 0.635463 0.541265 0.634655 0.530602 0.621271 0.536322
30 0.353156 0.290414 0.368891 0.315713 0.374456 0.308109
31 0.373057 0.320048 0.379331 0.331934 0.383597 0.327442 0.378622 0.312444
32 0.148873 0.808129 0.144618 0.803940 0.143873 0.807201 0.147572 0.826417 0.152260 0.837824 0.155008 0.842813 0.157753 0.848072 0.162456 0.849238 0.161006 0.840167 0.158605 0.829459 0.152947 0.818731
35 0.837888 0.350557 0.837332 0.370183 0.862226 0.361616 0.859943 0.344979
39 0.058616 0.529827 0.045427 0.625448 0.030357 0.588376
44 0.087768 0.712285 0.088027 0.729195 0.098537 0.741967 0.106237 0.750961 0.111320 0.753428 0.126460 0.724017 0.119639 0.718311 0.097946 0.706990
45 0.011105 0.526859 0.009303 0.528149 0.008026 0.531057 0.007025 0.540443 0.010533 0.549216 0.011982 0.552773 0.012723 0.554038 0.028629 0.546614 0.029586 0.540356 0.023926 0.534256 0.016049 0.526764
51 0.652741 0.711774 0.924558 0.536998 0.954576 0.501672 0.972684 0.497930 0.977215 0.544241 0.700894 0.740479 0.664059 0.753261 0.655903 0.740023
55 0.952456 0.500655 0.973402 0.493923 0.995069 0.442778 0.993343 0.406516 0.971622 0.454335
10 0.584963 0.358337 0.599043 0.351584 0.610044 0.346056 0.616587 0.340318 0.638262 0.358440 0.637895 0.378722 0.642635 0.391033 0.643420 0.451625 0.641757 0.463179 0.648257 0.498722 0.651726 0.534873 0.651230 0.563066 0.652890 0.576601 0.648307 0.624967 0.644252 0.663551 0.633480 0.605113 0.607919 0.560808 0.599857 0.546517 0.575732 0.529534 0.550693 0.525623 0.510947 0.528550 0.492411 0.535093 0.479020 0.542562 0.430034 0.574250 0.417068 0.587327 0.387347 0.622084 0.374420 0.644058 0.353491 0.677631 0.316379 0.681821 0.322600 0.655085 0.311865 0.630634 0.303379 0.610735 0.289098 0.598091 0.277815 0.591518 0.256478 0.594867 0.241452 0.597226 0.209567 0.595047 0.207768 0.592551 0.205313 0.589145 0.214731 0.573690 0.237910 0.558856 0.257278 0.546536 0.280292 0.532105 0.302583 0.517955 0.335434 0.501952 0.396048 0.470565 0.444009 0.448349 0.503684 0.424319 0.539379 0.409798 0.553216 0.399841 0.567417 0.394691 0.577689 0.379549
59 0.000000 0.617523 0.012374 0.641371 0.029087 0.685587 0.040657 0.710811 0.054061 0.766355 0.038469 0.735871 0.016842 0.693165 0.000000 0.643607
61 0.112661 0.788169 0.106793 0.796752 0.110162 0.813399 0.117226 0.821442 0.124764 0.827536 0.130181 0.831355 0.136409 0.831892 0.140589 0.825628 0.137716 0.804862 0.133450 0.794706 0.121303 0.788616
63 0.069903 0.543947 0.064482 0.607241 0.081804 0.633582 0.089568 0.641660 0.105953 0.608364 0.115317 0.593155 0.121294 0.583947 0.079709 0.546784
63 0.046253 0.501514 0.039726 0.523248 0.036658 0.536695 0.037636 0.549598 0.041877 0.551633 0.051732 0.533361 0.056920 0.520932
68 0.733160 0.140064 0.759009 0.131240 0.784302 0.124272 0.797216 0.120804 0.808279 0.118371 0.821700 0.115917 0.825816 0.119570 0.830682 0.142060 0.833832 0.156618 0.834615 0.162006 0.841686 0.223592 0.845894 0.266715 0.847139 0.287203 0.795954 0.306149 0.745400 0.320023 0.752110 0.288851 0.751802 0.247942 0.747985 0.238622 0.746196 0.234086 0.740158 0.229059 0.722891 0.230994 0.706812 0.234417 0.695870 0.246574 0.691656 0.273849 0.691320 0.297040 0.690811 0.253487 0.704687 0.209696
70 0.125493 0.589898 0.107416 0.621008 0.094689 0.655307 0.091719 0.670044 0.164013 0.707228 0.189069 0.714280 0.214647 0.714744 0.242771 0.708349 0.273538 0.696384 0.289427 0.690333 0.302511 0.674233 0.303654 0.662349 0.300653 0.649719 0.284441 0.624532 0.275763 0.617881 0.250478 0.621287 0.227118 0.623130 0.212763 0.622457 0.195798 0.614315 0.140239 0.595732
1 0.062378 0.442459 0.046972 0.474474 0.046050 0.489981 0.050268 0.504128 0.059145 0.521874 0.041410 0.550011 0.040027 0.544120 0.041498 0.532490 0.042253 0.515291 0.048102 0.500427 0.045425 0.483966 0.037805 0.501656 0.034503 0.516281 0.031619 0.534462 0.028282 0.549933 0.030830 0.578374 0.032731 0.587808 0.037224 0.571317 0.063442 0.525763 0.068916 0.535727 0.126638 0.584803 0.128985 0.591254 0.137389 0.596616 0.194173 0.611154 0.214643 0.621976 0.230791 0.623145 0.245570 0.618276 0.270945 0.616966 0.285248 0.622964 0.298021 0.639302 0.306005 0.661636 0.303007 0.677424 0.292060 0.689975 0.285355 0.696773 0.262407 0.704789 0.245060 0.710464 0.200782 0.716250 0.149993 0.702847 0.105618 0.678674 0.091757 0.672500 0.096517 0.651096 0.112164 0.611659 0.129031 0.587147 0.122777 0.584197 0.114340 0.595509 0.092432 0.642670 0.068038 0.619414 0.066378 0.613105 0.062417 0.607608 0.064556 0.594255 0.072447 0.542438 0.068297 0.534454 0.064096 0.531000 0.061114 0.538437 0.058623 0.552340 0.054696 0.578498 0.049221 0.615416 0.047509 0.629215 0.032648 0.592437 0.032607 0.599116 0.032763 0.616024 0.033481 0.626049 0.044986 0.647240 0.054211 0.660473 0.073918 0.697014 0.083152 0.683710 0.085079 0.690566 0.091390 0.693655 0.108622 0.707917 0.146230 0.725967 0.174694 0.737710 0.210115 0.742486 0.289311 0.716742 0.298406 0.712000 0.311250 0.689164 0.315238 0.684606 0.320964 0.656197 0.313041 0.629626 0.306641 0.620833 0.300188 0.610754 0.289887 0.599579 0.279874 0.593876 0.265967 0.593658 0.242139 0.598473 0.216919 0.598353 0.205496 0.586954 0.196467 0.593570 0.188291 0.589647 0.149941 0.572200 0.131527 0.563122 0.115880 0.554175 0.094636 0.538946 0.080763 0.522222 0.065344 0.500681 0.059534 0.486388 0.055158 0.475420 0.055963 0.465261 0.060090 0.452142
