0 0.384650 0.558119 0.400260 0.628538 0.415081 0.652164 0.433062 0.648491 0.447329 0.638806 0.467026 0.632362 0.550463 0.628481 0.793010 0.620719 0.806108 0.600022 0.819205 0.521113 0.813869 0.508824 0.781368 0.508824 0.786704 0.519820 0.773606 0.537283 0.757113 0.545691 0.737709 0.550866 0.471877 0.565095 0.443742 0.545045 0.438891 0.529521 0.427249 0.526934 0.404449 0.534049 0.395232 0.537930 0.383590 0.549572
2 0.394262 0.310259 0.368067 0.433796 0.362246 0.495888 0.369522 0.478425 0.371645 0.466868 0.375343 0.446732 0.379709 0.415039 0.390381 0.346479 0.408815 0.283740
4 0.360791 0.470663 0.355455 0.515939 0.351574 0.550866 0.355455 0.614898 0.364671 0.645944 0.364186 0.672463 0.353514 0.676990 0.351574 0.609077 0.348178 0.563155 0.350604 0.512058 0.356425 0.452553 0.385045 0.341951 0.365156 0.438970
7 0.532514 0.645944 0.536395 0.672463 0.573262 0.663408 0.630018 0.660821 0.666400 0.664701 0.682408 0.664054 0.679983 0.633655 0.637780 0.629774 0.610129 0.630421 0.561135 0.638183 0.539791 0.642710
7 0.367582 0.711270 0.370978 0.777890 0.377769 0.812170 0.387471 0.821872 0.429674 0.813464 0.434040 0.788239 0.438891 0.713858 0.414151 0.711270 0.383105 0.709977 0.373403 0.671816 0.370978 0.650472
7 0.726067 0.695747 0.735769 0.743610 0.759053 0.720972 0.781368 0.726793 0.808533 0.733261 0.813384 0.693160 0.785249 0.687986 0.762934 0.689926 0.742560 0.689926
7 0.326349 0.689926 0.330230 0.762367 0.337021 0.796647 0.347693 0.810876 0.371948 0.808289 0.365156 0.717738 0.346723 0.717738 0.340417 0.712564 0.331200 0.643357 0.326349 0.658880 0.324894 0.676990
7 0.634869 0.730674 0.645056 0.775303 0.664460 0.764954 0.690170 0.764307 0.705208 0.760427 0.705693 0.718385 0.676102 0.717738 0.645541 0.721619
8 0.400083 0.527581 0.437921 0.523700 0.435010 0.468723 0.410755 0.470663 0.394262 0.470017 0.394262 0.439617 0.398628 0.394989 0.386501 0.409865 0.372918 0.490067 0.379224 0.522407 0.380679 0.536636 0.381650 0.546985
9 0.782338 0.449966 0.780883 0.504297 0.812414 0.506884 0.810473 0.447379
10 0.352059 0.467429 0.338961 0.501709 0.335081 0.531462 0.345753 0.554746 0.340902 0.590967 0.346723 0.615545 0.348663 0.625894 0.348178 0.521760
12 0.402024 0.371057 0.433555 0.359415 0.448593 0.257868 0.451018 0.239758 0.470907 0.233937 0.718791 0.226176 0.742560 0.261102 0.771181 0.342598 0.795921 0.350360 0.745956 0.236524 0.720246 0.201597 0.628078 0.197717 0.579083 0.198363 0.466541 0.209359 0.433070 0.244933 0.434040 0.252047 0.414636 0.312846 0.403964 0.359415
13 0.431129 0.400163 0.441316 0.534696 0.466541 0.558627 0.478184 0.562508 0.749837 0.545691 0.783308 0.519820 0.778457 0.496535 0.777002 0.381406 0.631959 0.384640 0.438891 0.396929
15 0.451503 0.241699 0.433555 0.365883 0.433070 0.395635 0.775547 0.378819 0.768755 0.343892 0.740620 0.262396 0.718791 0.229410 0.522812 0.233937 0.470907 0.235231 0.459265 0.239111
16 0.584445 0.097553 0.575688 0.195776 0.580539 0.192542
29 0.337021 0.556040 0.333140 0.562508 0.336536 0.566389 0.340417 0.561214 0.342357 0.557334
36 0.453906 0.583333 0.448438 0.619792 0.510156 0.616667 0.507031 0.583333
37 0.735937 0.571875 0.735156 0.596875 0.783594 0.596875 0.780469 0.569792
38 0.543750 0.422917 0.543750 0.438542 0.674219 0.431250 0.675000 0.415625
39 0.610937 0.390625 0.602344 0.415625 0.617969 0.417708
40 0.308594 0.408333 0.314063 0.450000 0.348437 0.466667 0.354688 0.445833 0.354688 0.416667 0.343750 0.400000 0.318750 0.397917
46 0.372656 0.708333 0.375781 0.765625 0.378906 0.790625 0.380469 0.723958
46 0.335156 0.680208 0.332405 0.719092 0.333594 0.735417 0.339063 0.782292 0.340625 0.746875 0.341406 0.710417
55 0.384375 0.701042 0.436719 0.706250 0.432813 0.655208 0.410937 0.652083 0.387500 0.591667 0.374219 0.516667 0.371094 0.485417 0.358594 0.512500 0.364844 0.550000 0.373437 0.643750 0.378125 0.676042
57 0.328125 0.642708 0.320312 0.627083 0.325000 0.545833 0.334375 0.537500 0.343750 0.554167 0.336719 0.584375 0.346094 0.630208 0.350000 0.670833 0.343750 0.687500 0.334375 0.656250
56 0.765625 0.631250 0.767187 0.687500 0.823438 0.680208 0.823438 0.583333 0.817187 0.547917 0.803125 0.612500 0.787500 0.627083
59 0.542188 0.452083 0.544531 0.492708 0.677344 0.479167 0.673437 0.443750
64 0.410937 0.278125 0.379687 0.398958 0.380054 0.417573 0.395312 0.402083 0.432813 0.253125
73 0.795313 0.354167 0.807813 0.409375 0.808594 0.427083 0.811719 0.438542 0.783594 0.442708 0.778125 0.380208 0.771875 0.346875 0.786719 0.351042
72 0.432813 0.463542 0.429688 0.397917 0.430469 0.363542 0.404687 0.372917 0.401563 0.402083 0.398438 0.441667 0.396875 0.464583
