0 0.401410 0.537152 0.420480 0.601383 0.437061 0.622245 0.456035 0.617546 0.470852 0.607533 0.491553 0.600138 0.580065 0.590547 0.837493 0.565932 0.850679 0.545783 0.861811 0.471613 0.855708 0.460591 0.821176 0.462924 0.827234 0.472746 0.813934 0.489893 0.796707 0.498880 0.776273 0.505075 0.494334 0.537364 0.463733 0.520776 0.458032 0.506719 0.445571 0.505153 0.421598 0.513393 0.411942 0.517656 0.399983 0.529296
2 0.402881 0.306438 0.379407 0.422966 0.375412 0.481008 0.382527 0.464279 0.384375 0.453402 0.387594 0.434449 0.391115 0.404723 0.400035 0.340331 0.417408 0.280783
4 0.372976 0.457703 0.368904 0.500103 0.366012 0.532795 0.372394 0.591941 0.383282 0.620091 0.383702 0.644737 0.372523 0.649705 0.368065 0.586818 0.362838 0.544444 0.363613 0.496850 0.367699 0.441209 0.394206 0.336512 0.376497 0.427977
7 0.561611 0.608042 0.566670 0.632374 0.605521 0.621324 0.665732 0.614848 0.704524 0.615838 0.721509 0.614088 0.717860 0.586051 0.672883 0.585479 0.643528 0.588064 0.591746 0.598785 0.569228 0.604519
7 0.388678 0.680508 0.394636 0.742090 0.403061 0.773415 0.413711 0.781722 0.458254 0.770889 0.462003 0.747166 0.464534 0.677790 0.438157 0.677164 0.405126 0.678193 0.393472 0.643475 0.390142 0.623841
7 0.769014 0.640366 0.781010 0.684088 0.804951 0.661408 0.828864 0.665208 0.857955 0.669261 0.861695 0.631697 0.831619 0.628915 0.807979 0.632317 0.786332 0.633780
7 0.344116 0.663660 0.350795 0.730609 0.359219 0.761934 0.371060 0.774374 0.396739 0.770232 0.386329 0.686684 0.366744 0.688008 0.359861 0.683658 0.347628 0.620093 0.343021 0.634848 0.342114 0.651759
7 0.673350 0.679327 0.685747 0.720013 0.705998 0.709016 0.733292 0.706570 0.749133 0.701889 0.748165 0.662838 0.716703 0.664362 0.684369 0.670157
8 0.416731 0.507704 0.456796 0.501386 0.451764 0.450574 0.426062 0.454116 0.408516 0.454700 0.407444 0.426488 0.410508 0.384757 0.398148 0.399434 0.386545 0.474840 0.394386 0.504399 0.396434 0.517500 0.397830 0.527035
9 0.820131 0.408232 0.820501 0.458757 0.854094 0.458895 0.849933 0.403811
10 0.363585 0.455328 0.350878 0.488082 0.347804 0.515972 0.359964 0.536815 0.356088 0.570777 0.363140 0.593168 0.365566 0.602633 0.361378 0.506028
12 0.413272 0.362304 0.446362 0.349236 0.458758 0.253918 0.460696 0.236936 0.481623 0.230106 0.744720 0.205108 0.771206 0.235815 0.804490 0.309392 0.831049 0.314819 0.773947 0.212762 0.745399 0.182194 0.647336 0.185209 0.595303 0.189327 0.476117 0.207610 0.441809 0.243027 0.443091 0.249560 0.424619 0.307376 0.414923 0.351360
13 0.445223 0.387226 0.460791 0.511346 0.488436 0.531745 0.500943 0.534510 0.788975 0.499402 0.823626 0.472989 0.817650 0.451729 0.812043 0.344989 0.658052 0.358403 0.453355 0.383668
15 0.461280 0.238702 0.446591 0.355239 0.447125 0.382885 0.810406 0.342692 0.801958 0.310766 0.769191 0.237155 0.744834 0.208109 0.536771 0.226380 0.481668 0.231307 0.469436 0.235744
16 0.597443 0.095386 0.591604 0.187170 0.596644 0.183820
29 0.350733 0.538642 0.346838 0.544923 0.350582 0.548281 0.354523 0.543200 0.356448 0.539459
36 0.475883 0.555580 0.471359 0.589807 0.536824 0.582476 0.532328 0.551766
37 0.775132 0.524699 0.775183 0.547956 0.826647 0.544479 0.822372 0.519569
38 0.565682 0.400257 0.566233 0.414758 0.704597 0.398625 0.704876 0.384068
39 0.635929 0.365466 0.627680 0.389284 0.644354 0.390096
40 0.315319 0.403605 0.322600 0.441881 0.359710 0.454880 0.365616 0.435098 0.364587 0.408030 0.352378 0.393348 0.325743 0.393209
46 0.393966 0.677418 0.399307 0.730362 0.403509 0.753339 0.402818 0.691357
46 0.353131 0.654009 0.351579 0.690292 0.353418 0.705356 0.360882 0.748466 0.361293 0.715485 0.360837 0.681595
55 0.406160 0.669810 0.461958 0.670885 0.456007 0.623797 0.432655 0.622467 0.405622 0.568081 0.388866 0.499432 0.384443 0.470655 0.372118 0.496686 0.380081 0.531039 0.392518 0.617426 0.398638 0.647057
57 0.344338 0.619712 0.335486 0.605772 0.337601 0.530033 0.347267 0.521626 0.357816 0.536420 0.351411 0.564960 0.362988 0.606822 0.368572 0.644243 0.362519 0.660159 0.351456 0.631831
56 0.808768 0.577670 0.812412 0.629761 0.871920 0.618955 0.868503 0.529052 0.860613 0.496632 0.847950 0.557578 0.831863 0.572233
59 0.565051 0.427437 0.568974 0.464971 0.709607 0.442869 0.704207 0.410281
64 0.419465 0.275420 0.390524 0.389801 0.391571 0.407050 0.407236 0.391580 0.441825 0.250648
73 0.830537 0.318395 0.845765 0.368733 0.847220 0.385111 0.850945 0.395521 0.821209 0.401407 0.813194 0.343797 0.805378 0.313311 0.821296 0.316112
72 0.449246 0.445923 0.443612 0.385245 0.443229 0.353288 0.416168 0.363839 0.413876 0.391131 0.411952 0.428090 0.411100 0.449470
