0 0.300799 0.606921 0.302795 0.598048 0.354037 0.568767 0.391304 0.569654 0.404614 0.597161 0.401952 0.644188 0.387311 0.714286 0.331411 0.755102 0.294144 0.787933 0.241571 0.822538 0.214951 0.838509 0.190328 0.849157 0.137755 0.855368 0.123114 0.858917 0.106477 0.810115 0.113132 0.792369 0.117125 0.788820 0.113798 0.771074 0.131766 0.752440 0.145741 0.756877 0.175688 0.740018 0.225599 0.700976 0.259539 0.676131 0.276176 0.661047 0.286823 0.621118 0.299468 0.611358
3 0.710736 0.422360 0.728705 0.466726 0.745342 0.505768 0.753327 0.561668 0.757320 0.605146 0.763975 0.626442 0.761313 0.642413 0.669477 0.663709 0.662822 0.653949 0.665484 0.618456 0.636202 0.533274 0.588953 0.496007 0.565661 0.409938 0.521739 0.307010 0.616238 0.319432 0.650843 0.328305 0.699423 0.408163
5 0.763310 0.639752 0.872449 0.617569 0.873114 0.589175 0.870453 0.560781 0.869122 0.534162 0.854481 0.483585 0.845830 0.470275 0.837844 0.445430 0.825200 0.437445 0.807897 0.422360 0.746673 0.362910 0.712733 0.342502 0.672138 0.330967 0.651508 0.327418 0.689441 0.390417 0.710071 0.417036 0.724046 0.448092 0.732032 0.472050 0.747338 0.505768 0.754658 0.555457 0.758651 0.605146 0.766637 0.621118
11 0.875111 0.612245 0.875776 0.534162 0.879769 0.480923 0.902396 0.478261 0.921029 0.480035 0.928350 0.490683 0.918367 0.465839 0.887755 0.450754 0.842502 0.443656 0.827862 0.433895 0.845830 0.462289 0.861136 0.497782 0.867791 0.521739
9 0.387977 0.720497 0.427240 0.728483 0.441881 0.708075 0.448536 0.695652 0.464508 0.580302 0.480479 0.519077 0.507098 0.488021 0.559006 0.487134 0.585626 0.496894 0.566327 0.420586 0.528394 0.417036 0.408607 0.409938 0.384650 0.388642 0.371340 0.356699 0.356034 0.292813 0.342059 0.284827 0.310115 0.285714 0.305457 0.291925 0.304791 0.312334 0.289485 0.337178 0.286158 0.370009 0.282165 0.402839 0.318767 0.397516 0.339397 0.419698 0.356699 0.451642 0.361358 0.472937 0.364685 0.497782 0.340062 0.507542 0.287489 0.529725 0.294809 0.567879 0.299468 0.586513 0.302130 0.594499 0.358030 0.561668 0.387311 0.564330 0.401287 0.580302 0.405945 0.608696 0.399290 0.663709 0.393301 0.700976
16 0.211624 0.257320 0.230257 0.281278 0.235581 0.278616
15 0.288820 0.306122 0.283496 0.345164 0.280834 0.402839 0.281500 0.444543 0.235581 0.476486 0.202307 0.508429 0.145075 0.573203 0.123780 0.610470 0.113132 0.624667 0.129769 0.546584 0.145075 0.501331 0.159051 0.461402 0.183008 0.427684 0.223602 0.380657 0.262201 0.333629
7 0.262201 0.869565 0.278172 0.935226 0.305457 0.961846 0.340062 0.976043 0.383319 0.956522 0.409938 0.927240 0.425244 0.858917 0.392635 0.855368 0.376664 0.817214 0.326087 0.834960 0.267524 0.852706
7 0.503106 0.832298 0.541704 0.876664 0.560337 0.888199 0.605590 0.881100 0.646850 0.853594 0.666815 0.775510 0.649512 0.661934 0.622893 0.619343 0.581633 0.599822 0.550355 0.590949 0.518412 0.631766 0.502440 0.665484 0.497782 0.734694 0.497782 0.789707
7 0.757986 0.732919 0.759982 0.759539 0.750000 0.785271 0.726708 0.799468 0.704082 0.798580 0.688110 0.785271 0.675466 0.768412 0.709405 0.752440
7 0.891748 0.677906 0.907054 0.700976 0.919698 0.720497 0.952973 0.714286 0.972937 0.693878 0.976264 0.640639 0.960958 0.590949 0.938997 0.543922 0.917036 0.534162 0.903727 0.540373 0.897072 0.555457 0.901730 0.601597 0.902396 0.638864 0.898403 0.664596
21 0.801242 0.362910 0.813221 0.399290 0.805901 0.413487 0.811890 0.419698 0.819210 0.406389 0.815883 0.384206 0.809228 0.366460
13 0.276176 0.452529 0.281500 0.505768 0.296806 0.585626 0.300133 0.603372 0.283496 0.614907 0.271517 0.660160 0.240905 0.682343 0.161047 0.745342 0.145075 0.754215 0.127107 0.745342 0.117125 0.692103 0.111136 0.633540 0.118456 0.621118 0.145075 0.579414 0.165040 0.557232 0.196318 0.519965 0.225599 0.494232 0.249556 0.472937 0.265528 0.461402
17 0.583798 0.757960 0.586566 0.764672 0.592764 0.758611
17 0.585326 0.701863 0.585740 0.708475 0.591938 0.703516
17 0.574583 0.706271 0.572930 0.712882 0.578715 0.712331
17 0.572104 0.737124 0.573343 0.743185 0.580781 0.740981
17 0.933252 0.635749 0.931186 0.642911 0.937797 0.642361
17 0.601442 0.749796 0.598136 0.756958 0.606400 0.756407
17 0.928706 0.601039 0.927053 0.609303 0.936144 0.609303
17 0.927053 0.623077 0.926227 0.631892 0.933665 0.629689
17 0.927053 0.610405 0.922508 0.620873 0.930359 0.620323
29 0.867549 0.495523 0.860894 0.503590 0.866339 0.506816 0.872388 0.502783
37 0.240784 0.714931 0.248649 0.751230 0.290393 0.725417 0.281318 0.692345
36 0.110107 0.820602 0.118577 0.844801 0.131887 0.839961 0.125837 0.811729
35 0.603775 0.447124 0.609825 0.463257 0.630394 0.457611 0.625555 0.446318
35 0.739897 0.450351 0.744737 0.462451 0.760466 0.457611 0.753811 0.449544
38 0.140357 0.611680 0.138542 0.633460 0.199040 0.572961 0.197225 0.559248
39 0.163346 0.558442 0.157296 0.588287 0.173631 0.576994
41 0.786481 0.381786 0.790111 0.371299 0.797975 0.361620 0.810075 0.394692 0.807050 0.408405 0.801000 0.410019 0.791321 0.400339 0.787691 0.390659
52 0.662459 0.669759 0.672138 0.694765 0.723562 0.677825 0.851819 0.646366 0.894168 0.634266 0.892958 0.614100 0.882068 0.614907 0.865734 0.621360 0.779221 0.642333 0.710857 0.656852 0.688473 0.662499
56 0.452529 0.695571 0.476123 0.710898 0.492458 0.697185 0.497298 0.684278 0.495483 0.627813 0.497903 0.582641 0.510002 0.539082 0.527547 0.519723 0.566266 0.506816 0.604380 0.520529 0.626765 0.539082 0.642494 0.565701 0.647939 0.579414 0.635234 0.537469 0.618295 0.520529 0.588045 0.497943 0.561426 0.490683 0.509397 0.491490 0.482778 0.519723 0.467048 0.581834 0.461604 0.626200 0.454344 0.672985
58 0.880253 0.610067 0.899008 0.611680 0.894168 0.537469 0.896588 0.500363 0.909898 0.487457 0.935912 0.506816 0.938937 0.539082 0.953457 0.562475 0.967976 0.591514 0.960716 0.533436 0.952246 0.510849 0.920787 0.485037 0.895983 0.476164 0.882068 0.485037 0.879648 0.510849 0.879648 0.585061
59 0.153666 0.652013 0.157296 0.698798 0.225054 0.631040 0.223239 0.584254
66 0.559611 0.323707 0.610430 0.416472 0.694056 0.421053 0.675163 0.387432 0.643704 0.334194
67 0.539042 0.319674 0.571106 0.414858 0.600750 0.414858 0.551746 0.322094
69 0.666694 0.339034 0.715697 0.424538 0.793798 0.431190 0.785876 0.410825 0.763491 0.387432 0.713277 0.351133
66 0.356941 0.290635 0.371682 0.357028 0.386105 0.390911 0.408365 0.410825 0.554771 0.418085 0.519682 0.312414 0.433774 0.300315
73 0.279503 0.447124 0.287368 0.524562 0.343632 0.501170 0.364646 0.498324 0.356941 0.463257 0.335426 0.416189 0.318587 0.398205 0.303488 0.401495 0.281697 0.409769
12 0.150036 0.468904 0.125232 0.437445 0.139147 0.390659 0.166976 0.350327 0.236549 0.276115 0.313382 0.274502 0.367226 0.276115 0.604380 0.307574 0.628579 0.317254 0.681818 0.326934 0.321852 0.283375 0.303703 0.290635 0.299468 0.301928 0.290393 0.303541 0.268613 0.316448 0.192385 0.413245 0.162136 0.448738
