0 0.304716 0.645261 0.305719 0.636798 0.355757 0.597530 0.394864 0.588862 0.412158 0.610146 0.415129 0.652989 0.408388 0.719559 0.354887 0.770352 0.319907 0.809253 0.269128 0.853632 0.243227 0.874712 0.218764 0.890512 0.164510 0.909432 0.149624 0.916332 0.126241 0.876799 0.131033 0.859197 0.134777 0.855001 0.129123 0.839934 0.145644 0.818664 0.160812 0.819093 0.190086 0.796372 0.237536 0.748690 0.270011 0.717795 0.285575 0.700045 0.291830 0.661539 0.303866 0.649577
3 0.711102 0.375675 0.735335 0.410892 0.757523 0.441674 0.772722 0.489768 0.782221 0.527739 0.791792 0.545143 0.790961 0.560140 0.697466 0.602556 0.689307 0.595494 0.687749 0.562994 0.646682 0.494052 0.592677 0.472636 0.557769 0.401378 0.499210 0.320242 0.599617 0.307383 0.636915 0.306552 0.697526 0.365819
5 0.792724 0.557246 0.904217 0.509641 0.901438 0.484013 0.895177 0.459230 0.890527 0.435700 0.869016 0.394068 0.858334 0.384331 0.846936 0.364083 0.832727 0.360133 0.812775 0.351002 0.741431 0.313245 0.703417 0.303565 0.659526 0.303531 0.637503 0.305587 0.684908 0.352442 0.709754 0.371071 0.728179 0.395368 0.739468 0.414821 0.759612 0.441167 0.773354 0.483861 0.783614 0.527401 0.793926 0.539694
11 0.906351 0.504191 0.897491 0.434010 0.895153 0.385260 0.918504 0.377127 0.938220 0.373987 0.947184 0.381675 0.933697 0.361933 0.899817 0.356182 0.851594 0.361309 0.835078 0.356275 0.857356 0.377171 0.877717 0.405108 0.887613 0.424899
9 0.409844 0.724959 0.451909 0.722148 0.464731 0.700132 0.470175 0.687303 0.472770 0.579820 0.481989 0.520868 0.506044 0.486262 0.560254 0.472285 0.589304 0.474277 0.559769 0.410756 0.519640 0.417206 0.393421 0.441261 0.365745 0.428250 0.347907 0.402989 0.324071 0.349593 0.308470 0.345981 0.275152 0.354889 0.271037 0.361641 0.272839 0.380109 0.259862 0.406272 0.260399 0.436554 0.260239 0.467005 0.297889 0.452937 0.322192 0.467588 0.344207 0.491836 0.351689 0.509747 0.358211 0.531179 0.333640 0.546183 0.281340 0.579424 0.293670 0.611775 0.300826 0.627300 0.304589 0.633784 0.359067 0.590152 0.390034 0.585103 0.406613 0.595875 0.414963 0.620151 0.414732 0.671168 0.413026 0.706104
16 0.168611 0.354441 0.191042 0.371190 0.196287 0.367451
15 0.255365 0.378595 0.254572 0.414954 0.258846 0.467343 0.264647 0.504567 0.220506 0.544870 0.189596 0.581961 0.137634 0.654573 0.119911 0.693396 0.110507 0.708829 0.118359 0.634592 0.128838 0.590130 0.138575 0.550779 0.159518 0.514462 0.196242 0.461987 0.230876 0.410019
7 0.296472 0.890559 0.321222 0.945378 0.353032 0.962317 0.390982 0.966258 0.433858 0.937771 0.458129 0.904756 0.465784 0.839608 0.431226 0.844707 0.409843 0.814552 0.359090 0.843307 0.299980 0.874091
7 0.544003 0.795968 0.589824 0.825946 0.610735 0.831557 0.657220 0.813700 0.697030 0.778559 0.708364 0.703477 0.676357 0.606034 0.643289 0.574605 0.597723 0.567580 0.563907 0.567567 0.535476 0.612276 0.522890 0.646565 0.526486 0.709804 0.533219 0.759131
7 0.798557 0.642136 0.803904 0.665497 0.796607 0.691104 0.773971 0.709748 0.750186 0.714699 0.731843 0.706820 0.716549 0.694915 0.750109 0.671975
7 0.931797 0.558841 0.950638 0.575639 0.966259 0.589931 0.999219 0.575912 0.999219 0.552544 0.999219 0.503963 0.993579 0.463297 0.964842 0.426707 0.940666 0.423532 0.927499 0.432481 0.922381 0.447696 0.932903 0.487884 0.938161 0.521130 0.937132 0.545217
21 0.798535 0.299387 0.815522 0.328965 0.809600 0.343553 0.816627 0.347601 0.822659 0.333808 0.816462 0.314763 0.807326 0.300541
13 0.260053 0.513080 0.272140 0.559464 0.297931 0.627180 0.303585 0.642247 0.287588 0.656815 0.280591 0.700432 0.251272 0.728096 0.175417 0.804863 0.159789 0.816875 0.139901 0.813482 0.122939 0.768281 0.109504 0.717292 0.115643 0.704295 0.138395 0.660142 0.156571 0.635182 0.184740 0.593825 0.212232 0.563316 0.234695 0.538138 0.249997 0.523740
17 0.619344 0.708822 0.623062 0.714137 0.628807 0.707129
17 0.614078 0.658135 0.615319 0.663958 0.621199 0.657939
17 0.603375 0.664816 0.602454 0.671164 0.608441 0.669200
17 0.604557 0.693110 0.606596 0.698229 0.614109 0.694364
17 0.970069 0.510502 0.968783 0.517448 0.975634 0.515275
17 0.636808 0.697021 0.634226 0.704283 0.642806 0.701690
17 0.961064 0.480534 0.960346 0.488363 0.969859 0.486055
17 0.962032 0.500713 0.962246 0.508827 0.969759 0.504963
17 0.960481 0.489351 0.957006 0.499892 0.965154 0.497404
29 0.884151 0.401454 0.878175 0.410377 0.884268 0.411887 0.890105 0.406735
37 0.255135 0.757347 0.267807 0.787897 0.308331 0.754152 0.294787 0.726802
36 0.131323 0.885280 0.143148 0.904827 0.156483 0.897108 0.146697 0.873330
35 0.602205 0.425042 0.610510 0.437971 0.631344 0.427685 0.624897 0.418788
35 0.745043 0.393368 0.751588 0.402988 0.767456 0.394654 0.759505 0.389111
38 0.137406 0.690271 0.138172 0.710260 0.194076 0.640652 0.190498 0.628817
39 0.154947 0.636698 0.152269 0.664995 0.167980 0.650721
41 0.785398 0.320060 0.787913 0.309736 0.794958 0.299059 0.811668 0.325641 0.810181 0.338704 0.804047 0.341687 0.792733 0.335466 0.787750 0.327709
52 0.690863 0.609762 0.704053 0.629725 0.755791 0.601478 0.886154 0.540700 0.928989 0.519097 0.925254 0.501323 0.913957 0.504811 0.897654 0.514745 0.809690 0.555520 0.739929 0.585899 0.717197 0.596646
56 0.474343 0.686217 0.500909 0.693968 0.516324 0.677524 0.519809 0.664723 0.510999 0.614555 0.508002 0.573437 0.515332 0.531308 0.531322 0.509494 0.570260 0.488089 0.611822 0.490706 0.637517 0.501657 0.657235 0.521530 0.664611 0.532443 0.646182 0.498059 0.626383 0.487172 0.591964 0.474602 0.563220 0.474853 0.508874 0.488788 0.484474 0.520863 0.475616 0.580549 0.475349 0.621711 0.473478 0.665505
58 0.911466 0.500933 0.931289 0.497616 0.917141 0.432305 0.915132 0.398420 0.927480 0.383467 0.957072 0.394220 0.964186 0.422382 0.982243 0.439670 0.999219 0.462021 0.986286 0.411789 0.974658 0.393688 0.938579 0.378532 0.911537 0.376875 0.898062 0.388365 0.898689 0.412124 0.907772 0.478665
59 0.156270 0.723055 0.165795 0.764083 0.228407 0.686121 0.220781 0.644633
66 0.540884 0.325597 0.605417 0.395868 0.693487 0.378739 0.669602 0.353391 0.630166 0.313644
67 0.518866 0.327204 0.564069 0.404407 0.595090 0.396879 0.532457 0.326147
69 0.654815 0.312146 0.716560 0.376368 0.799102 0.362499 0.788319 0.346251 0.762032 0.330961 0.705043 0.311165
66 0.324754 0.347409 0.348306 0.403196 0.367545 0.429915 0.393277 0.442118 0.547371 0.411448 0.497719 0.325611 0.406340 0.336577
73 0.262874 0.507389 0.280582 0.574826 0.336595 0.539563 0.358238 0.531675 0.345882 0.502189 0.317607 0.465450 0.297785 0.453601 0.282387 0.460385 0.260597 0.473338
12 0.130060 0.559794 0.100253 0.537886 0.109088 0.492403 0.133273 0.449172 0.196994 0.364963 0.277198 0.344006 0.333739 0.331779 0.585757 0.299763 0.612265 0.302296 0.669161 0.297456 0.287147 0.349811 0.269043 0.360929 0.265994 0.372130 0.256695 0.375881 0.235484 0.392984 0.167563 0.499135 0.140253 0.538640
