0 0.499679 0.745728 0.501654 0.797723 0.485685 0.855399 0.469166 0.900541 0.365878 0.938431 0.318563 0.941597 0.295028 0.930791 0.245581 0.894407 0.189969 0.806905 0.073327 0.590751 0.068000 0.526573 0.077764 0.514354 0.082402 0.464739 0.105966 0.441171 0.127082 0.528809 0.169970 0.590583 0.220364 0.658751 0.274116 0.733373 0.316242 0.767287 0.338226 0.756748 0.350140 0.721118 0.408309 0.742258 0.454377 0.755058
3 0.782716 0.540324 0.795696 0.569863 0.808319 0.625110 0.795031 0.694824 0.788281 0.722018 0.791075 0.733126 0.847167 0.691743 0.875885 0.671196 0.869527 0.632580 0.892649 0.601277 0.907032 0.562359 0.913222 0.534089 0.930776 0.457656 0.935640 0.406180 0.930058 0.378236 0.927195 0.316499 0.918341 0.178981 0.816681 0.146552 0.800652 0.142140 0.799504 0.174362 0.799290 0.295600 0.797966 0.403229 0.792547 0.447900 0.783967 0.518629
5 0.881158 0.667558 0.947686 0.614101 0.952855 0.599936 0.964637 0.588152 0.987769 0.545391 0.999752 0.379095 0.997715 0.315473 0.973693 0.217658 0.951513 0.195684 0.919239 0.177264 0.929095 0.323594 0.931182 0.374659 0.935061 0.428020 0.929755 0.471760 0.914229 0.537171 0.901632 0.584114 0.879959 0.626235 0.874004 0.641186 0.877019 0.656161
7 0.564485 0.999669 0.577814 0.999669 0.599778 0.999669 0.624673 0.999669 0.683685 0.981184 0.722206 0.902587 0.744012 0.836620 0.759327 0.755884 0.751192 0.697785 0.713105 0.659011 0.698427 0.649161 0.674628 0.686048 0.651049 0.726803 0.624757 0.795622 0.600026 0.874328 0.583944 0.932934 0.574833 0.968214
7 0.944614 0.667873 0.953681 0.684154 0.968257 0.683477 0.974432 0.672394 0.976484 0.632727 0.962896 0.659401 0.953141 0.660162
9 0.475337 0.895187 0.508867 0.886183 0.550403 0.822561 0.589832 0.730790 0.631716 0.652919 0.690414 0.578673 0.736520 0.545642 0.783271 0.547129 0.783987 0.495713 0.795262 0.419836 0.790009 0.400558 0.761192 0.404848 0.678334 0.410854 0.611171 0.418334 0.596262 0.416074 0.578593 0.362604 0.577659 0.273588 0.584839 0.134752 0.586782 0.090287 0.569418 0.074127 0.515721 0.067322 0.510359 0.043246 0.503831 0.074307 0.502795 0.105599 0.475441 0.103520 0.464308 0.144094 0.435301 0.240977 0.403016 0.370579 0.468795 0.408639 0.485693 0.445708 0.503014 0.513428 0.502641 0.556323 0.500604 0.578803 0.493727 0.624115 0.461980 0.646873 0.436310 0.642292 0.363010 0.615024 0.350478 0.718326 0.449223 0.752036 0.496655 0.742211 0.504476 0.774457 0.500751 0.805169 0.489391 0.847603 0.479613 0.877009
58 0.953189 0.602873 0.967642 0.614585 0.978403 0.616906 0.988549 0.550334 0.971706 0.581082 0.959473 0.596588
56 0.489574 0.897302 0.475642 0.932498 0.533768 0.999669 0.561795 0.999669 0.581818 0.927701 0.620599 0.807140 0.671942 0.679739 0.714131 0.639177 0.761475 0.601638 0.776483 0.620154 0.759611 0.685275 0.756111 0.714125 0.757060 0.785955 0.781601 0.799842 0.801576 0.777410 0.784119 0.739265 0.784914 0.727022 0.806301 0.624675 0.797145 0.580681 0.781700 0.548700 0.737414 0.549654 0.692093 0.581900 0.634406 0.653499 0.600828 0.719792 0.564438 0.797893 0.532323 0.857817 0.509088 0.890051
13 0.315349 0.763275 0.335315 0.752301 0.346561 0.710796 0.359215 0.595106 0.369808 0.530541 0.383425 0.469493 0.362472 0.454469 0.260271 0.398049 0.202121 0.353994 0.142964 0.306856 0.113052 0.280350 0.105752 0.295011 0.101988 0.371554 0.106417 0.437449 0.127872 0.522295 0.154073 0.562325 0.246683 0.692122 0.279276 0.730665
15 0.384441 0.461117 0.401219 0.374011 0.458358 0.153315 0.472191 0.101864 0.439265 0.060383 0.414385 0.049288 0.296004 0.035218 0.226715 0.037465 0.216161 0.056198 0.169230 0.135847 0.138122 0.198852 0.124072 0.240707 0.117323 0.267901 0.123361 0.286394 0.191369 0.340215 0.253555 0.385141 0.324823 0.429160 0.365388 0.453188
12 0.477351 0.099157 0.498205 0.097924 0.508234 0.038012 0.520321 0.063539 0.579393 0.077233 0.590149 0.085283 0.838875 0.151338 0.915656 0.172672 0.962387 0.197074 0.974145 0.213935 0.949397 0.178993 0.915106 0.160138 0.873534 0.133028 0.767392 0.097722 0.675142 0.073053 0.592093 0.040817 0.524723 0.027244 0.459720 0.000000 0.371614 0.000000 0.270946 0.000000 0.176758 0.000000 0.173047 0.000000 0.208645 0.061262 0.216396 0.042879 0.224025 0.036885 0.241075 0.027192 0.309686 0.030528 0.372239 0.038288 0.415509 0.045710 0.437365 0.053288 0.463796 0.085729
16 0.429037 0.000000 0.446274 0.000000 0.452774 0.000000
17 0.671295 0.807721 0.667139 0.815661 0.673536 0.815568
17 0.655588 0.827529 0.652384 0.834202 0.657613 0.834962
17 0.644319 0.863391 0.642152 0.870287 0.646994 0.869859
21 0.999752 0.294358 0.999752 0.300921 0.999752 0.377730 0.987358 0.366719
28 0.707600 0.806803 0.716113 0.816279 0.720045 0.806622
35 0.820678 0.460651 0.821110 0.479845 0.845445 0.472678 0.846470 0.452844
35 0.944924 0.432057 0.945582 0.449389 0.961395 0.444204 0.961409 0.427017
39 0.175322 0.358719 0.163300 0.389551 0.179883 0.400767
38 0.135400 0.369209 0.131125 0.387387 0.218839 0.472198 0.221214 0.446926
73 0.360545 0.612583 0.452903 0.642051 0.462098 0.640214 0.491489 0.619812 0.500614 0.567346 0.499881 0.505113 0.488707 0.460683 0.468117 0.414223 0.449742 0.400710 0.411194 0.377117 0.403124 0.375377 0.390739 0.437646 0.386228 0.469142 0.378801 0.501921 0.368443 0.553167 0.362582 0.590102
59 0.151960 0.409070 0.144729 0.474361 0.236573 0.582027 0.247519 0.497483
46 0.685655 0.771510 0.649053 0.834286 0.632043 0.874894 0.625499 0.909584 0.627832 0.968872 0.646645 0.975283 0.662150 0.964728 0.677934 0.948677 0.712015 0.889884 0.729783 0.822089 0.727785 0.773082 0.712464 0.755327
66 0.588799 0.090722 0.578029 0.367257 0.599291 0.413862 0.793135 0.398677 0.797176 0.142345
66 0.832464 0.175740 0.839884 0.285255 0.838229 0.382729 0.918511 0.376701 0.921146 0.249126 0.910256 0.194427
67 0.811281 0.168307 0.804485 0.383625 0.827917 0.383903 0.831251 0.297965 0.823274 0.171848
69 0.926731 0.200845 0.936183 0.293608 0.937661 0.375268 0.987236 0.367964 0.996439 0.320602 0.989222 0.283081 0.973496 0.242392 0.958671 0.216328
52 0.791625 0.745659 0.804267 0.777990 0.964589 0.645441 0.963145 0.628895 0.950263 0.615612 0.930632 0.629523 0.877117 0.672417 0.805095 0.725644 0.790736 0.735918
37 0.223376 0.810290 0.227387 0.839804 0.286407 0.916517 0.287118 0.870831
