0 0.551020 0.720497 0.559006 0.768412 0.550355 0.825200 0.539707 0.870453 0.444543 0.926353 0.399290 0.938776 0.375333 0.933452 0.323398 0.909554 0.259539 0.839397 0.121784 0.661934 0.109139 0.603372 0.117125 0.590062 0.115794 0.543035 0.135759 0.516415 0.166371 0.593611 0.214951 0.642413 0.271517 0.695652 0.332076 0.754215 0.376664 0.777285 0.396628 0.763088 0.403949 0.727595 0.462511 0.735581 0.508429 0.738243
3 0.799911 0.472937 0.815883 0.497782 0.834516 0.546584 0.829858 0.614020 0.826531 0.640639 0.830523 0.650399 0.879769 0.600710 0.905058 0.575865 0.894410 0.541260 0.913043 0.507542 0.922360 0.468500 0.925022 0.440994 0.933008 0.366460 0.931677 0.317658 0.923026 0.292813 0.913043 0.236025 0.888421 0.110027 0.786602 0.100266 0.770630 0.099379 0.773292 0.129547 0.787267 0.242236 0.798580 0.342502 0.798580 0.385093 0.798580 0.452529
5 0.909716 0.571429 0.967613 0.508429 0.970941 0.494232 0.980923 0.480923 0.998225 0.436557 0.999556 0.277728 0.980923 0.220941 0.946318 0.134871 0.922360 0.118900 0.889086 0.108252 0.915705 0.242236 0.923691 0.289264 0.933673 0.338066 0.933673 0.379769 0.926353 0.443656 0.919698 0.489796 0.903727 0.533274 0.899734 0.548359 0.904392 0.561668
7 0.644188 0.951198 0.658829 0.962733 0.681455 0.969831 0.704747 0.959184 0.755989 0.902396 0.783940 0.821650 0.797249 0.755989 0.802573 0.677906 0.787933 0.625555 0.746673 0.597161 0.731366 0.590949 0.712733 0.629991 0.694765 0.672582 0.677462 0.741792 0.662822 0.819876 0.654170 0.877551 0.649512 0.912156
7 0.970941 0.559006 0.981588 0.572316 0.995563 0.568767 0.999752 0.557232 0.997560 0.519965 0.987578 0.547471 0.978261 0.550133
9 0.545031 0.864241 0.576309 0.849157 0.608917 0.781721 0.636202 0.688554 0.667480 0.607808 0.715395 0.527063 0.755989 0.487134 0.801242 0.479148 0.795918 0.431233 0.797915 0.358474 0.790595 0.341615 0.763310 0.351375 0.684117 0.373558 0.620231 0.393966 0.605590 0.394854 0.582298 0.348713 0.570985 0.266193 0.561668 0.135759 0.558341 0.094055 0.539707 0.082520 0.487134 0.086957 0.479148 0.065661 0.476486 0.095830 0.479148 0.125111 0.452529 0.128660 0.446539 0.168589 0.429902 0.264419 0.413931 0.391304 0.481810 0.413487 0.502440 0.444543 0.527063 0.503993 0.531721 0.543922 0.532387 0.565217 0.531056 0.608696 0.503106 0.636202 0.477817 0.637090 0.403949 0.626442 0.403949 0.724933 0.503106 0.736468 0.547693 0.717835 0.559006 0.746229 0.559006 0.775510 0.553017 0.817214 0.547028 0.846495
58 0.971606 0.496894 0.986912 0.504880 0.997560 0.504880 0.999556 0.440994 0.986912 0.472937 0.976930 0.489796
56 0.559006 0.863354 0.549689 0.898847 0.614241 0.954747 0.641526 0.951198 0.651508 0.873114 0.674800 0.753327 0.709405 0.624667 0.745342 0.578527 0.786602 0.534162 0.803239 0.548359 0.794587 0.612245 0.794587 0.639752 0.803904 0.706300 0.829193 0.714286 0.845830 0.689441 0.824534 0.657498 0.823869 0.645963 0.832520 0.546584 0.818545 0.507542 0.799911 0.480923 0.757320 0.490683 0.717391 0.529725 0.670142 0.607808 0.645519 0.676131 0.619565 0.755989 0.595608 0.818101 0.576974 0.852706
13 0.375333 0.773736 0.393301 0.759539 0.399290 0.718722 0.397959 0.608696 0.400621 0.546584 0.406610 0.487134 0.384650 0.477374 0.279503 0.445430 0.218279 0.416149 0.155723 0.384206 0.123780 0.365572 0.118456 0.380657 0.123780 0.452529 0.135759 0.512866 0.166371 0.587400 0.196318 0.619343 0.300799 0.721384 0.336735 0.750665
15 0.406610 0.479148 0.412600 0.394854 0.441881 0.178350 0.449201 0.127773 0.412600 0.095830 0.387311 0.090506 0.271517 0.101154 0.204969 0.117125 0.196983 0.136646 0.161047 0.220053 0.138421 0.284827 0.129769 0.326531 0.126442 0.353150 0.134428 0.369122 0.206300 0.405501 0.271517 0.434783 0.345386 0.461402 0.387311 0.475599
12 0.453860 0.124224 0.473824 0.118900 0.476486 0.061224 0.491127 0.082520 0.549689 0.083407 0.561003 0.088731 0.808563 0.100266 0.885093 0.104703 0.933008 0.118012 0.946318 0.131322 0.918367 0.103815 0.883097 0.093168 0.839840 0.076309 0.733363 0.064774 0.641526 0.060337 0.557675 0.047028 0.491127 0.047915 0.425244 0.035492 0.338066 0.035492 0.239574 0.044366 0.150399 0.076309 0.148403 0.089618 0.190328 0.142857 0.195652 0.124224 0.202307 0.117125 0.217613 0.104703 0.284161 0.094055 0.345386 0.088731 0.387977 0.086957 0.409938 0.089618 0.439219 0.114463
16 0.390639 0.001775 0.411269 0.030169 0.417924 0.031943
17 0.723752 0.743708 0.720673 0.751919 0.726831 0.750550
17 0.710923 0.765260 0.708614 0.772102 0.713745 0.771760
17 0.704252 0.800839 0.702969 0.807681 0.707588 0.806312
21 0.982254 0.200532 0.999556 0.203194 0.997560 0.276841 0.976930 0.270630
28 0.758651 0.735581 0.767968 0.742680 0.770630 0.732919
35 0.827196 0.391304 0.829858 0.409051 0.852484 0.397516 0.851153 0.378882
35 0.943656 0.339840 0.946318 0.355812 0.960958 0.347826 0.958962 0.331854
39 0.192990 0.425909 0.185004 0.456965 0.202307 0.464064
38 0.155723 0.443656 0.153727 0.461402 0.248225 0.522626 0.247560 0.498669
73 0.401287 0.624667 0.493789 0.633540 0.502440 0.629991 0.528394 0.605146 0.531056 0.554570 0.523070 0.496894 0.507098 0.457853 0.481810 0.418811 0.462511 0.409938 0.422582 0.395741 0.414596 0.395741 0.409938 0.456078 0.409272 0.486247 0.405945 0.518190 0.401952 0.567879 0.400621 0.603372
59 0.176353 0.477374 0.177019 0.539485 0.278172 0.621118 0.278838 0.540373
46 0.733363 0.707187 0.705413 0.772848 0.693760 0.813987 0.691508 0.847529 0.700693 0.902148 0.719583 0.904335 0.733299 0.891421 0.746641 0.873344 0.772626 0.811890 0.781830 0.745339 0.774170 0.700206 0.757320 0.686779
66 0.560337 0.094055 0.582298 0.353150 0.608252 0.392192 0.793389 0.339240 0.767303 0.100266
66 0.805235 0.124224 0.825200 0.224490 0.835006 0.315387 0.911713 0.293700 0.899330 0.174639 0.882431 0.125998
67 0.783940 0.121562 0.802573 0.322981 0.825200 0.318545 0.818362 0.238029 0.795918 0.122449
69 0.899068 0.128660 0.919033 0.212955 0.930010 0.288531 0.976958 0.271812 0.980292 0.225962 0.968944 0.192547 0.949021 0.157892 0.931677 0.136646
52 0.832520 0.661934 0.848492 0.689441 0.987578 0.534162 0.984250 0.519077 0.970275 0.509317 0.952972 0.526176 0.906389 0.576752 0.843168 0.640639 0.830523 0.653061
37 0.292147 0.835847 0.299468 0.862467 0.365350 0.921917 0.360692 0.879326
