1 0.533254 0.648804 0.546172 0.649761 0.521053 0.736842 0.527512 0.741627 0.523923 0.763636 0.434211 0.762679 0.347368 0.757895 0.232536 0.757895 0.221053 0.727273 0.219617 0.720574 0.217464 0.655502 0.231818 0.641148 0.260526 0.637321 0.282775 0.643062 0.303589 0.643062 0.503828 0.647847 0.519617 0.649761
1 0.243301 0.593301 0.240431 0.601914 0.280622 0.597129 0.343062 0.597129 0.352392 0.598086 0.381100 0.600000 0.466507 0.601914 0.523923 0.606699 0.531818 0.619139 0.533254 0.633493 0.522488 0.643062 0.517464 0.645933 0.531818 0.647847 0.536842 0.640191 0.531818 0.607656 0.523206 0.600957 0.502392 0.596172 0.297129 0.590431 0.254785 0.588517
1 0.279187 0.600000 0.282775 0.636364 0.328708 0.640191 0.350239 0.602871 0.359569 0.600957 0.366746 0.621053 0.368900 0.638278 0.427751 0.640191 0.445694 0.605742 0.439952 0.602871 0.425598 0.630622 0.373206 0.631579 0.366029 0.605742 0.351675 0.595215 0.327273 0.629665 0.310766 0.633493 0.286364 0.628708 0.282775 0.611483
4 0.645933 0.453589 0.625120 0.529187 0.625120 0.577033 0.625120 0.612440 0.630861 0.629665 0.627273 0.658373 0.631579 0.732057 0.634450 0.750239 0.710526 0.754067 0.717703 0.736842 0.724880 0.684211 0.720574 0.660287 0.721292 0.605742 0.709809 0.561723 0.695455 0.483254 0.683971 0.449761
2 0.689713 0.451675 0.752153 0.459330 0.786603 0.573206 0.797368 0.604785 0.799522 0.639234 0.775120 0.720574 0.767225 0.751196 0.714833 0.753110 0.727751 0.691866 0.724880 0.674641 0.722010 0.644976 0.723445 0.606699 0.712679 0.561723 0.692584 0.466986
6 0.596411 0.553110 0.592105 0.564593 0.535407 0.572249 0.501675 0.591388 0.422727 0.588517 0.315072 0.586603 0.251914 0.583732 0.246172 0.590431 0.273445 0.569378 0.312919 0.555024 0.350239 0.544498 0.364593 0.543541 0.412679 0.540670 0.511723 0.542584 0.554785 0.547368 0.584211 0.550239
7 0.483014 0.777990 0.485167 0.825837 0.498086 0.859330 0.520335 0.878469 0.577034 0.882297 0.603589 0.850718 0.621531 0.803828 0.616507 0.741627 0.584928 0.695694 0.569139 0.686124 0.554785 0.688995 0.544019 0.715789 0.528230 0.750239 0.516029 0.770335 0.490909 0.770335
7 0.757895 0.825837 0.764354 0.865072 0.781579 0.884211 0.815311 0.882297 0.834689 0.865072 0.843301 0.822010 0.843301 0.762679 0.834689 0.726316 0.816746 0.702392 0.802392 0.703349 0.793780 0.724402 0.784450 0.751196 0.784450 0.781818 0.775837 0.807656
7 0.233254 0.765550 0.240431 0.827751 0.278469 0.870813 0.329426 0.869856 0.366746 0.826794 0.371770 0.784689 0.355263 0.762679 0.327273 0.760766 0.261244 0.762679
8 0.817464 0.471770 0.826077 0.467943 0.863809 0.549914 0.870574 0.596172 0.871292 0.620096 0.871292 0.644019 0.876316 0.667943 0.868421 0.688995 0.855502 0.688995 0.855502 0.682297 0.846890 0.647847 0.826077 0.631579 0.804546 0.631579 0.799522 0.660287 0.797368 0.600000 0.790191 0.577033 0.840431 0.573206 0.847608 0.566507 0.845455 0.543541
10 0.546172 0.648804 0.553349 0.633493 0.540431 0.639234 0.533971 0.601914 0.518900 0.592345 0.503110 0.592345 0.547608 0.576077 0.591388 0.568421 0.600000 0.556938 0.608612 0.560766 0.614725 0.560276 0.616507 0.554067 0.615789 0.563636 0.622249 0.591388 0.621531 0.615311 0.626555 0.652632 0.625120 0.668900 0.609330 0.629665 0.594976 0.615311 0.577751 0.610526 0.562679 0.619139
29 0.618660 0.641148 0.620096 0.650718 0.626555 0.644976
12 0.442105 0.437321 0.425598 0.449761 0.491627 0.439234 0.527512 0.444019 0.602153 0.443062 0.622967 0.451675 0.609330 0.548325 0.618379 0.553937 0.638038 0.451675 0.686124 0.444976 0.783014 0.461244 0.817464 0.468900 0.821770 0.463158 0.797368 0.453589 0.777273 0.447847 0.698325 0.437321 0.664593 0.433493 0.597847 0.427751 0.526077 0.424880 0.497368 0.427751 0.474402 0.430622
16 0.727751 0.372249 0.700478 0.435407 0.706938 0.435407
14 0.622967 0.457416 0.597847 0.547368 0.361722 0.538756 0.422727 0.456459 0.466507 0.447847 0.523923 0.447847 0.590670 0.447847
17 0.561953 0.764247 0.560579 0.771972 0.565481 0.771234
17 0.549371 0.765942 0.548019 0.771760 0.553180 0.772416
17 0.542132 0.786067 0.540795 0.790820 0.545697 0.790820
17 0.550684 0.803314 0.549301 0.805896 0.552898 0.806634
17 0.564243 0.802945 0.561752 0.806634 0.565903 0.806634
17 0.806293 0.774073 0.805348 0.777853 0.807427 0.776845
17 0.804214 0.788185 0.802702 0.791965 0.805348 0.791209
17 0.805159 0.805824 0.803836 0.809352 0.806293 0.809100
20 0.366746 0.501435 0.368182 0.518660 0.355981 0.538756 0.345215 0.540670 0.345215 0.506220
21 0.641627 0.515789 0.639474 0.548325 0.620813 0.567464 0.625837 0.574163 0.653828 0.559809 0.667464 0.557895 0.680312 0.553079 0.681818 0.506220 0.652333 0.503553
22 0.465789 0.527273 0.465789 0.534928 0.523923 0.537799 0.546172 0.549282 0.540431 0.532057 0.517464 0.527273
23 0.542584 0.534928 0.544737 0.543541 0.556220 0.546411 0.556220 0.536842
32 0.472249 0.680383 0.465789 0.691866 0.469378 0.703349 0.477273 0.702392 0.481579 0.690909
33 0.235407 0.677512 0.229792 0.682972 0.226794 0.696651 0.233254 0.702392 0.241696 0.700298 0.245455 0.687081 0.241866 0.678469
35 0.696172 0.596172 0.702632 0.603828 0.714115 0.601914 0.710526 0.594258
35 0.775837 0.598086 0.775120 0.606699 0.787321 0.607656 0.786603 0.600000
47 0.809569 0.589474 0.811723 0.619139 0.823206 0.623923 0.823206 0.587560
39 0.350957 0.605742 0.333014 0.638278 0.365311 0.640191 0.358134 0.610526
46 0.546890 0.732057 0.528947 0.760766 0.525359 0.787560 0.533790 0.828259 0.561244 0.853589 0.588015 0.837909 0.597129 0.811483 0.597631 0.762548 0.589952 0.739713 0.570258 0.727526
46 0.818182 0.741627 0.807343 0.750159 0.805505 0.762313 0.803110 0.792345 0.808979 0.845763 0.822488 0.854545 0.836167 0.827749 0.839224 0.801628 0.835407 0.775120 0.833108 0.755142
51 0.633732 0.765550 0.633732 0.783732 0.777990 0.789474 0.775837 0.763636 0.742105 0.760766 0.653110 0.764593
55 0.863397 0.788517 0.863397 0.807656 0.849043 0.810526 0.843301 0.736842 0.831818 0.714833 0.813876 0.696651 0.800239 0.697608 0.788756 0.726316 0.779426 0.755981 0.767225 0.755981 0.791627 0.678469 0.806699 0.635407 0.825359 0.636364 0.844019 0.659330 0.852632 0.697608 0.863397 0.751196
0 0.878469 0.687081 0.876316 0.727273 0.869139 0.751196 0.858373 0.707177 0.856220 0.692823 0.871292 0.687081
71 0.276316 0.600957 0.279009 0.607756 0.280510 0.637021 0.252982 0.635767 0.231931 0.636502 0.230815 0.626170 0.235407 0.610526 0.238433 0.603678 0.263397 0.600000
70 0.448646 0.604121 0.430660 0.638802 0.481020 0.640646 0.516162 0.642491 0.531380 0.631792 0.523079 0.609655 0.476316 0.604121
61 0.441840 0.685371 0.445497 0.707542 0.462489 0.710770 0.462566 0.686166
62 0.246489 0.680554 0.242062 0.704962 0.250702 0.705545 0.255726 0.697028 0.255271 0.682818
63 0.282529 0.600799 0.286805 0.624613 0.291585 0.627967 0.307181 0.631321 0.325796 0.628302 0.344662 0.600128
63 0.366799 0.600128 0.373590 0.629979 0.423901 0.629308 0.437484 0.602812
64 0.756459 0.461244 0.813158 0.471770 0.843301 0.554067 0.841866 0.569378 0.793062 0.571292
65 0.741388 0.464115 0.766507 0.563636 0.776555 0.564593 0.752153 0.464115
57 0.553125 0.644792 0.539062 0.686458 0.525781 0.733333 0.533594 0.736458 0.572656 0.647917 0.588281 0.640625 0.585938 0.670833 0.597656 0.700000 0.624219 0.752083 0.624219 0.812500 0.628906 0.811458 0.621094 0.671875 0.610771 0.635450 0.592969 0.618750 0.574219 0.618750 0.561719 0.627083
72 0.870611 0.576775 0.871921 0.623157 0.873604 0.633131 0.875661 0.635874 0.875661 0.599966 0.873604 0.585752
64 0.694531 0.461458 0.715078 0.563074 0.764172 0.567019 0.737735 0.465209
68 0.648369 0.460055 0.638466 0.501877 0.632431 0.522204 0.635857 0.550491 0.639963 0.546078 0.641662 0.514040 0.654139 0.501233 0.682718 0.507075 0.680853 0.553297 0.658734 0.561503 0.700114 0.560881 0.698646 0.536603 0.681771 0.458029
