1 0.552647 0.674364 0.564975 0.678533 0.529074 0.750224 0.534660 0.756172 0.528248 0.774999 0.441872 0.751150 0.358778 0.724602 0.248052 0.695174 0.241087 0.664758 0.240601 0.658380 0.247253 0.599447 0.263019 0.590247 0.291214 0.594170 0.311897 0.605023 0.331966 0.610357 0.524402 0.665965 0.539370 0.671728
1 0.280509 0.550263 0.276586 0.557254 0.315982 0.563261 0.376189 0.579262 0.385057 0.582512 0.412481 0.591586 0.494577 0.615190 0.549298 0.634197 0.555242 0.647381 0.554700 0.660627 0.543036 0.666454 0.537807 0.667742 0.551391 0.673138 0.557262 0.667557 0.556782 0.637079 0.549376 0.628862 0.529949 0.619235 0.332797 0.561481 0.292224 0.548913
1 0.314213 0.565469 0.312795 0.599013 0.356572 0.614219 0.382339 0.586253 0.391592 0.586927 0.395817 0.606796 0.395583 0.622801 0.452073 0.639600 0.473994 0.613291 0.468843 0.609244 0.451280 0.630463 0.400633 0.617895 0.397179 0.592875 0.384750 0.579753 0.356600 0.604407 0.340170 0.603611 0.317282 0.593064 0.316133 0.576691
4 0.687480 0.528097 0.657271 0.590588 0.650854 0.633516 0.646105 0.665282 0.649330 0.682207 0.642020 0.707044 0.636289 0.774256 0.636618 0.791304 0.709461 0.814234 0.718691 0.800619 0.732671 0.755239 0.731727 0.732671 0.739735 0.683918 0.734567 0.641482 0.731251 0.567403 0.724671 0.534411
2 0.729951 0.537599 0.789131 0.560469 0.807075 0.671465 0.813220 0.702556 0.810675 0.734015 0.776236 0.800738 0.764516 0.826188 0.713741 0.814479 0.734412 0.762843 0.733954 0.746653 0.735165 0.719302 0.741683 0.685328 0.737335 0.642218 0.730665 0.552072
6 0.626381 0.604695 0.620689 0.613894 0.564991 0.606232 0.529898 0.614759 0.454160 0.591951 0.350611 0.562645 0.290097 0.543884 0.283662 0.548423 0.312784 0.536524 0.352771 0.533762 0.390168 0.533882 0.404137 0.536702 0.450889 0.546449 0.546133 0.573548 0.587013 0.588876 0.615001 0.598992
7 0.486877 0.777393 0.482536 0.820873 0.490500 0.854232 0.509386 0.877105 0.563543 0.895069 0.593384 0.873542 0.616974 0.836072 0.620473 0.778979 0.596184 0.729676 0.582243 0.717044 0.568017 0.715941 0.554043 0.737221 0.534197 0.764083 0.519737 0.778986 0.495516 0.772548
7 0.745509 0.890764 0.746474 0.927620 0.760516 0.949205 0.793299 0.956132 0.814294 0.945644 0.828374 0.909217 0.836332 0.855987 0.832905 0.821155 0.818813 0.795093 0.804844 0.792273 0.793715 0.808954 0.781125 0.830603 0.777018 0.858076 0.765248 0.879050
7 0.247718 0.702226 0.246295 0.759871 0.277197 0.808254 0.326460 0.820454 0.368221 0.791383 0.378713 0.754895 0.365748 0.730918 0.339016 0.722028 0.275092 0.706824
8 0.850437 0.588367 0.859255 0.587140 0.884643 0.670353 0.884962 0.713589 0.882445 0.735237 0.879237 0.756700 0.880872 0.779451 0.870436 0.796316 0.857979 0.793006 0.858878 0.786996 0.855194 0.753881 0.837307 0.733952 0.816546 0.728434 0.807851 0.752903 0.813861 0.698263 0.810021 0.675818 0.858977 0.685259 0.866796 0.681088 0.867800 0.659931
10 0.565103 0.677675 0.574077 0.665777 0.560851 0.667618 0.559628 0.632479 0.546379 0.620031 0.531154 0.615985 0.576242 0.612793 0.619483 0.617144 0.629328 0.609049 0.637119 0.614690 0.643078 0.615818 0.645630 0.610703 0.643654 0.619105 0.646160 0.645658 0.642259 0.666938 0.642098 0.701709 0.638532 0.715936 0.628569 0.676689 0.616654 0.660133 0.600687 0.651426 0.584999 0.655290
29 0.636026 0.689383 0.636126 0.698336 0.643125 0.694840
12 0.493124 0.461267 0.475539 0.468198 0.540618 0.475675 0.574578 0.489164 0.646678 0.507433 0.665591 0.520494 0.639479 0.603713 0.647452 0.611067 0.680124 0.524357 0.727389 0.530670 0.818631 0.570095 0.850822 0.585792 0.855745 0.581744 0.833499 0.566905 0.814892 0.556604 0.740180 0.526928 0.708168 0.514849 0.644579 0.492593 0.575761 0.471625 0.547694 0.466844 0.525164 0.463534
16 0.777282 0.476088 0.742513 0.525763 0.748741 0.527418
14 0.664821 0.525645 0.628535 0.599912 0.402011 0.531673 0.471872 0.473472 0.515241 0.476964 0.570604 0.491678 0.634963 0.508783
17 0.564836 0.785293 0.562474 0.791871 0.567301 0.792465
17 0.552476 0.783589 0.550392 0.788462 0.555281 0.790373
17 0.542797 0.799789 0.540870 0.803712 0.545597 0.804968
17 0.548730 0.817455 0.547050 0.819417 0.550419 0.821001
17 0.561853 0.820598 0.558957 0.823270 0.562959 0.824334
17 0.799118 0.856725 0.797700 0.859875 0.799840 0.859503
17 0.795221 0.868853 0.793256 0.871857 0.795909 0.871857
17 0.793766 0.884921 0.792017 0.887747 0.794420 0.888151
20 0.411861 0.499477 0.410935 0.515299 0.396475 0.530202 0.385838 0.529160 0.390458 0.498252
21 0.674985 0.582799 0.668545 0.611438 0.647985 0.623827 0.651931 0.631124 0.680845 0.625419 0.694251 0.627196 0.707285 0.626168 0.715022 0.584513 0.686949 0.574564
22 0.503896 0.548040 0.502869 0.554908 0.558539 0.572382 0.578452 0.588386 0.575226 0.571461 0.553723 0.561282
23 0.576917 0.574588 0.577838 0.582867 0.588525 0.588385 0.589809 0.579800
32 0.489588 0.687063 0.481820 0.695710 0.483740 0.706932 0.491480 0.708097 0.497173 0.698898
33 0.261602 0.623792 0.255456 0.627252 0.250731 0.638756 0.256189 0.645562 0.264610 0.645846 0.270007 0.634952 0.267702 0.626306
35 0.716798 0.668895 0.721999 0.677419 0.733329 0.678645 0.730895 0.670857
35 0.793357 0.691028 0.791510 0.698571 0.803146 0.702556 0.803481 0.695504
47 0.827038 0.691945 0.825135 0.719112 0.835566 0.726348 0.840443 0.693723
39 0.382646 0.589013 0.360981 0.613605 0.391866 0.623599 0.388925 0.595145
46 0.554629 0.752552 0.533477 0.773711 0.526424 0.796830 0.529094 0.835506 0.552169 0.865267 0.580086 0.858060 0.592418 0.836687 0.599465 0.792912 0.595124 0.770456 0.577769 0.754475
46 0.814934 0.830662 0.803338 0.835539 0.799936 0.845972 0.793599 0.872302 0.792093 0.921733 0.803941 0.933074 0.820724 0.912538 0.827175 0.889886 0.827051 0.865125 0.827514 0.846613
51 0.633873 0.804857 0.631434 0.821169 0.769763 0.863289 0.771152 0.839557 0.739012 0.828337 0.652686 0.808964
55 0.852243 0.884318 0.849676 0.901489 0.835450 0.900386 0.839797 0.832806 0.831677 0.810117 0.816815 0.789206 0.803538 0.786570 0.788614 0.809384 0.775639 0.833608 0.763875 0.830481 0.797800 0.767192 0.818109 0.732420 0.835973 0.738061 0.850886 0.763448 0.854056 0.799997 0.857249 0.850834
0 0.880381 0.797174 0.872914 0.832681 0.862785 0.852306 0.858309 0.810054 0.858158 0.796624 0.873461 0.795335
71 0.311316 0.565592 0.313001 0.572382 0.310523 0.599022 0.284148 0.590843 0.263751 0.586107 0.264061 0.576552 0.270587 0.563693 0.274423 0.558325 0.298988 0.561422
70 0.477058 0.612593 0.455064 0.639099 0.503376 0.653660 0.537013 0.664320 0.553122 0.658621 0.548087 0.636633 0.503739 0.619684
61 0.459598 0.683745 0.460151 0.704574 0.476101 0.711824 0.479477 0.689770
62 0.271880 0.629361 0.264337 0.650125 0.272591 0.652862 0.278577 0.646508 0.280044 0.633642
63 0.317328 0.567042 0.318258 0.589503 0.322416 0.593737 0.337005 0.600743 0.355359 0.602805 0.377329 0.582363
63 0.398674 0.588036 0.401219 0.616558 0.449820 0.628849 0.466472 0.608558
64 0.793026 0.563290 0.846285 0.587264 0.864312 0.668824 0.860875 0.682193 0.813560 0.671403
65 0.778108 0.562003 0.788981 0.657729 0.798541 0.661163 0.788489 0.564762
57 0.572346 0.675857 0.553197 0.709636 0.534104 0.748288 0.541218 0.753093 0.590759 0.683666 0.606803 0.681128 0.600492 0.707630 0.607879 0.736801 0.626506 0.790336 0.618402 0.844541 0.623062 0.844808 0.634251 0.717574 0.629183 0.682249 0.614257 0.662704 0.596178 0.657899 0.583007 0.662172
72 0.887600 0.696195 0.882641 0.738144 0.882926 0.747525 0.884542 0.750513 0.889358 0.718296 0.889281 0.705016
64 0.733284 0.547612 0.739467 0.644045 0.786276 0.660166 0.774439 0.562048
68 0.688961 0.534523 0.673804 0.569507 0.665258 0.586197 0.664767 0.612454 0.669318 0.609547 0.675253 0.581238 0.689002 0.572945 0.715776 0.585511 0.707777 0.626502 0.685349 0.628196 0.725332 0.638243 0.727173 0.616084 0.721440 0.541265
