1 0.493789 0.555457 0.459849 0.695652 0.465173 0.699201 0.461846 0.731145 0.405945 0.742680 0.329414 0.735581 0.297471 0.735581 0.276176 0.725821 0.185004 0.703638 0.165040 0.708075 0.135093 0.700976 0.127107 0.693878 0.089840 0.679681 0.082520 0.650399 0.073203 0.612245 0.070541 0.560781 0.076531 0.529725 0.087844 0.522626 0.129769 0.535936 0.175688 0.546584 0.253549 0.559006 0.305457 0.560781 0.329414 0.560781 0.377995 0.562555 0.460515 0.558119 0.474490 0.539485 0.482668 0.527192 0.467886 0.494126 0.455720 0.489849 0.422096 0.488039 0.105808 0.462922 0.100515 0.467362 0.232770 0.487099 0.460944 0.501109 0.466691 0.516114 0.477606 0.550784
2 0.750665 0.590949 0.745342 0.619343 0.801242 0.597161 0.808563 0.571429 0.817214 0.555457 0.817214 0.541260 0.853815 0.423248 0.850488 0.387755 0.837178 0.345164 0.809228 0.255546 0.793256 0.212955 0.712067 0.217391 0.733363 0.298137 0.750665 0.379769 0.759982 0.426797 0.761313 0.479148 0.763310 0.514641 0.754658 0.548359
4 0.739352 0.621118 0.638199 0.661934 0.628217 0.594499 0.630878 0.487134 0.624224 0.459627 0.625555 0.423248 0.621562 0.406389 0.616903 0.393966 0.652174 0.235138 0.668146 0.223602 0.696096 0.217391 0.709405 0.217391 0.726708 0.283940 0.744676 0.363798 0.755989 0.417036 0.758651 0.475599 0.760648 0.514641 0.752662 0.548359 0.747338 0.597161 0.744676 0.611358
6 0.417258 0.484472 0.423248 0.472937 0.449201 0.456078 0.561003 0.408163 0.582298 0.401065 0.584960 0.385093 0.560337 0.377995 0.315439 0.365572 0.292147 0.366460 0.169033 0.417036 0.111801 0.445430 0.108474 0.458740 0.190328 0.466726 0.342724 0.480035 0.395963 0.482697
7 0.290151 0.736468 0.260204 0.763088 0.228261 0.771961 0.178350 0.756877 0.151730 0.732919 0.135759 0.709849 0.178350 0.708075 0.198980 0.710736 0.238243 0.718722 0.259539 0.728483
7 0.417258 0.763975 0.436557 0.805679 0.457853 0.828749 0.481810 0.842058 0.517746 0.848270 0.562999 0.837622 0.589618 0.807453 0.614241 0.760426 0.621562 0.706300 0.619565 0.661047 0.598935 0.607808 0.571650 0.580302 0.553682 0.565217 0.526398 0.559006 0.515750 0.574978 0.497782 0.618456 0.479148 0.682343 0.468500 0.695652 0.465173 0.731145 0.448536 0.740018 0.421917 0.746229
7 0.803904 0.628217 0.810559 0.658385 0.822538 0.679681 0.839840 0.688554 0.865129 0.685004 0.881100 0.677906 0.901730 0.618456 0.905058 0.568767 0.898403 0.515528 0.881100 0.482697 0.861801 0.477374 0.853815 0.477374 0.843168 0.523514 0.830523 0.558119 0.833185 0.579414 0.835847 0.600710 0.832520 0.612245 0.811890 0.625555
8 0.856477 0.420586 0.883762 0.406389 0.901730 0.418811 0.911713 0.444543 0.925022 0.440994 0.931677 0.436557 0.931677 0.394854 0.925688 0.369122 0.925022 0.322981 0.895741 0.249335 0.873114 0.207631 0.864463 0.216504 0.883762 0.259982 0.897072 0.301686 0.901065 0.328305 0.873114 0.338953 0.838509 0.346051 0.853815 0.393966
0 0.912378 0.447205 0.931012 0.440106 0.935670 0.452529 0.933008 0.468500 0.925688 0.498669 0.923691 0.511091 0.917036 0.464951
72 0.926721 0.328950 0.932614 0.366762 0.932245 0.388859 0.927089 0.369708 0.926721 0.350066
10 0.422793 0.485428 0.463897 0.490648 0.476294 0.506307 0.483471 0.526316 0.476294 0.541975 0.478904 0.552414 0.495215 0.552414 0.504350 0.528926 0.530448 0.498478 0.550022 0.487168 0.579382 0.481949 0.596999 0.494128 0.608743 0.512397 0.620487 0.551544 0.626359 0.580252 0.628969 0.484558 0.622445 0.454110 0.623749 0.421923 0.613310 0.390605 0.613963 0.384515 0.602871 0.374076 0.587864 0.384515 0.584602 0.401914 0.554589 0.414963 0.531100 0.423662 0.483471 0.443671 0.453458 0.455850 0.424750 0.472379
12 0.604176 0.372336 0.616572 0.385385 0.649195 0.237495 0.664854 0.220096 0.687038 0.215746 0.731405 0.214876 0.811005 0.212266 0.861896 0.216616 0.870378 0.206177 0.883428 0.223575 0.876903 0.200087 0.845585 0.193997 0.818182 0.189648 0.739234 0.187038 0.662897 0.193127 0.636799 0.188778 0.541540 0.193127 0.479556 0.200087 0.446933 0.208786 0.414963 0.217486 0.398652 0.232275 0.447586 0.221836 0.483471 0.219226 0.560461 0.219226 0.628969 0.232275 0.635494 0.245324 0.612658 0.350587
14 0.585907 0.370596 0.600261 0.373206 0.615920 0.317529 0.631579 0.241844 0.626359 0.234885 0.563723 0.221836 0.538930 0.223575 0.479556 0.221836 0.397346 0.235755 0.382340 0.250544 0.358199 0.282732 0.328839 0.325359 0.308612 0.350587 0.331448 0.337538 0.362114 0.342758 0.388212 0.355807 0.411701 0.351457 0.442366 0.341888 0.491301 0.345368 0.538278 0.355807 0.558504 0.367986 0.574163 0.368856
16 0.754241 0.149630 0.737277 0.189648 0.746412 0.191388
21 0.333406 0.312310 0.331448 0.303610 0.310570 0.302740 0.309917 0.328839 0.312527 0.341888
20 0.657676 0.309700 0.697476 0.308830 0.705319 0.320709 0.705958 0.374946 0.664201 0.382775 0.640060 0.382775 0.618529 0.384515 0.630926 0.372336 0.645932 0.370596 0.643975 0.347977 0.647237 0.329709
17 0.533218 0.679763 0.531598 0.685165 0.539700 0.691106 0.540105 0.684084
17 0.514987 0.680303 0.512962 0.691106 0.520659 0.691647 0.520659 0.683544
17 0.858941 0.593877 0.856915 0.602519 0.864207 0.603059 0.865017 0.596577
17 0.858941 0.575511 0.856105 0.583613 0.861776 0.584154
17 0.511746 0.727298 0.509721 0.738101 0.518228 0.739181 0.520659 0.729998
17 0.504454 0.706231 0.503644 0.713793 0.510531 0.713793 0.512151 0.706771
22 0.522488 0.367464 0.529665 0.356938 0.488038 0.347368 0.437799 0.346411 0.416268 0.357895 0.454306 0.352153 0.488756 0.358852
23 0.531100 0.357895 0.555502 0.370335 0.538995 0.375120 0.526794 0.368421
28 0.879904 0.595215 0.887799 0.602871 0.890670 0.590431
29 0.618660 0.503349 0.609330 0.516746 0.618660 0.516746 0.627273 0.512919 0.627273 0.503349
30 0.309330 0.354067 0.333732 0.346411 0.355981 0.355981 0.376077 0.363636 0.381100 0.356938 0.363158 0.348325 0.332297 0.337799
31 0.379665 0.365550 0.399043 0.367464 0.384689 0.356938
44 0.449281 0.373206 0.456458 0.386603 0.460046 0.377990
45 0.322246 0.369378 0.327987 0.378947 0.330141 0.368421
33 0.083969 0.579904 0.074639 0.596172 0.081098 0.612440 0.089275 0.611015 0.093299 0.592345
32 0.373206 0.622010 0.366747 0.634450 0.366029 0.643062 0.373924 0.660287 0.387560 0.654545 0.386842 0.630622
35 0.820336 0.384689 0.820336 0.402871 0.843302 0.393301 0.843302 0.378947
35 0.729186 0.406699 0.732775 0.422010 0.751435 0.412440 0.748564 0.402871
46 0.537558 0.625837 0.510404 0.638664 0.493061 0.654545 0.478734 0.708824 0.483013 0.758852 0.504544 0.788517 0.535405 0.800957 0.569855 0.777991 0.582966 0.751046 0.590985 0.697946 0.577749 0.661244 0.565842 0.636759
46 0.862679 0.536842 0.857655 0.558852 0.857655 0.585646 0.859808 0.634450 0.873445 0.653589 0.884413 0.645169 0.891014 0.620788 0.898564 0.590431 0.900000 0.562679 0.890735 0.534583 0.879904 0.521531
55 0.817464 0.564593 0.829665 0.566507 0.838995 0.529187 0.847608 0.486124 0.861962 0.457416 0.877751 0.434450 0.889952 0.454545 0.892105 0.478469 0.897129 0.507177 0.902871 0.534928 0.907895 0.588517 0.915789 0.587560 0.920813 0.552153 0.918660 0.514833 0.908612 0.443062 0.900000 0.420096 0.884928 0.411483 0.864115 0.419139 0.851196 0.439234 0.838278 0.487081 0.818900 0.542584
57 0.462919 0.690909 0.473684 0.686124 0.495215 0.614354 0.519617 0.558852 0.533971 0.542584 0.558373 0.526316 0.584928 0.528230 0.591388 0.562679 0.603589 0.607656 0.622967 0.671770 0.621531 0.726316 0.622967 0.745455 0.634450 0.711962 0.635885 0.667943 0.620813 0.562679 0.602153 0.505263 0.582057 0.488038 0.569139 0.486124 0.548325 0.490909 0.509569 0.520574 0.498804 0.549282 0.491627 0.572249 0.477273 0.630622 0.468660 0.667943
39 0.186603 0.543541 0.239713 0.553110 0.235407 0.490909 0.218182 0.488038
60 0.124880 0.598086 0.124880 0.643062 0.300000 0.676555 0.282775 0.615311 0.261961 0.617225 0.259091 0.649761 0.142105 0.628708 0.142105 0.591388
59 0.141387 0.579904 0.142822 0.632536 0.256937 0.651675 0.256937 0.598086
63 0.238995 0.490909 0.340909 0.499522 0.316507 0.555024 0.246172 0.553110
63 0.139234 0.477512 0.132775 0.533014 0.183014 0.544498 0.212440 0.488038
61 0.330144 0.621053 0.325837 0.639234 0.334450 0.657416 0.358852 0.657416 0.362440 0.618182
62 0.098325 0.587560 0.095454 0.606699 0.078230 0.619139 0.101914 0.628708 0.104784 0.600957
70 0.343780 0.500478 0.317943 0.556938 0.457895 0.555024 0.470096 0.537799 0.459330 0.504306 0.394737 0.500478
71 0.137081 0.476555 0.131340 0.531100 0.089713 0.519617 0.095455 0.488038 0.102632 0.471770
68 0.650956 0.275598 0.641694 0.306966 0.635892 0.338936 0.644116 0.372646 0.644497 0.328518 0.664634 0.305310 0.698577 0.302859 0.707876 0.319997 0.709091 0.365550 0.734382 0.366079 0.727033 0.320574 0.706937 0.234450 0.663157 0.245933
65 0.786602 0.229665 0.813158 0.348325 0.829665 0.345455 0.793779 0.226794
64 0.722009 0.229665 0.752870 0.358852 0.811722 0.343541 0.780143 0.229665
64 0.796650 0.216268 0.829665 0.302392 0.838500 0.347414 0.900786 0.332320 0.887799 0.276555 0.862679 0.216268
47 0.859809 0.354067 0.864115 0.399043 0.879904 0.398086 0.877751 0.356938
