1 0.445205 0.571406 0.388627 0.686729 0.393356 0.691624 0.384856 0.719308 0.327274 0.711827 0.252158 0.680985 0.220324 0.670778 0.200686 0.655190 0.113427 0.606095 0.092811 0.603709 0.064119 0.587752 0.057313 0.578812 0.022478 0.554128 0.019935 0.525437 0.016843 0.488124 0.022543 0.440958 0.033552 0.414924 0.045979 0.412150 0.085600 0.437525 0.129633 0.461779 0.205212 0.497837 0.256654 0.516020 0.280529 0.523675 0.328655 0.540795 0.411612 0.563170 0.428564 0.550866 0.438710 0.542416 0.429345 0.507935 0.417914 0.500199 0.384699 0.487826 0.073571 0.364160 0.067576 0.366464 0.196175 0.426486 0.421294 0.512002 0.424585 0.527341 0.429836 0.562030
2 0.695441 0.685426 0.685527 0.709278 0.744836 0.707177 0.756308 0.686358 0.767522 0.674749 0.769826 0.661973 0.825456 0.567464 0.827901 0.534460 0.821550 0.491878 0.808241 0.402296 0.799237 0.358863 0.717605 0.336913 0.725723 0.416384 0.729717 0.495377 0.731369 0.540676 0.724198 0.588214 0.720427 0.620793 0.706333 0.648373
4 0.679270 0.708961 0.571838 0.713372 0.572835 0.649495 0.592914 0.553723 0.590746 0.526843 0.597977 0.494528 0.596734 0.478081 0.594108 0.465413 0.655037 0.333746 0.672826 0.328469 0.701689 0.331810 0.714953 0.336063 0.721395 0.401481 0.726340 0.479090 0.728974 0.530616 0.722121 0.584169 0.717774 0.619943 0.704343 0.647735 0.691117 0.689953 0.686160 0.701879
6 0.380457 0.483070 0.388298 0.474603 0.416900 0.467724 0.536095 0.460327 0.558470 0.460744 0.563715 0.447221 0.540328 0.432965 0.298285 0.343534 0.274929 0.336890 0.144027 0.343068 0.082383 0.350334 0.076907 0.361248 0.157185 0.394590 0.306899 0.455262 0.359523 0.474669
7 0.212885 0.669238 0.178720 0.683625 0.145446 0.681403 0.098154 0.651880 0.075515 0.621815 0.063342 0.595950 0.106075 0.607961 0.126203 0.616949 0.164035 0.636681 0.183674 0.652270
7 0.335093 0.734606 0.347557 0.778304 0.365035 0.805870 0.386750 0.825503 0.421555 0.842575 0.468381 0.847452 0.499806 0.828808 0.531977 0.794354 0.548057 0.747983 0.553412 0.706620 0.541494 0.652116 0.518767 0.618644 0.503309 0.599328 0.477126 0.585020 0.463922 0.595991 0.438959 0.629377 0.410020 0.680917 0.397248 0.689493 0.388172 0.720371 0.370152 0.723040 0.342615 0.720124
7 0.742449 0.735976 0.744184 0.765252 0.752665 0.788244 0.768468 0.801758 0.794246 0.806644 0.811315 0.805359 0.841524 0.758450 0.852905 0.714796 0.854913 0.664758 0.842999 0.629683 0.824630 0.618726 0.816671 0.616174 0.798571 0.654295 0.780354 0.681397 0.779550 0.701413 0.778747 0.721428 0.773559 0.730746 0.750839 0.736132
8 0.828541 0.565919 0.858037 0.561861 0.873927 0.578781 0.879699 0.605128 0.893539 0.606187 0.900891 0.604321 0.907660 0.566790 0.905867 0.541719 0.912693 0.499983 0.895465 0.424349 0.879685 0.379588 0.869623 0.384809 0.881799 0.430104 0.888295 0.471887 0.887954 0.497119 0.858371 0.497770 0.822732 0.493101 0.830209 0.541113
0 0.879930 0.607736 0.899652 0.607302 0.902278 0.619970 0.897033 0.633493 0.884841 0.658304 0.880835 0.668845 0.881692 0.625195
72 0.913417 0.505897 0.913153 0.541808 0.909199 0.561577 0.907169 0.542694 0.909990 0.524900
10 0.385818 0.485700 0.425934 0.503531 0.435747 0.521584 0.439652 0.541884 0.429958 0.553683 0.430865 0.563912 0.447120 0.569124 0.460036 0.550904 0.490986 0.531842 0.512329 0.527919 0.542436 0.532603 0.558015 0.549192 0.566754 0.569385 0.572104 0.608368 0.573297 0.636080 0.591429 0.550796 0.589869 0.521309 0.596394 0.492759 0.591073 0.461239 0.592712 0.455968 0.583352 0.443029 0.566703 0.447628 0.560628 0.462244 0.528600 0.464397 0.503779 0.464721 0.453066 0.467509 0.421179 0.468880 0.389886 0.474582
12 0.584935 0.441880 0.595171 0.457584 0.651686 0.334916 0.670115 0.324261 0.692929 0.327435 0.737285 0.340829 0.817036 0.363914 0.867047 0.384090 0.877194 0.377406 0.887375 0.397233 0.884685 0.374010 0.854463 0.358523 0.827859 0.345852 0.749606 0.318278 0.672542 0.299366 0.647239 0.287113 0.551600 0.260589 0.488699 0.247047 0.454776 0.244452 0.421503 0.242066 0.402847 0.250163 0.453309 0.256404 0.489494 0.265522 0.566221 0.290122 0.632376 0.323756 0.636760 0.337584 0.596918 0.425018
14 0.567011 0.434477 0.580892 0.441412 0.605534 0.396310 0.633424 0.333201 0.629352 0.325270 0.569048 0.293513 0.544057 0.287157 0.485170 0.266620 0.400982 0.252878 0.383627 0.261392 0.354344 0.282645 0.318166 0.311626 0.293914 0.327867 0.318790 0.323420 0.348503 0.337916 0.372394 0.357999 0.396508 0.361589 0.428622 0.362776 0.476824 0.381543 0.521945 0.405949 0.540125 0.423372 0.555590 0.429158
16 0.770633 0.289408 0.747232 0.320001 0.756052 0.324486
21 0.324835 0.301342 0.324296 0.292887 0.303631 0.285433 0.298744 0.308712 0.299227 0.321289
20 0.648418 0.402606 0.688223 0.414540 0.694111 0.427737 0.685945 0.476751 0.643060 0.470454 0.619002 0.462741 0.597262 0.457427 0.611593 0.450427 0.626831 0.453656 0.628551 0.432675 0.634767 0.417277
17 0.464323 0.695873 0.461832 0.700216 0.468942 0.708152 0.470486 0.701962
17 0.446068 0.690534 0.442295 0.699609 0.449879 0.702554 0.451194 0.695263
17 0.802870 0.722657 0.799449 0.729788 0.806628 0.732604 0.808488 0.727030
17 0.805851 0.706129 0.801710 0.712515 0.807274 0.714813
17 0.435210 0.731790 0.431438 0.740865 0.439741 0.744556 0.443654 0.737069
17 0.431362 0.710502 0.429327 0.717048 0.436191 0.719249 0.438945 0.713447
22 0.504318 0.411394 0.513179 0.404214 0.473248 0.382302 0.423336 0.365388 0.400015 0.368842 0.438855 0.375829 0.472099 0.392865
23 0.514454 0.405534 0.536753 0.424527 0.519526 0.423558 0.508454 0.413631
28 0.823545 0.730561 0.830170 0.739973 0.835050 0.729695
29 0.578106 0.564412 0.566633 0.573488 0.575931 0.576469 0.585135 0.575776 0.586689 0.567164
30 0.294064 0.331228 0.319625 0.332136 0.340245 0.347856 0.359029 0.361167 0.365123 0.356744 0.348640 0.343260 0.319593 0.323926
31 0.362295 0.364036 0.381296 0.371950 0.368699 0.357891
44 0.430429 0.393170 0.435407 0.407519 0.440381 0.400915
45 0.304451 0.349134 0.308620 0.359580 0.312474 0.350795
33 0.032821 0.462459 0.020882 0.474118 0.024679 0.490822 0.033059 0.492152 0.040100 0.476636
32 0.314233 0.592770 0.305777 0.601902 0.303663 0.609423 0.308735 0.627447 0.323257 0.626637 0.326425 0.604878
35 0.798350 0.522066 0.795399 0.538428 0.819840 0.537155 0.822170 0.524237
35 0.703940 0.512748 0.705031 0.527674 0.725181 0.525025 0.723873 0.515495
46 0.477401 0.648730 0.448258 0.651596 0.428396 0.660347 0.405309 0.704617 0.401453 0.751006 0.418096 0.784582 0.446832 0.805639 0.484892 0.795978 0.502331 0.775919 0.518942 0.730694 0.511708 0.693436 0.503815 0.667595
46 0.815853 0.672524 0.807274 0.690726 0.802925 0.714840 0.797150 0.759448 0.807633 0.781029 0.819930 0.776956 0.830466 0.757125 0.842917 0.732217 0.848852 0.707701 0.844179 0.679456 0.835504 0.664249
55 0.766288 0.683051 0.778137 0.688672 0.793492 0.658067 0.809065 0.622066 0.828029 0.600817 0.847492 0.585193 0.856390 0.607177 0.854652 0.629394 0.855000 0.656835 0.856217 0.683644 0.852526 0.733476 0.860549 0.735137 0.871303 0.704879 0.875214 0.670605 0.876850 0.602805 0.871994 0.579385 0.858372 0.566818 0.836387 0.567057 0.820251 0.581014 0.799611 0.619946 0.771291 0.663703
57 0.392456 0.683441 0.403961 0.682575 0.437067 0.624866 0.470394 0.582714 0.487339 0.572660 0.514298 0.565817 0.540451 0.576025 0.541297 0.609091 0.546156 0.653466 0.555062 0.717357 0.544778 0.765986 0.543102 0.783668 0.559982 0.757196 0.568557 0.718040 0.570622 0.618494 0.561345 0.560860 0.544113 0.538938 0.531550 0.533087 0.510031 0.530743 0.466593 0.545056 0.451205 0.567452 0.440325 0.585827 0.416545 0.633773 0.401905 0.664607
39 0.141005 0.462528 0.192380 0.488110 0.198184 0.430757 0.181484 0.422670
60 0.070641 0.491894 0.063341 0.532369 0.232425 0.618466 0.225199 0.557847 0.204146 0.552918 0.196004 0.581282 0.082836 0.524955 0.088894 0.491369
59 0.090042 0.480805 0.082930 0.528629 0.193547 0.582316 0.202245 0.534089
63 0.201760 0.431904 0.301927 0.472219 0.268601 0.514370 0.198817 0.490174
63 0.104516 0.387971 0.089070 0.435856 0.137273 0.462243 0.175762 0.420835
61 0.271473 0.578149 0.264231 0.593136 0.269863 0.612250 0.294181 0.620047 0.304125 0.585885
62 0.045885 0.473936 0.039918 0.490242 0.020733 0.495934 0.042783 0.512113 0.050148 0.488056
70 0.304633 0.473997 0.269720 0.516551 0.409504 0.559547 0.424459 0.547945 0.419166 0.514363 0.355415 0.490279
71 0.102525 0.386422 0.087950 0.433675 0.048330 0.410040 0.059177 0.383455 0.068970 0.371108
68 0.647256 0.369769 0.632935 0.395040 0.621964 0.421957 0.624689 0.454921 0.632230 0.415330 0.656065 0.400879 0.690289 0.409518 0.696775 0.427913 0.690592 0.469296 0.715711 0.477854 0.715773 0.434554 0.709724 0.350626 0.664230 0.346971
65 0.789893 0.371775 0.797098 0.487047 0.814015 0.489738 0.797511 0.371485
64 0.725521 0.351136 0.735309 0.477257 0.796444 0.482283 0.783456 0.369711
64 0.802081 0.362929 0.821004 0.450985 0.822501 0.494325 0.887024 0.500643 0.883132 0.446308 0.867883 0.384027
47 0.842658 0.507121 0.839649 0.548972 0.855540 0.553156 0.860073 0.515437
