3 0.198674 0.454952 0.197842 0.531407 0.226313 0.550810 0.258602 0.579417 0.287894 0.628344 0.312658 0.680541 0.315145 0.703232 0.489643 0.679925 0.488631 0.646600 0.479292 0.528094 0.472908 0.401684 0.457962 0.198709 0.233497 0.228412 0.213802 0.356208 0.203573 0.419186
5 0.491790 0.682597 0.782912 0.658365 0.786908 0.631273 0.798886 0.523265 0.794950 0.445329 0.790744 0.415154 0.777284 0.374353 0.765308 0.349650 0.706402 0.285243 0.649070 0.225467 0.604719 0.196988 0.564285 0.192981 0.516130 0.195395 0.467307 0.197870 0.460968 0.205122 0.471285 0.396102 0.484617 0.620227
6 0.807691 0.339161 0.817224 0.328758 0.812451 0.313910 0.787749 0.302762 0.764574 0.295295 0.837095 0.297376 0.895028 0.302676 0.931504 0.307994 0.953392 0.316531 0.957594 0.333339 0.956119 0.343974 0.958030 0.355259 0.905726 0.355182 0.848322 0.360337 0.823716 0.351089
7 0.277482 0.714252 0.276885 0.782093 0.265648 0.825112 0.236388 0.869748 0.199301 0.892173 0.156821 0.900762 0.123774 0.883679 0.089862 0.849489 0.073065 0.808988 0.063894 0.760164 0.067025 0.715964 0.082220 0.671636 0.116248 0.628480 0.155337 0.605875 0.182229 0.607280 0.216228 0.616639 0.251379 0.648808 0.266601 0.684677 0.270658 0.698634
7 0.843206 0.736970 0.856570 0.775869 0.880037 0.802405 0.935636 0.814598 0.974542 0.814924 0.980545 0.801018 0.964808 0.516004 0.933624 0.509257 0.905781 0.515576 0.876368 0.530629 0.861644 0.557729 0.844731 0.594574 0.829065 0.656130 0.828940 0.706744
9 0.198178 0.538060 0.195716 0.449489 0.200951 0.420376 0.000000 0.438956 0.000000 0.413782 0.012514 0.260666 0.000000 0.264742 0.000000 0.296655 0.000000 0.304498 0.000000 0.518288 0.000000 0.685747 0.000000 0.724698 0.007047 0.723259 0.010409 0.657079 0.039084 0.574305 0.076075 0.549979 0.123366 0.530456 0.168852 0.528281
0 0.000000 0.724287 0.000000 0.723405 0.000000 0.695131
58 0.783964 0.665909 0.795099 0.740335 0.814701 0.756715 0.820041 0.756235 0.822116 0.691126 0.827063 0.656310 0.851444 0.568193 0.875460 0.525937 0.912543 0.490145 0.957452 0.476565 0.964795 0.475906 0.962015 0.434146 0.924683 0.438453 0.882972 0.462248 0.847465 0.502672 0.824644 0.555323 0.792392 0.633645
12 0.770316 0.355884 0.778034 0.336096 0.625219 0.191328 0.630079 0.181344 0.595840 0.167233 0.565611 0.166128 0.463245 0.170546 0.407367 0.179383 0.243405 0.198880 0.002637 0.237685 0.000000 0.241392 0.000000 0.248422 0.000000 0.297845 0.000000 0.261651 0.023050 0.256856 0.244557 0.221690 0.462063 0.200250 0.607341 0.195798 0.743032 0.320144
14 0.774788 0.324930 0.773636 0.302120 0.631654 0.185977 0.629224 0.190969
16 0.081190 0.173346 0.116725 0.213119 0.124735 0.212399
17 0.169238 0.727504 0.169146 0.738970 0.177824 0.738191 0.176628 0.727796
17 0.147963 0.735223 0.148540 0.746648 0.161615 0.746191 0.159498 0.734187
17 0.180037 0.771795 0.180686 0.784649 0.188136 0.782545 0.187631 0.772548
17 0.183288 0.746397 0.183901 0.758537 0.192426 0.757771 0.191849 0.746346
17 0.912958 0.660792 0.914037 0.672173 0.921595 0.672211 0.920733 0.665116
17 0.952212 0.640052 0.951285 0.651612 0.958952 0.653793 0.959987 0.644375
17 0.926528 0.640206 0.929540 0.649978 0.938675 0.651310 0.934837 0.635156
17 0.922176 0.693679 0.922609 0.702248 0.933032 0.699160 0.932527 0.689163
21 0.682024 0.277676 0.698886 0.276181 0.717482 0.305318 0.720100 0.351225 0.701617 0.376342 0.657037 0.365163 0.650381 0.349381 0.649823 0.288458
28 0.212447 0.745214 0.208795 0.752715 0.215639 0.758556 0.218216 0.749717
29 0.812035 0.491532 0.813946 0.502818 0.832636 0.501139 0.839690 0.494778 0.829294 0.488073
30 0.775638 0.301940 0.775028 0.329682 0.782702 0.322310
31 0.777078 0.330453 0.783422 0.336567 0.784704 0.322130
46 0.892961 0.624615 0.874390 0.674022 0.881081 0.719971 0.894145 0.740989 0.932359 0.770762 0.957459 0.768046 0.978367 0.762313 0.977150 0.724943 0.969286 0.595802 0.927282 0.600528
46 0.130288 0.694053 0.102397 0.731352 0.102805 0.773856 0.121269 0.830125 0.155041 0.852229 0.191554 0.847272 0.212274 0.824472 0.224163 0.783894 0.218973 0.743535 0.202003 0.706708 0.162757 0.688657
52 0.289064 0.704619 0.290658 0.762716 0.341723 0.764814 0.447710 0.752433 0.754949 0.728664 0.776544 0.718132 0.780448 0.702505 0.775762 0.662826 0.489168 0.683787 0.310996 0.700740
35 0.242637 0.462461 0.238545 0.487652 0.283219 0.482686 0.279349 0.459165
35 0.508299 0.438606 0.508831 0.462427 0.551503 0.457641 0.548348 0.435010
56 0.284723 0.698326 0.310088 0.696048 0.310655 0.680721 0.262612 0.592424 0.225886 0.555622 0.205760 0.542153 0.171094 0.532854 0.147588 0.532100 0.120888 0.534498 0.052290 0.570255 0.040040 0.579948 0.013987 0.661532 0.013237 0.699789 0.014264 0.773213 0.019233 0.805229 0.024861 0.810452 0.058419 0.784525 0.061656 0.768958 0.060254 0.714663 0.061086 0.638207 0.075997 0.601542 0.084670 0.587397 0.112129 0.573474 0.148173 0.570238 0.183838 0.572764 0.213357 0.586344 0.233054 0.604625 0.269405 0.660556
11 0.786341 0.646600 0.835219 0.525731 0.871293 0.469980 0.904802 0.443102 0.961871 0.431295 0.956887 0.359181 0.846511 0.364318 0.805785 0.341242 0.780132 0.337817 0.771699 0.356714 0.789356 0.400957 0.799060 0.473602 0.797464 0.548216
66 0.279035 0.240554 0.282860 0.409202 0.451890 0.388446 0.438422 0.223377
67 0.245233 0.248363 0.222022 0.412755 0.277472 0.408731 0.272018 0.298847 0.270502 0.244184
66 0.014613 0.262388 0.000000 0.414433 0.000000 0.443589 0.201920 0.421976 0.229636 0.231623
69 0.462826 0.202091 0.481148 0.378985 0.653553 0.367323 0.646134 0.289463 0.690793 0.277254 0.667353 0.257864 0.608296 0.201440
