3 0.240905 0.480923 0.236247 0.551908 0.263532 0.572316 0.294144 0.601597 0.320763 0.649512 0.342724 0.700089 0.344055 0.721384 0.518412 0.714286 0.519077 0.683230 0.515750 0.572316 0.515750 0.454303 0.511091 0.264419 0.286823 0.273292 0.260870 0.390417 0.247560 0.448092
5 0.520408 0.716948 0.810559 0.718722 0.815883 0.693878 0.833185 0.594499 0.833185 0.521739 0.830523 0.493345 0.819210 0.454303 0.808563 0.430346 0.753327 0.365572 0.699423 0.305235 0.656832 0.275067 0.616903 0.267968 0.568988 0.266193 0.520408 0.264419 0.513753 0.270630 0.514419 0.448980 0.516415 0.658385
6 0.851153 0.424135 0.861136 0.415262 0.857143 0.401065 0.833185 0.388642 0.810559 0.379769 0.882431 0.387755 0.939663 0.397516 0.975599 0.405501 0.996894 0.415262 0.999752 0.431233 0.998225 0.440994 0.999556 0.451642 0.947649 0.447205 0.890417 0.447205 0.866460 0.436557
7 0.306122 0.728483 0.302130 0.791482 0.288820 0.830523 0.257542 0.869565 0.219610 0.887311 0.177019 0.891748 0.145075 0.873114 0.113132 0.838509 0.098492 0.799468 0.091837 0.753327 0.097161 0.712511 0.114463 0.672582 0.150399 0.635315 0.190328 0.617569 0.216948 0.621118 0.250222 0.632653 0.283496 0.665484 0.296806 0.700089 0.300133 0.713398
7 0.866460 0.796806 0.877773 0.834073 0.899734 0.860692 0.954303 0.876664 0.992902 0.880213 0.999556 0.867791 0.998225 0.601597 0.967613 0.592724 0.939663 0.596273 0.909716 0.607808 0.893744 0.631766 0.875111 0.664596 0.856477 0.720497 0.853815 0.767524
9 0.236247 0.558119 0.238243 0.475599 0.244898 0.448980 0.038598 0.448980 0.022626 0.424135 0.065883 0.284827 0.020630 0.284827 0.003993 0.313221 0.001331 0.320319 0.001996 0.519965 0.000000 0.676131 0.021295 0.714286 0.037267 0.714286 0.043922 0.653061 0.076531 0.578527 0.114463 0.559006 0.162378 0.544809 0.207631 0.546584
0 0.015306 0.713398 0.003993 0.711624 0.001331 0.685004
58 0.811224 0.725821 0.818545 0.795918 0.837178 0.812777 0.842502 0.812777 0.847826 0.752440 0.854481 0.720497 0.883097 0.640639 0.909051 0.603372 0.947649 0.573203 0.992902 0.564330 0.999752 0.564330 0.999556 0.525288 0.962289 0.526176 0.919698 0.544809 0.882431 0.579414 0.857143 0.626442 0.821207 0.696540
12 0.813221 0.436557 0.821872 0.418811 0.677462 0.271517 0.682786 0.262644 0.649512 0.246673 0.619565 0.243123 0.517746 0.238687 0.461846 0.242236 0.298137 0.246673 0.057232 0.262644 0.026619 0.263532 0.001331 0.267968 0.001331 0.314108 0.023292 0.282165 0.076531 0.282165 0.298137 0.267968 0.515084 0.266193 0.659494 0.274179 0.787933 0.401065
14 0.819210 0.408163 0.819210 0.386868 0.684117 0.267081 0.681455 0.271517
16 0.138421 0.209406 0.171695 0.249335 0.179681 0.249335
17 0.198027 0.731766 0.197362 0.742414 0.206013 0.742414 0.205347 0.732653
17 0.176525 0.737164 0.176525 0.747830 0.189525 0.748497 0.188025 0.737164
17 0.206525 0.773829 0.206525 0.785829 0.214024 0.784496 0.214024 0.775163
17 0.211024 0.750497 0.211024 0.761830 0.219524 0.761830 0.219524 0.751163
17 0.939507 0.731830 0.940006 0.742497 0.947506 0.743164 0.947006 0.736497
17 0.979505 0.715831 0.978006 0.726497 0.985505 0.729164 0.987005 0.720497
17 0.954006 0.713831 0.956506 0.723164 0.965506 0.725164 0.962506 0.709831
17 0.947006 0.763163 0.947006 0.771163 0.957506 0.769163 0.957506 0.759830
21 0.729512 0.356506 0.746323 0.356524 0.763318 0.385155 0.763615 0.428037 0.744011 0.449837 0.700327 0.435728 0.694513 0.420505 0.697012 0.363839
28 0.240024 0.751830 0.236024 0.758496 0.242524 0.764496 0.245524 0.756496
29 0.847826 0.566105 0.849157 0.576752 0.867791 0.576752 0.875111 0.571429 0.865129 0.564330
30 0.821207 0.386868 0.819210 0.412600 0.827196 0.406389
31 0.821207 0.413487 0.827196 0.419698 0.829193 0.406389
46 0.921473 0.696540 0.900564 0.740907 0.904902 0.784168 0.916815 0.804792 0.953249 0.835650 0.978296 0.835221 0.999335 0.831638 0.999752 0.796806 0.998669 0.676131 0.956744 0.677019
46 0.161047 0.697427 0.131496 0.729764 0.129769 0.769299 0.145274 0.823135 0.177684 0.846495 0.214172 0.844935 0.235879 0.825475 0.249713 0.788756 0.246585 0.750814 0.231588 0.715173 0.193542 0.695122
52 0.318101 0.720497 0.316770 0.774623 0.367347 0.780834 0.473159 0.778172 0.779281 0.781721 0.801242 0.773736 0.805901 0.759539 0.803239 0.722271 0.517746 0.717835 0.340062 0.718722
35 0.284161 0.491571 0.278838 0.514641 0.323425 0.513753 0.320763 0.491571
35 0.549024 0.491571 0.548359 0.513753 0.590949 0.512866 0.588953 0.491571
56 0.314108 0.714286 0.339397 0.714286 0.340728 0.700089 0.297471 0.614020 0.262866 0.576752 0.243567 0.562555 0.209627 0.551020 0.186335 0.548359 0.159716 0.548359 0.089840 0.575865 0.077196 0.583851 0.047249 0.657498 0.044587 0.692990 0.041925 0.761313 0.045253 0.791482 0.050577 0.796806 0.085182 0.775510 0.089175 0.761313 0.090506 0.710736 0.095164 0.639752 0.111801 0.606921 0.121118 0.594499 0.149068 0.583851 0.185004 0.583851 0.220275 0.589175 0.248891 0.604259 0.267524 0.622893 0.300799 0.677906
11 0.814552 0.708075 0.869122 0.599823 0.907720 0.551020 0.942325 0.528838 0.999556 0.522626 0.998225 0.455191 0.888421 0.450754 0.849157 0.425909 0.823869 0.420586 0.814552 0.437445 0.829858 0.480035 0.835847 0.548359 0.830523 0.617569
66 0.331411 0.288376 0.326752 0.445430 0.495553 0.440246 0.490461 0.285714
67 0.297471 0.292813 0.266193 0.443656 0.321429 0.444543 0.321524 0.341966 0.322760 0.291038
66 0.067879 0.286602 0.025954 0.425022 0.039929 0.453416 0.245779 0.450548 0.282831 0.275954
69 0.515750 0.267968 0.525067 0.433895 0.696761 0.437445 0.693301 0.364466 0.738236 0.356846 0.715944 0.336869 0.660160 0.279503
