1 0.334107 0.449294 0.324936 0.462276 0.337509 0.512502 0.401319 0.700274 0.402570 0.727370 0.484077 0.818639 0.682009 0.783761 0.758107 0.745852 0.982604 0.623210 0.977714 0.446068 0.957379 0.444056 0.978267 0.387496 0.973987 0.291502 0.944481 0.302472 0.929453 0.387123 0.901444 0.437846 0.764640 0.485088 0.712301 0.402763 0.690096 0.379104 0.685412 0.399168 0.748945 0.535385 0.694583 0.535453 0.530608 0.564636 0.408212 0.532677 0.371491 0.473552 0.356042 0.431013 0.366939 0.385097 0.396940 0.392778 0.446478 0.410528 0.680766 0.377679 0.971679 0.293115 0.974322 0.264784 0.686463 0.346090 0.455927 0.379806 0.379898 0.356374 0.366519 0.348542 0.342312 0.410681 0.353186 0.461300
7 0.399089 0.734728 0.339866 0.745819 0.324940 0.723718 0.264840 0.391074 0.344862 0.629852 0.388245 0.698916 0.395858 0.717651
58 0.396973 0.700424 0.350710 0.632364 0.275332 0.408805 0.219503 0.258752 0.264590 0.415508 0.273681 0.473092 0.231997 0.379543 0.209626 0.272663 0.206930 0.208526 0.216632 0.185575 0.234724 0.184045 0.266996 0.240829 0.327043 0.421494 0.332570 0.444824 0.321244 0.458785 0.328518 0.497433 0.368486 0.614562 0.383868 0.660168
6 0.474125 0.368469 0.489340 0.373002 0.665935 0.348373 0.806986 0.308295 0.885733 0.288217 0.972042 0.253574 0.971415 0.034671 0.283990 0.058408 0.466442 0.346118
11 0.460634 0.358079 0.463106 0.373373 0.376327 0.346516 0.348054 0.383678 0.339112 0.408412 0.346351 0.445253 0.346526 0.454293 0.335380 0.440203 0.261609 0.224731 0.239018 0.181183 0.221527 0.176359 0.210943 0.191199 0.202760 0.217716 0.200060 0.190670 0.195002 0.079573 0.215711 0.063479 0.279385 0.057662 0.414762 0.272817 0.450072 0.336732
71 0.675732 0.385933 0.734919 0.522300 0.558682 0.554620 0.505044 0.554663 0.413971 0.530668 0.378925 0.480314 0.359196 0.434858 0.369430 0.401937 0.385190 0.392347 0.455204 0.414354 0.516827 0.414941 0.586863 0.400762 0.654106 0.392107
52 0.148476 0.147219 0.175993 0.220450 0.224648 0.374369 0.203462 0.253878 0.199950 0.222337 0.174162 0.163521 0.169377 0.141070 0.154065 0.099080 0.142369 0.094056 0.144398 0.123839
5 0.138221 0.067060 0.193663 0.197224 0.192970 0.086881 0.207725 0.062850
29 0.197412 0.166336 0.197057 0.185346 0.207426 0.196748 0.208576 0.181330
60 0.855133 0.628516 0.808471 0.651839 0.788662 0.676948 0.815907 0.661533 0.857605 0.643810
62 0.604901 0.695054 0.604704 0.722200 0.674015 0.708046 0.678523 0.678942 0.627041 0.678006
33 0.567748 0.685481 0.548839 0.697330 0.541508 0.715336 0.549173 0.736783 0.575957 0.734953 0.585782 0.718330 0.590998 0.688297
45 0.628573 0.570300 0.610301 0.599879 0.624732 0.633758 0.655879 0.632682 0.662292 0.603536 0.661275 0.574598
63 0.699460 0.376067 0.765948 0.477806 0.839132 0.458904 0.902753 0.430563 0.930618 0.375521 0.937307 0.306338
59 0.875205 0.616967 0.847336 0.674922 0.982095 0.596993 0.980563 0.555432 0.891755 0.597244
39 0.976783 0.398154 0.960930 0.440315 0.977626 0.441548
