1 0.361005 0.415311 0.351675 0.428708 0.363158 0.482297 0.422727 0.683254 0.423445 0.711962 0.502392 0.811483 0.699043 0.781818 0.775120 0.744498 0.999752 0.622967 0.998325 0.435407 0.978230 0.432536 0.999752 0.373469 0.997608 0.271770 0.968182 0.282297 0.951675 0.371292 0.922966 0.423923 0.786603 0.468900 0.736364 0.379904 0.714833 0.354067 0.709809 0.375120 0.770096 0.521531 0.716268 0.519617 0.553349 0.544498 0.432775 0.506220 0.397554 0.442337 0.383075 0.396775 0.394748 0.348603 0.424305 0.357823 0.473013 0.378409 0.705622 0.352219 0.995291 0.273393 0.998453 0.243520 0.711870 0.319012 0.482959 0.346256 0.408131 0.318693 0.395035 0.309919 0.369871 0.374766 0.379665 0.428708
7 0.419856 0.719617 0.361005 0.729187 0.346651 0.705263 0.293541 0.351196 0.368182 0.606699 0.409809 0.681340 0.416986 0.701435
58 0.418421 0.683254 0.373923 0.609569 0.303589 0.370335 0.251196 0.209569 0.292823 0.377034 0.300718 0.438278 0.261244 0.337799 0.241148 0.223923 0.239713 0.155981 0.249761 0.132057 0.267703 0.131100 0.298565 0.192345 0.354545 0.385646 0.359569 0.410526 0.348086 0.424880 0.354545 0.466029 0.391866 0.591388 0.406220 0.640191
6 0.501196 0.334928 0.516174 0.340280 0.691501 0.320677 0.831931 0.283434 0.910287 0.265072 0.996412 0.231579 0.999752 0.000000 0.318900 0.000000 0.494019 0.311005
11 0.488038 0.323445 0.490191 0.339713 0.404785 0.308134 0.376077 0.346411 0.366746 0.372249 0.373206 0.411483 0.373206 0.421053 0.362440 0.405742 0.293541 0.175120 0.272010 0.128230 0.254785 0.122488 0.244019 0.137799 0.235407 0.165550 0.233254 0.136842 0.230383 0.019139 0.251196 0.002871 0.314354 0.000000 0.444258 0.231579 0.477990 0.300478
71 0.700478 0.360766 0.756459 0.507177 0.581340 0.534928 0.528230 0.533014 0.438517 0.504306 0.404785 0.449761 0.386124 0.400957 0.396890 0.366507 0.412679 0.356938 0.481579 0.382775 0.542584 0.385646 0.612201 0.373206 0.678947 0.366507
52 0.183014 0.088995 0.208852 0.167464 0.254067 0.332057 0.235407 0.203828 0.232536 0.170335 0.208134 0.107177 0.203828 0.083254 0.189474 0.038278 0.177990 0.032536 0.179426 0.064115
5 0.174402 0.003828 0.226794 0.143541 0.228230 0.026794 0.243301 0.001914
29 0.231100 0.111005 0.230383 0.131100 0.240431 0.143541 0.241866 0.127273
60 0.873445 0.623923 0.826794 0.646890 0.806699 0.672727 0.833971 0.657416 0.875598 0.640191
62 0.624402 0.685167 0.623684 0.713876 0.692584 0.701435 0.697608 0.670813 0.646651 0.667943
33 0.587799 0.673684 0.568849 0.685528 0.561244 0.704306 0.568421 0.727273 0.594976 0.726316 0.605024 0.709091 0.610766 0.677512
45 0.650239 0.554067 0.631579 0.584689 0.645215 0.621053 0.676077 0.621053 0.682987 0.590456 0.682536 0.559809
63 0.724163 0.351196 0.788038 0.461244 0.860864 0.443923 0.924402 0.416268 0.953051 0.359061 0.961005 0.286124
59 0.893541 0.612440 0.864833 0.672727 0.999752 0.595215 0.999043 0.551196 0.910307 0.592181
39 0.998325 0.384689 0.981818 0.428708 0.998325 0.430622
