1 0.581069 0.500847 0.627332 0.551017 0.658142 0.597138 0.663235 0.613582 0.671521 0.624471 0.702121 0.615483 0.729141 0.602225 0.789853 0.539181 0.817035 0.511399 0.818682 0.481921 0.837651 0.451367 0.859358 0.421671 0.864955 0.412691 0.875274 0.403927 0.889766 0.375725 0.894452 0.339838 0.891655 0.324460 0.887352 0.280440 0.874054 0.246934 0.865146 0.232628 0.842258 0.230077 0.835863 0.256566 0.816502 0.292675 0.783283 0.329645 0.772809 0.337554 0.742703 0.376232 0.733201 0.385635 0.667661 0.452954 0.619888 0.479253 0.599918 0.470174 0.594772 0.457647 0.595297 0.436834 0.623653 0.410164 0.648188 0.390964 0.690117 0.347775 0.804125 0.219016 0.813002 0.196363 0.805816 0.192460 0.801533 0.201678 0.794374 0.217083 0.677929 0.347685 0.626481 0.394619 0.605646 0.409638 0.589428 0.421863 0.584172 0.446292 0.585098 0.472959 0.592530 0.478908 0.601512 0.486098
3 0.213244 0.532019 0.224936 0.592460 0.245778 0.645421 0.262933 0.674248 0.285031 0.703285 0.288834 0.731905 0.221408 0.746466 0.204483 0.726611 0.187558 0.706755 0.126972 0.654884 0.109858 0.622427 0.103840 0.585478 0.106493 0.569243 0.098136 0.446215 0.185355 0.386360 0.205470 0.504682
5 0.291015 0.728486 0.448801 0.682904 0.441338 0.657277 0.431538 0.634213 0.403503 0.560964 0.384916 0.512702 0.366951 0.467856 0.359873 0.452053 0.269367 0.362819 0.252126 0.356634 0.233439 0.361770 0.211207 0.374385 0.189637 0.386785 0.195845 0.436336 0.213129 0.527533 0.219073 0.556366 0.232676 0.608049 0.251654 0.650758 0.269626 0.680225 0.287016 0.702643
14 0.376465 0.427694 0.543366 0.274240 0.572452 0.253078 0.451720 0.213415 0.435876 0.214919 0.385260 0.244850 0.334523 0.285675 0.286743 0.327352 0.277356 0.341241 0.289844 0.359817 0.329028 0.394185 0.350234 0.414465
6 0.393747 0.430248 0.404837 0.441135 0.435085 0.434070 0.489747 0.410972 0.534752 0.396423 0.606459 0.382287 0.619149 0.382707 0.625025 0.388044 0.695468 0.324567 0.727208 0.287170 0.790338 0.214299 0.802453 0.192292 0.796266 0.185246 0.698747 0.207727 0.588532 0.245167 0.552199 0.280430 0.505939 0.318903 0.459051 0.369337 0.421787 0.399475
7 0.484904 0.638670 0.503438 0.721322 0.534248 0.767442 0.573824 0.796256 0.607064 0.801792 0.645140 0.787674 0.677150 0.755617 0.694026 0.705839 0.686224 0.651376 0.650741 0.610385 0.607200 0.567475 0.560229 0.536529 0.539597 0.538676 0.513584 0.565177 0.499720 0.581418 0.488847 0.610259
7 0.238090 0.788109 0.244287 0.829364 0.239314 0.841080 0.219878 0.869072 0.184801 0.880412 0.161569 0.864405 0.133440 0.829176 0.116211 0.792233 0.108713 0.754858 0.115223 0.732854 0.123016 0.714053 0.135321 0.704648 0.146882 0.702719 0.174315 0.726414 0.195481 0.750325 0.203377 0.766768 0.203877 0.781079 0.218316 0.787265 0.230033 0.786191
9 0.121056 0.653179 0.102516 0.585905 0.035124 0.612215 0.023258 0.597056 0.024390 0.495382 0.013841 0.495175 0.008810 0.517605 0.007368 0.617570 0.022145 0.652592 0.028365 0.671385 0.028710 0.684841 0.033492 0.699577 0.042866 0.716446 0.042705 0.730971 0.060182 0.730748 0.069448 0.727752 0.067009 0.695073 0.074377 0.670078 0.087383 0.656828 0.101944 0.652121
11 0.437103 0.637841 0.428248 0.589146 0.432319 0.534463 0.444940 0.511387 0.480645 0.488086 0.510583 0.479312 0.544330 0.483779 0.569278 0.493805 0.578773 0.499780 0.596062 0.486955 0.582216 0.457059 0.581682 0.431000 0.598430 0.407495 0.625801 0.392315 0.613192 0.384632 0.532064 0.400910 0.496987 0.412250 0.429750 0.439413 0.415541 0.442198 0.399387 0.441993 0.390479 0.427687 0.372143 0.430901 0.363844 0.450770 0.371969 0.476183 0.387367 0.514623 0.403388 0.556479 0.419719 0.600044
12 0.361392 0.448849 0.366693 0.431758 0.275330 0.345514 0.278335 0.327357 0.301972 0.307052 0.346246 0.269221 0.399435 0.230318 0.431129 0.211931 0.441873 0.209362 0.406526 0.215362 0.376858 0.229475 0.336872 0.252352 0.232094 0.319692 0.190743 0.346628 0.141140 0.374423 0.084757 0.418882 0.042468 0.456071 0.019297 0.478938 0.001813 0.494540 0.006163 0.518461 0.010376 0.495390 0.026882 0.493672 0.096853 0.443012 0.189677 0.383154 0.249674 0.354713 0.297773 0.388008
16 0.058700 0.360370 0.105786 0.395802 0.111236 0.394944
21 0.255748 0.445916 0.268459 0.488842 0.287851 0.495355 0.327100 0.479358 0.332721 0.490842 0.345144 0.486664 0.329854 0.468089 0.313655 0.432137 0.292817 0.418555 0.278371 0.427748
22 0.551233 0.263556 0.526469 0.281512 0.507735 0.305659 0.518412 0.279594 0.541893 0.258435
23 0.547147 0.260355 0.566421 0.246887 0.569143 0.254148 0.553480 0.264174
31 0.443255 0.351831 0.422617 0.369357 0.425028 0.374909 0.445159 0.358451
30 0.420942 0.371707 0.398122 0.392652 0.378532 0.419790 0.405518 0.394784 0.425183 0.375764
29 0.405218 0.554983 0.406576 0.566303 0.422460 0.561168 0.424526 0.553264 0.416975 0.550277
17 0.163973 0.777907 0.164812 0.784157 0.169501 0.783792 0.168447 0.777995
17 0.155587 0.777549 0.155733 0.783256 0.160207 0.783344 0.161315 0.777999
17 0.175060 0.793120 0.174084 0.799189 0.178360 0.798190 0.179236 0.794838
17 0.562916 0.659294 0.562930 0.664276 0.567900 0.663821 0.568859 0.659291
17 0.176393 0.805348 0.175499 0.810240 0.181310 0.809512 0.181428 0.805255
17 0.579161 0.657111 0.578185 0.663181 0.584772 0.661819 0.586508 0.656654
17 0.593929 0.674586 0.593431 0.681652 0.599606 0.679656 0.599245 0.674402
17 0.593523 0.698501 0.592481 0.704209 0.598358 0.703843 0.599813 0.698770
32 0.721954 0.477223 0.721592 0.496252 0.724586 0.508698 0.732447 0.517412 0.737731 0.509035 0.734865 0.488672
33 0.874275 0.270921 0.880170 0.306841 0.884209 0.294023
39 0.757637 0.274091 0.784972 0.322816 0.810781 0.293092 0.766558 0.267096
44 0.496207 0.332293 0.497902 0.341613 0.504698 0.336949
45 0.579150 0.259431 0.581728 0.270109 0.589624 0.260978 0.587610 0.253406
52 0.204826 0.765278 0.208147 0.776539 0.232141 0.775360 0.352787 0.748692 0.455739 0.722810 0.459496 0.708439 0.453768 0.697957 0.423015 0.700498 0.312843 0.728713 0.276780 0.737083 0.225356 0.752063
59 0.795600 0.377763 0.810907 0.416396 0.867597 0.332285 0.855084 0.298505
56 0.181912 0.723348 0.206741 0.754791 0.218068 0.747018 0.182415 0.705094 0.158219 0.684136 0.123763 0.655805 0.103239 0.655039 0.085189 0.660874 0.073113 0.682046 0.070381 0.698553 0.078143 0.755249 0.097938 0.808056 0.106884 0.825721 0.122705 0.818139 0.104837 0.726885 0.103995 0.708244 0.108391 0.690377 0.114622 0.682606 0.133728 0.689587 0.154210 0.707634 0.172359 0.719858
58 0.442857 0.641456 0.450071 0.653103 0.467237 0.645909 0.450928 0.549216 0.476486 0.528620 0.505366 0.519283 0.536720 0.516548 0.559400 0.525662 0.659402 0.616678 0.657320 0.601727 0.625654 0.546091 0.581489 0.507008 0.546499 0.486250 0.511326 0.481997 0.478695 0.491724 0.445457 0.515626 0.436285 0.531748 0.432982 0.559129 0.430988 0.590199
60 0.783832 0.425149 0.793620 0.461455 0.879661 0.339075 0.864790 0.299429 0.860389 0.306658 0.868800 0.331896 0.809547 0.417143 0.800936 0.396595
61 0.732643 0.472945 0.745512 0.501676 0.767036 0.479917 0.758698 0.448076
63 0.695538 0.345972 0.738804 0.377211 0.782246 0.325341 0.756716 0.276034
63 0.806813 0.218723 0.830156 0.249003 0.827848 0.267839 0.813188 0.292314 0.768823 0.265541
66 0.024907 0.497092 0.024883 0.594498 0.034577 0.610297 0.103970 0.582773 0.096070 0.448044
67 0.102426 0.455755 0.110413 0.545536 0.116280 0.570965 0.133226 0.563045 0.111187 0.448805
66 0.115063 0.447599 0.129169 0.528673 0.136270 0.561478 0.205310 0.529699 0.179444 0.407112
69 0.200024 0.396694 0.212188 0.466577 0.226610 0.518947 0.279649 0.492813 0.268178 0.490553 0.258202 0.453403 0.260429 0.435361 0.300571 0.417517 0.313360 0.426146 0.332285 0.466463 0.330990 0.446215 0.319442 0.418294 0.269064 0.372214 0.251591 0.368430
71 0.807351 0.217197 0.822877 0.236303 0.832804 0.250947 0.836554 0.241945 0.835250 0.215925 0.813947 0.198721
70 0.597798 0.435171 0.595496 0.466437 0.611793 0.477692 0.644903 0.464421 0.677276 0.438217 0.735646 0.380065 0.713190 0.361448 0.695250 0.351136 0.688755 0.354009
0 0.069025 0.726128 0.081109 0.771559 0.070907 0.769551 0.058927 0.758173 0.044357 0.734102 0.058760 0.732735
73 0.006430 0.627130 0.014558 0.635430 0.027840 0.672132 0.027355 0.686149 0.015899 0.665184 0.009537 0.644216
20 0.545546 0.214045 0.548637 0.236831 0.524160 0.232511 0.524134 0.223685 0.535662 0.211803
35 0.122373 0.608411 0.124124 0.618039 0.142786 0.610647 0.139924 0.600699
35 0.231071 0.557641 0.234370 0.572885 0.255984 0.567256 0.250844 0.550569
