1 0.619565 0.537711 0.654836 0.601597 0.676131 0.656610 0.678128 0.674357 0.684117 0.687666 0.714729 0.688554 0.742680 0.684117 0.811224 0.641526 0.841837 0.622893 0.848492 0.594499 0.871783 0.570541 0.897526 0.548295 0.904392 0.541260 0.915705 0.535936 0.934339 0.512866 0.944987 0.479148 0.944987 0.463177 0.948502 0.418630 0.941659 0.381544 0.935670 0.364685 0.914374 0.354925 0.903727 0.378882 0.879104 0.408163 0.841171 0.433895 0.829858 0.438332 0.794587 0.466726 0.783940 0.472937 0.710071 0.518190 0.660160 0.528838 0.642763 0.513599 0.640039 0.499679 0.644132 0.479428 0.675667 0.462258 0.702283 0.451204 0.749562 0.422134 0.880070 0.331981 0.892413 0.312575 0.886262 0.306467 0.880602 0.314151 0.871143 0.326992 0.738002 0.418181 0.681037 0.447906 0.658657 0.456031 0.641144 0.462881 0.631933 0.485178 0.628207 0.511631 0.634238 0.519824 0.641526 0.529725
3 0.264862 0.451642 0.265528 0.514641 0.276176 0.573203 0.287489 0.606921 0.303461 0.642413 0.302130 0.671695 0.235581 0.664596 0.222937 0.639752 0.210293 0.614907 0.161713 0.544809 0.151065 0.507542 0.151730 0.469388 0.157054 0.454303 0.170364 0.330967 0.263532 0.299911 0.262201 0.422360
5 0.304791 0.669033 0.462511 0.674357 0.459849 0.646850 0.454525 0.621118 0.440550 0.540373 0.431233 0.487134 0.421917 0.437445 0.417924 0.419698 0.347382 0.303461 0.332076 0.291925 0.313443 0.291038 0.290151 0.296362 0.267524 0.301686 0.264862 0.352263 0.265528 0.447205 0.266193 0.477374 0.270186 0.532387 0.280834 0.580302 0.292813 0.614907 0.305457 0.642413
14 0.437888 0.401065 0.622893 0.303461 0.654170 0.291925 0.546362 0.214729 0.531056 0.211180 0.477817 0.224490 0.422582 0.248447 0.370009 0.274179 0.358696 0.284827 0.367347 0.307010 0.398625 0.353150 0.415262 0.379769
6 0.453860 0.409051 0.462511 0.423248 0.492458 0.425909 0.548359 0.420586 0.593611 0.420586 0.664153 0.429459 0.676131 0.433895 0.680790 0.440994 0.758651 0.401065 0.795253 0.374445 0.867791 0.322981 0.883097 0.305235 0.878438 0.296362 0.781943 0.287489 0.670807 0.289264 0.630213 0.312334 0.579636 0.335404 0.526398 0.370009 0.485803 0.387755
7 0.504437 0.642413 0.507764 0.729370 0.529059 0.784383 0.561668 0.825200 0.592280 0.841171 0.630878 0.839397 0.666815 0.818101 0.691437 0.774623 0.693434 0.718722 0.666815 0.667258 0.632875 0.611358 0.593611 0.566105 0.573647 0.561668 0.544366 0.579414 0.528394 0.590949 0.513088 0.615794
7 0.244232 0.710736 0.242993 0.753172 0.236247 0.763088 0.212955 0.784383 0.177684 0.784383 0.158385 0.761313 0.137755 0.717835 0.127773 0.676131 0.127107 0.637090 0.137090 0.617569 0.147737 0.601597 0.161047 0.596273 0.172360 0.598048 0.194321 0.629991 0.210293 0.660160 0.214951 0.678793 0.212955 0.692990 0.225599 0.703638 0.236912 0.706300
9 0.156389 0.541260 0.150399 0.469388 0.081854 0.473824 0.073203 0.455191 0.091837 0.355812 0.081854 0.352263 0.073203 0.372671 0.054570 0.470275 0.062555 0.509317 0.065217 0.529725 0.063221 0.543035 0.065217 0.559006 0.071207 0.578527 0.068545 0.592724 0.085182 0.598048 0.094499 0.598048 0.097826 0.565217 0.109139 0.543035 0.123780 0.534162 0.138421 0.534162
11 0.459184 0.626442 0.459184 0.575865 0.472493 0.523514 0.488465 0.504880 0.526398 0.493345 0.556344 0.494232 0.587622 0.509317 0.609583 0.527063 0.617569 0.535936 0.636202 0.528838 0.628217 0.495120 0.632209 0.469388 0.652174 0.451642 0.680790 0.445430 0.670142 0.433895 0.590284 0.424135 0.555013 0.424135 0.486468 0.429459 0.472493 0.427684 0.457187 0.422360 0.451198 0.405501 0.433230 0.402839 0.421917 0.419698 0.425244 0.447205 0.433230 0.489796 0.441216 0.535936 0.449201 0.583851
12 0.419920 0.417036 0.427906 0.401952 0.356034 0.288376 0.362023 0.271517 0.387977 0.259095 0.436557 0.236025 0.493789 0.214729 0.527063 0.206744 0.537711 0.207631 0.503106 0.202307 0.472493 0.206744 0.430568 0.216504 0.319432 0.249335 0.275510 0.262644 0.223602 0.274179 0.162378 0.299911 0.115794 0.322981 0.089840 0.338066 0.070541 0.347826 0.070541 0.372671 0.078527 0.351375 0.094499 0.354925 0.169698 0.327418 0.268190 0.298137 0.330080 0.289264 0.370009 0.337178
16 0.147737 0.234250 0.186335 0.283940 0.191659 0.284827
21 0.320098 0.380657 0.324756 0.426797 0.342048 0.439336 0.382084 0.436090 0.385439 0.449138 0.397959 0.448980 0.386646 0.425909 0.377471 0.385504 0.360027 0.365572 0.344720 0.370009
22 0.632209 0.295475 0.605590 0.305235 0.583629 0.322981 0.598270 0.300799 0.624224 0.287489
23 0.628882 0.291038 0.649512 0.283940 0.650843 0.291925 0.634236 0.296793
31 0.514419 0.347826 0.491792 0.358474 0.493123 0.364685 0.515084 0.354925
30 0.489796 0.360248 0.464508 0.373558 0.441216 0.393966 0.471162 0.377995 0.493123 0.365572
29 0.443212 0.535049 0.442547 0.546584 0.458518 0.546584 0.461846 0.539485 0.455191 0.534162
17 0.175606 0.677225 0.175324 0.683622 0.179840 0.684751 0.179840 0.678730
17 0.167704 0.674214 0.166857 0.679859 0.171091 0.681364 0.173066 0.676472
17 0.183509 0.695664 0.181533 0.701308 0.185767 0.701685 0.187178 0.698674
17 0.574962 0.687385 0.574115 0.692277 0.578913 0.693406 0.580607 0.689266
17 0.182662 0.708082 0.180969 0.712597 0.186613 0.713726 0.187460 0.709587
17 0.590767 0.690395 0.588791 0.696040 0.595282 0.696793 0.597823 0.692277
17 0.601774 0.712221 0.600080 0.718995 0.606289 0.718995 0.606854 0.713726
17 0.597258 0.735552 0.595282 0.740820 0.600927 0.742326 0.603185 0.737810
32 0.757441 0.559214 0.753811 0.577767 0.754506 0.590926 0.760466 0.601967 0.766931 0.595424 0.767726 0.574541
33 0.937727 0.405145 0.937122 0.442251 0.943172 0.430957
39 0.826410 0.371266 0.843954 0.427731 0.873598 0.406758 0.836089 0.367232
44 0.568081 0.345453 0.568081 0.355133 0.575341 0.352713
45 0.659434 0.300281 0.660039 0.311574 0.669114 0.305121 0.668509 0.297054
52 0.216585 0.677791 0.217795 0.689891 0.240784 0.696344 0.359966 0.708444 0.462209 0.715704 0.468258 0.702797 0.464629 0.690698 0.434984 0.683438 0.325482 0.676178 0.289788 0.672951 0.238364 0.671338
59 0.844559 0.485003 0.852424 0.527755 0.920787 0.463223 0.914738 0.426118
56 0.202065 0.629393 0.220215 0.668112 0.232314 0.664078 0.205695 0.611646 0.186335 0.583414 0.158506 0.544695 0.139147 0.537435 0.120997 0.537435 0.105872 0.554374 0.100428 0.569701 0.098008 0.627779 0.107687 0.685858 0.113132 0.706024 0.129467 0.703604 0.128257 0.608420 0.130677 0.589867 0.137937 0.573734 0.145196 0.568087 0.162136 0.580994 0.178471 0.605193 0.193595 0.622939
58 0.464024 0.631813 0.468863 0.645526 0.486408 0.643912 0.487618 0.543888 0.515447 0.531788 0.544487 0.531788 0.574736 0.539048 0.594700 0.555181 0.673953 0.676178 0.674558 0.660852 0.654093 0.596232 0.618900 0.543888 0.589255 0.512429 0.556586 0.497102 0.523917 0.496296 0.488223 0.509202 0.476728 0.522109 0.468863 0.547921 0.461604 0.577767
60 0.825200 0.527755 0.828225 0.566474 0.931072 0.473710 0.923795 0.430102 0.918367 0.435797 0.921997 0.463223 0.851004 0.528056 0.846374 0.505169
61 0.768331 0.558408 0.775591 0.590674 0.799790 0.576154 0.797370 0.542275
63 0.755021 0.422084 0.790716 0.466450 0.840929 0.429344 0.825200 0.372879
63 0.882673 0.332547 0.899613 0.369652 0.894168 0.387399 0.876018 0.406758 0.838509 0.366426
66 0.092033 0.357653 0.075188 0.453197 0.081666 0.471770 0.152321 0.466777 0.168086 0.332107
67 0.172791 0.341686 0.164871 0.432291 0.166051 0.459097 0.183512 0.456702 0.182311 0.337646
66 0.186200 0.337693 0.185595 0.421698 0.186673 0.456130 0.257729 0.446850 0.254334 0.318394
69 0.275678 0.314700 0.275161 0.387110 0.279813 0.443057 0.334697 0.434241 0.324193 0.428386 0.321135 0.388779 0.326366 0.371787 0.367570 0.367013 0.378225 0.379533 0.389235 0.425084 0.391502 0.404811 0.385358 0.373759 0.345471 0.312580 0.329532 0.303327
71 0.883448 0.331220 0.894893 0.354886 0.901792 0.372399 0.906908 0.364758 0.910162 0.338820 0.892903 0.315187
70 0.646794 0.478590 0.639208 0.508531 0.652742 0.524740 0.686478 0.522222 0.721747 0.506782 0.787224 0.468248 0.769113 0.442864 0.753856 0.427059 0.747192 0.427818
0 0.094378 0.596320 0.098008 0.644719 0.088666 0.639514 0.079253 0.624553 0.069573 0.596320 0.083488 0.599547
73 0.052029 0.479356 0.058314 0.490076 0.064590 0.530291 0.061708 0.543888 0.054449 0.519689 0.052029 0.497102
20 0.635359 0.245102 0.634359 0.268435 0.611860 0.256435 0.613360 0.247769 0.626359 0.239769
35 0.165371 0.497762 0.165371 0.507762 0.184370 0.506429 0.183370 0.495763
35 0.277368 0.482430 0.277868 0.498429 0.299367 0.499762 0.297367 0.481763
