0 0.588359 0.728410 0.579721 0.763676 0.582392 0.834796 0.590491 0.870399 0.616218 0.871439 0.687667 0.887711 0.717244 0.874481 0.749935 0.819726 0.767989 0.775482 0.798709 0.706973 0.810597 0.656419 0.806954 0.636707 0.802626 0.617912 0.796070 0.591172 0.791018 0.588834 0.777029 0.628539 0.719437 0.736716 0.701291 0.753754 0.696111 0.754320 0.683649 0.730032 0.669437 0.730864 0.626631 0.737231
2 0.293073 0.717950 0.286315 0.739763 0.219311 0.695669 0.216644 0.639120 0.205983 0.632458 0.196610 0.640468 0.186585 0.604714 0.179338 0.549750 0.180519 0.478931 0.183847 0.432565 0.191035 0.415642 0.216302 0.280652 0.221347 0.253848 0.357859 0.255779 0.354790 0.310908 0.354467 0.391508 0.350245 0.458203 0.350773 0.519442 0.348939 0.546497 0.338587 0.576772 0.314363 0.600134 0.299218 0.636834 0.293531 0.663588 0.293623 0.690794
4 0.218778 0.253647 0.155510 0.256471 0.131545 0.288596 0.104885 0.323424 0.067532 0.396271 0.056023 0.423542 0.054703 0.453551 0.052358 0.492223 0.061787 0.541530 0.072799 0.584161 0.079138 0.601170 0.086847 0.616343 0.176112 0.667035 0.192381 0.678021 0.193659 0.648979 0.193056 0.633390 0.178869 0.560398 0.179703 0.468182 0.186884 0.422117 0.190904 0.403975
7 0.332115 0.723917 0.317619 0.789809 0.323625 0.843704 0.336609 0.900089 0.368427 0.953089 0.395957 0.971755 0.414624 0.986814 0.450881 0.982849 0.476385 0.945016 0.496326 0.916462 0.488125 0.809940 0.468028 0.724830 0.450854 0.690460 0.437107 0.666072 0.408297 0.661876 0.356250 0.687920 0.342041 0.703322
7 0.070808 0.673372 0.071234 0.663692 0.057405 0.655811 0.047380 0.620057 0.036361 0.548284 0.024193 0.502649 0.018113 0.494403 0.005100 0.497271 0.000000 0.513993 0.000000 0.552615 0.000000 0.609164 0.006511 0.670288 0.025051 0.688251 0.046241 0.689908 0.063663 0.689327 0.073721 0.680400
13 0.690907 0.652889 0.686302 0.728297 0.698123 0.752534 0.708993 0.739785 0.735096 0.702971 0.762523 0.650718 0.781563 0.613351 0.791699 0.573345 0.801147 0.519686 0.801264 0.473069 0.797238 0.462069 0.765997 0.498482 0.715152 0.541133 0.688056 0.541928 0.683777 0.551308 0.690422 0.590683 0.691500 0.624765
6 0.000000 0.388160 0.051649 0.391144 0.068983 0.377928 0.074631 0.366713 0.066411 0.363157 0.039616 0.371747 0.021895 0.379104
8 0.554401 0.855920 0.585439 0.868061 0.581083 0.732698 0.589899 0.722702 0.617812 0.732656 0.683819 0.726160 0.688339 0.652688 0.651312 0.659507 0.629952 0.661723 0.606233 0.644326 0.613921 0.572073 0.626281 0.525442 0.642157 0.501427 0.669250 0.486060 0.682050 0.488032 0.644336 0.305377 0.630124 0.306209 0.622706 0.255117 0.619627 0.266533 0.567360 0.268274 0.562525 0.275667 0.560980 0.442625 0.552040 0.470096 0.537491 0.493243 0.506070 0.489815 0.359277 0.457938 0.352813 0.458404 0.352745 0.533195 0.346246 0.563772 0.340513 0.576923 0.403096 0.575016 0.454175 0.614951 0.486635 0.668002 0.514732 0.732367 0.536411 0.810802
10 0.048729 0.530795 0.078968 0.605042 0.050517 0.490137 0.053288 0.441784 0.057389 0.407135 0.067957 0.386591 0.067656 0.378796 0.052848 0.393180 0.000000 0.390297 0.000000 0.399475 0.000000 0.422608 0.000000 0.448846 0.004100 0.432110 0.020799 0.447986 0.035961 0.484142 0.047097 0.509297
12 0.631621 0.301469 0.645705 0.303542 0.668432 0.284920 0.696295 0.266699 0.727074 0.270077 0.742442 0.272250 0.749339 0.291246 0.766030 0.277980 0.782378 0.257888 0.772100 0.242513 0.682888 0.234567 0.531990 0.222768 0.385034 0.223905 0.262520 0.225983 0.189879 0.236817 0.153881 0.249544 0.098978 0.325876 0.098765 0.330716 0.168650 0.250699 0.275026 0.249302 0.372113 0.253980 0.493474 0.263469 0.560212 0.269658 0.617229 0.262460 0.622919 0.250277
15 0.688396 0.534184 0.705049 0.536457 0.724696 0.529251 0.759533 0.498948 0.786495 0.471914 0.796766 0.458147 0.765959 0.338200 0.744971 0.287990 0.740345 0.275972 0.696210 0.268635 0.662911 0.293230 0.646862 0.306546 0.667218 0.400419 0.680120 0.473311 0.685480 0.512585
16 0.648069 0.161904 0.605490 0.221715 0.618205 0.225623
17 0.406975 0.796653 0.403184 0.808420 0.410385 0.810080 0.411446 0.802486
17 0.389118 0.797450 0.388685 0.807286 0.394823 0.808315 0.395957 0.799082
17 0.416284 0.824797 0.415585 0.832419 0.421699 0.833994 0.423509 0.825911
17 0.411844 0.851318 0.410639 0.862190 0.415665 0.863680 0.418273 0.854014
20 0.081471 0.328393 0.076770 0.362024 0.089435 0.399442 0.111901 0.386145 0.109208 0.331904 0.093799 0.326443
28 0.426846 0.899373 0.416831 0.907333 0.429673 0.908337
29 0.038870 0.476598 0.038402 0.487247 0.050559 0.489169 0.051712 0.477602
39 0.776700 0.504176 0.773025 0.529144 0.780900 0.525874
38 0.752271 0.561520 0.751419 0.580881 0.795456 0.531870 0.794683 0.520152
46 0.390381 0.746929 0.362233 0.755644 0.347957 0.797008 0.347122 0.836410 0.359119 0.871736 0.369755 0.904928 0.385616 0.924852 0.404606 0.936184 0.426742 0.928392 0.440670 0.887569 0.437447 0.834148 0.423008 0.781536
46 0.000000 0.524742 0.000000 0.565501 0.003546 0.620515 0.015969 0.660342 0.022816 0.650431 0.021382 0.596555 0.011659 0.538582
36 0.716119 0.826796 0.707612 0.873728 0.720286 0.869832 0.745444 0.833945 0.748474 0.798839 0.735894 0.816685
35 0.141985 0.446777 0.139764 0.467973 0.165921 0.473904 0.166815 0.453575
35 0.288438 0.486398 0.287246 0.513503 0.318667 0.516931 0.317078 0.494465
47 0.385280 0.540596 0.387537 0.489289 0.422556 0.498827 0.420217 0.566641 0.388322 0.559213
51 0.300442 0.740868 0.290863 0.782860 0.261921 0.766997 0.071188 0.650089 0.070627 0.633531 0.083296 0.623837 0.106029 0.634357 0.192211 0.681893 0.249111 0.721312 0.281820 0.739412 0.280969 0.758773 0.290430 0.763398
55 0.495759 0.870763 0.507292 0.945490 0.525012 0.938133 0.537078 0.912849 0.546014 0.870807 0.552389 0.857706 0.531487 0.805560 0.501712 0.706093 0.461242 0.630075 0.425404 0.595217 0.404810 0.580007 0.353270 0.579863 0.338331 0.582580 0.312398 0.615523 0.295671 0.658898 0.295000 0.718100 0.282377 0.741398 0.285889 0.749444 0.289401 0.757490 0.300867 0.731187 0.301247 0.707904 0.322955 0.727086 0.328209 0.680870 0.336976 0.642700 0.357389 0.618069 0.369117 0.615101 0.411887 0.638844 0.444770 0.667642 0.470210 0.719172 0.485464 0.782533 0.493524 0.833676
59 0.735671 0.601992 0.735983 0.653499 0.777707 0.598479 0.776413 0.554665
57 0.050246 0.613481 0.057019 0.649952 0.065838 0.654527 0.074058 0.658084 0.068016 0.634299 0.084279 0.616142 0.056054 0.554681 0.043971 0.507110 0.025212 0.464845 0.013863 0.444530 0.004572 0.436032 0.000000 0.453737 0.000000 0.537907 0.000000 0.560875 0.000000 0.520368 0.000000 0.495600 0.000000 0.473385 0.000000 0.464672 0.009375 0.473320 0.032676 0.529540 0.043261 0.581851
64 0.447113 0.262758 0.423801 0.262036 0.360899 0.259902 0.353559 0.455588 0.539620 0.490273 0.560083 0.448383 0.560084 0.272562
64 0.229013 0.269989 0.204647 0.413792 0.299127 0.433807 0.326058 0.275635
65 0.334405 0.276287 0.307262 0.439300 0.345576 0.447153 0.350373 0.279478
68 0.145970 0.282924 0.115329 0.320355 0.110790 0.337115 0.112067 0.393984 0.184057 0.413153 0.210868 0.268324 0.167157 0.270010
72 0.644810 0.499692 0.617642 0.560707 0.608115 0.650486 0.636458 0.660288 0.690001 0.653484 0.687580 0.523435 0.679143 0.487381
