0 0.640195 0.681455 0.632875 0.714286 0.638864 0.779059 0.648847 0.811003 0.675466 0.810115 0.750000 0.819876 0.779947 0.805679 0.811224 0.753327 0.827862 0.711624 0.856477 0.646850 0.866460 0.599823 0.861801 0.582076 0.856477 0.565217 0.848492 0.541260 0.843168 0.539485 0.830523 0.576752 0.775954 0.679681 0.757986 0.696540 0.752662 0.697427 0.738687 0.676131 0.724046 0.677906 0.680124 0.686779
2 0.334738 0.692990 0.328749 0.713398 0.257542 0.677906 0.252218 0.626442 0.240905 0.621118 0.231588 0.629104 0.219610 0.597161 0.209627 0.547471 0.207631 0.482697 0.208962 0.440106 0.215617 0.424135 0.235581 0.299024 0.239574 0.274179 0.380657 0.266193 0.379991 0.316770 0.383319 0.390417 0.381988 0.451642 0.385315 0.507542 0.384650 0.532387 0.375333 0.560781 0.351375 0.583851 0.337400 0.618456 0.332742 0.643301 0.334073 0.668146
4 0.236912 0.274179 0.171695 0.281278 0.148403 0.312334 0.122449 0.346051 0.087178 0.415262 0.076531 0.440994 0.076531 0.468500 0.075865 0.503993 0.087844 0.548359 0.101154 0.586513 0.108474 0.601597 0.117125 0.614907 0.211624 0.654836 0.228926 0.663709 0.228926 0.637090 0.227595 0.622893 0.209627 0.557232 0.206300 0.472937 0.211624 0.430346 0.214951 0.413487
7 0.375333 0.695652 0.363354 0.756877 0.372005 0.805679 0.387977 0.856256 0.423248 0.902396 0.452529 0.917480 0.472493 0.929902 0.509760 0.923691 0.534383 0.887311 0.553682 0.859805 0.540373 0.763088 0.515750 0.686779 0.496451 0.656610 0.481145 0.635315 0.451198 0.633540 0.398625 0.661047 0.384650 0.676131
7 0.103150 0.668146 0.103150 0.659272 0.088509 0.653061 0.076531 0.621118 0.061890 0.556344 0.047249 0.515528 0.040594 0.508429 0.027285 0.511979 0.017968 0.527950 0.016637 0.563443 0.021961 0.614907 0.036602 0.669920 0.056566 0.685004 0.078527 0.685004 0.096495 0.683230 0.106477 0.674357
13 0.742680 0.605146 0.741349 0.674357 0.754658 0.695652 0.765306 0.683230 0.790595 0.647737 0.816548 0.598048 0.834516 0.562555 0.843168 0.525288 0.850488 0.475599 0.848492 0.433008 0.843833 0.423248 0.813221 0.458740 0.762644 0.501331 0.734694 0.503993 0.730701 0.512866 0.739352 0.548359 0.742014 0.579414
6 0.005324 0.413487 0.070541 0.411712 0.087844 0.398403 0.093168 0.387755 0.084516 0.385093 0.057232 0.394854 0.039264 0.402839
8 0.610914 0.800355 0.643523 0.809228 0.632875 0.685892 0.641526 0.676131 0.670807 0.683230 0.738687 0.672582 0.740018 0.605146 0.702085 0.614020 0.680124 0.617569 0.654836 0.603372 0.659494 0.536823 0.670142 0.493345 0.685448 0.470275 0.712733 0.454303 0.726043 0.455191 0.678793 0.291038 0.664153 0.292813 0.654170 0.246673 0.651508 0.257320 0.597604 0.262644 0.592946 0.269743 0.598935 0.422360 0.590949 0.448092 0.576974 0.470275 0.544366 0.469388 0.391304 0.450754 0.384650 0.451642 0.387977 0.519965 0.382653 0.548359 0.377329 0.560781 0.441881 0.554570 0.496451 0.587400 0.532387 0.633540 0.564330 0.690328 0.590284 0.760426
10 0.073869 0.539485 0.108474 0.605146 0.073869 0.502218 0.074534 0.457853 0.077196 0.425909 0.087178 0.406389 0.086513 0.399290 0.071872 0.413487 0.007986 0.415262 0.001331 0.424135 0.000000 0.445430 0.001331 0.469388 0.023292 0.452529 0.041260 0.465839 0.058563 0.497782 0.071207 0.519965
12 0.665484 0.288376 0.680124 0.289264 0.702751 0.270630 0.730701 0.251996 0.762644 0.252884 0.778616 0.253771 0.786602 0.270630 0.803239 0.257320 0.819210 0.237799 0.807897 0.224490 0.715395 0.223603 0.559006 0.223603 0.407276 0.235138 0.280834 0.245785 0.206300 0.260870 0.169698 0.275067 0.116460 0.348713 0.116460 0.353150 0.185004 0.275067 0.294809 0.266193 0.395297 0.263532 0.521074 0.263532 0.590284 0.264419 0.648847 0.253771 0.654170 0.242236
15 0.734694 0.496894 0.751996 0.497782 0.771961 0.489796 0.806566 0.459627 0.833185 0.433008 0.843168 0.419698 0.805901 0.312334 0.781943 0.267968 0.776619 0.257320 0.730701 0.253771 0.697427 0.278616 0.681455 0.291925 0.706744 0.376220 0.723381 0.441881 0.730701 0.477374
16 0.676131 0.159716 0.634871 0.217391 0.648181 0.220053
17 0.455955 0.756747 0.452574 0.767766 0.460087 0.768767 0.460838 0.761755
17 0.437548 0.758750 0.437548 0.767766 0.443934 0.768267 0.444685 0.759752
17 0.466848 0.781790 0.466473 0.788802 0.472859 0.789804 0.474361 0.782291
17 0.463468 0.806332 0.462716 0.816350 0.467975 0.817351 0.470229 0.808336
20 0.098492 0.352263 0.095164 0.383319 0.109944 0.416594 0.132544 0.402843 0.127299 0.353488 0.111136 0.349601
28 0.481145 0.849157 0.471162 0.857143 0.484472 0.857143
29 0.061224 0.490683 0.061224 0.500444 0.073869 0.501331 0.074534 0.490683
39 0.824534 0.463177 0.821872 0.486247 0.829858 0.482697
38 0.801908 0.517303 0.801908 0.535049 0.845164 0.487134 0.843833 0.476486
46 0.436557 0.712511 0.407881 0.722483 0.395015 0.761286 0.395942 0.797337 0.409938 0.828749 0.422432 0.858309 0.439718 0.875376 0.459847 0.884370 0.482356 0.875672 0.494886 0.837388 0.489130 0.788820 0.471828 0.741792
46 0.019299 0.537711 0.020662 0.574976 0.031278 0.624667 0.045918 0.660160 0.052540 0.650618 0.048611 0.601507 0.035936 0.549246
36 0.776619 0.762201 0.769965 0.805679 0.782877 0.801214 0.807232 0.766637 0.808766 0.734353 0.796584 0.751553
35 0.166371 0.456078 0.165040 0.475599 0.192325 0.479148 0.192325 0.460515
35 0.319432 0.481810 0.319432 0.506655 0.352041 0.507542 0.349379 0.487134
47 0.421917 0.524401 0.421917 0.477374 0.458518 0.483585 0.459184 0.545697 0.425904 0.541189
51 0.343390 0.713398 0.335404 0.752440 0.304791 0.740018 0.102484 0.646850 0.101154 0.631766 0.113798 0.622005 0.137755 0.629991 0.228926 0.667258 0.289485 0.699201 0.324091 0.713398 0.324091 0.731145 0.334073 0.734694
55 0.551020 0.818101 0.566327 0.885537 0.584295 0.877551 0.595608 0.853594 0.602928 0.814552 0.608917 0.802130 0.584960 0.755989 0.549689 0.667258 0.504437 0.600710 0.465839 0.571429 0.443878 0.559006 0.390639 0.562555 0.375333 0.566105 0.350044 0.598048 0.334738 0.638864 0.336735 0.692990 0.324756 0.715173 0.328749 0.722271 0.332742 0.729370 0.343390 0.704525 0.342724 0.683230 0.366016 0.699201 0.369343 0.656610 0.376664 0.621118 0.396628 0.597161 0.408607 0.593611 0.453860 0.612245 0.489130 0.636202 0.517746 0.681455 0.536380 0.738243 0.547028 0.784383
59 0.786602 0.555457 0.789264 0.602484 0.829858 0.549246 0.826531 0.509317
57 0.079193 0.614907 0.087844 0.647737 0.097161 0.651287 0.105812 0.653949 0.098492 0.632653 0.114463 0.614907 0.082520 0.560781 0.067879 0.518190 0.046584 0.480923 0.033940 0.463177 0.023957 0.456078 0.001996 0.473824 0.001331 0.551020 0.010648 0.571429 0.012644 0.534162 0.017968 0.511091 0.018634 0.490683 0.018634 0.482697 0.030612 0.489796 0.057232 0.539485 0.070541 0.586513
64 0.473159 0.266193 0.449048 0.267199 0.383984 0.269743 0.385291 0.449016 0.579038 0.467410 0.598270 0.427684 0.590284 0.267081
64 0.248225 0.288376 0.229592 0.421473 0.328083 0.433008 0.348713 0.286602
65 0.357365 0.286602 0.336735 0.437445 0.376664 0.441881 0.374002 0.288376
68 0.163043 0.306122 0.133097 0.342502 0.129170 0.358136 0.133072 0.409991 0.208296 0.422360 0.229409 0.288151 0.184339 0.292813
72 0.688110 0.468500 0.662822 0.526176 0.657059 0.608864 0.686779 0.615794 0.741771 0.605755 0.733363 0.487134 0.723010 0.454803
