0 0.171695 0.582076 0.169698 0.600710 0.151730 0.618456 0.159716 0.669033 0.166371 0.724933 0.182342 0.787933 0.204303 0.805679 0.254215 0.818101 0.596273 0.812777 0.790595 0.807453 0.891083 0.798580 0.927684 0.773736 0.935670 0.752440 0.954969 0.614020 0.952972 0.593611 0.936335 0.571429 0.934339 0.553682 0.885759 0.559006 0.883762 0.598048 0.843833 0.640639 0.817214 0.653061 0.650843 0.654836 0.348713 0.664596 0.278838 0.664596 0.228926 0.631766 0.216948 0.580302
7 0.395963 0.821650 0.429902 0.848270 0.521739 0.873114 0.601597 0.866016 0.690772 0.834073 0.704747 0.817214 0.697427 0.812777 0.608252 0.814552 0.489130 0.818101 0.405945 0.818101
7 0.234250 0.859805 0.244898 0.908607 0.258208 0.923691 0.298137 0.926353 0.332076 0.913931 0.352706 0.876664 0.361358 0.819876 0.311446 0.823425 0.310781 0.845608 0.276841 0.855368
7 0.730701 0.812777 0.742680 0.866903 0.767968 0.906832 0.794587 0.915705 0.835182 0.912156 0.853815 0.899734 0.864463 0.874002 0.853815 0.848270 0.822538 0.844720 0.805901 0.827862 0.803239 0.812777 0.775954 0.810115 0.748004 0.811003
9 0.887755 0.457853 0.885759 0.558119 0.936335 0.554570 0.933673 0.455191
8 0.210293 0.482697 0.217613 0.578527 0.170364 0.576752 0.165040 0.486247 0.198314 0.482697
12 0.861136 0.259982 0.899734 0.275067 0.838509 0.160603 0.800577 0.101154 0.786735 0.039397 0.763310 0.001775 0.717391 0.000000 0.411934 0.000887 0.350044 0.015084 0.308784 0.029281 0.291482 0.069210 0.279503 0.121562 0.281500 0.132209 0.244898 0.185448 0.214286 0.248447 0.191659 0.303461 0.228926 0.284827 0.266193 0.184561 0.290151 0.133097 0.308784 0.110027 0.379991 0.090506 0.515750 0.078083 0.579636 0.075421 0.673469 0.075421 0.729370 0.075421 0.761313 0.090506 0.797249 0.127773 0.831854 0.191659
13 0.220275 0.580302 0.230257 0.626442 0.279503 0.661934 0.545031 0.653949 0.814552 0.649512 0.840506 0.640639 0.879769 0.605146 0.882431 0.574978 0.885093 0.447205 0.877773 0.323869 0.801242 0.321207 0.521074 0.330080 0.304791 0.338953 0.220275 0.352263 0.214286 0.362910 0.214286 0.448092 0.215617 0.536823
15 0.308784 0.114463 0.282165 0.157941 0.236912 0.269743 0.227595 0.302573 0.218279 0.347826 0.244898 0.344277 0.481145 0.327418 0.586957 0.323869 0.775954 0.316770 0.873114 0.317658 0.850488 0.242236 0.794587 0.131322 0.762644 0.094055 0.729370 0.078971 0.566327 0.078971 0.473159 0.086069 0.369343 0.097604 0.321429 0.110027
36 0.214951 0.729370 0.212955 0.783496 0.319432 0.783496 0.320763 0.728483
37 0.795918 0.715173 0.795918 0.773736 0.907720 0.768412 0.905058 0.712511
38 0.415262 0.401065 0.413265 0.424135 0.672804 0.414374 0.671473 0.394854
39 0.541038 0.346051 0.529059 0.381544 0.561003 0.378882
59 0.413265 0.450754 0.412600 0.536823 0.688110 0.529725 0.680124 0.440994
73 0.889086 0.450754 0.933008 0.452529 0.926353 0.387755 0.921029 0.348713 0.901065 0.278616 0.861801 0.264419 0.875111 0.314108 0.883097 0.349601 0.885759 0.413487
72 0.210293 0.473824 0.211624 0.370009 0.216948 0.349601 0.227595 0.291038 0.191659 0.310559 0.177684 0.362023 0.174357 0.390417 0.171695 0.422360 0.173026 0.434783 0.166371 0.479148 0.188997 0.477374
