0 0.204492 0.606209 0.202087 0.624009 0.184485 0.640198 0.190733 0.689150 0.195569 0.743152 0.209093 0.804413 0.229544 0.822500 0.276776 0.836803 0.602906 0.847947 0.788241 0.852070 0.884247 0.848325 0.919798 0.826204 0.927982 0.806132 0.950104 0.674114 0.948751 0.654420 0.933493 0.632326 0.932069 0.615188 0.885628 0.617992 0.882673 0.655391 0.843473 0.694397 0.817769 0.705061 0.659167 0.698858 0.370970 0.693872 0.304377 0.690551 0.257695 0.656649 0.247666 0.606655
7 0.411768 0.846948 0.443396 0.874126 0.530248 0.902351 0.606546 0.899330 0.692391 0.872890 0.706164 0.857364 0.699307 0.852755 0.614274 0.850221 0.500654 0.847968 0.421377 0.844014
7 0.256625 0.875905 0.265458 0.923279 0.277736 0.938398 0.315717 0.942852 0.348397 0.932535 0.369062 0.897726 0.378837 0.843599 0.331175 0.844636 0.329943 0.865908 0.297335 0.873668
7 0.731018 0.854337 0.740976 0.906887 0.764000 0.946436 0.789130 0.956223 0.827913 0.954743 0.846005 0.943699 0.856846 0.919493 0.847392 0.894274 0.817679 0.889379 0.802278 0.872397 0.800148 0.857784 0.774217 0.853931 0.747555 0.853455
9 0.890255 0.520941 0.885651 0.617139 0.933947 0.616135 0.934088 0.520567
8 0.243953 0.512602 0.248348 0.604982 0.203367 0.601032 0.200731 0.513860 0.232538 0.512033
12 0.870218 0.329647 0.906596 0.345968 0.851332 0.233130 0.816783 0.174233 0.805255 0.114266 0.783944 0.077021 0.740231 0.073135 0.449102 0.059469 0.389737 0.070161 0.350033 0.081835 0.332468 0.119359 0.319642 0.169067 0.321257 0.179387 0.284941 0.228777 0.254070 0.287824 0.231024 0.339582 0.267042 0.323458 0.305260 0.228937 0.329478 0.180651 0.347858 0.159380 0.416245 0.144018 0.545960 0.138540 0.606916 0.139020 0.696341 0.143480 0.749615 0.146137 0.779651 0.162141 0.812895 0.199640 0.844153 0.262639
13 0.250837 0.606813 0.259107 0.651600 0.305083 0.688026 0.558351 0.692977 0.815328 0.701526 0.840301 0.694238 0.878677 0.662019 0.882026 0.633172 0.888005 0.510589 0.884352 0.391792 0.811489 0.385598 0.544244 0.380804 0.337885 0.379045 0.256981 0.387811 0.250986 0.397752 0.248691 0.479558 0.247569 0.564837
15 0.347738 0.163641 0.321198 0.204131 0.275059 0.309351 0.265296 0.340438 0.255198 0.383455 0.280662 0.381312 0.506263 0.376349 0.607199 0.377970 0.787508 0.380136 0.880080 0.385606 0.860548 0.312097 0.810262 0.202922 0.780824 0.165613 0.749519 0.149545 0.594136 0.141796 0.505155 0.144185 0.405906 0.150329 0.359908 0.159981
36 0.241747 0.749721 0.238386 0.801608 0.339861 0.806669 0.342612 0.753898
37 0.795801 0.763700 0.794223 0.819942 0.900915 0.820143 0.899884 0.766331
38 0.441492 0.443947 0.438967 0.466008 0.686575 0.468969 0.685832 0.450159
39 0.562841 0.397091 0.550469 0.430608 0.580983 0.429570
59 0.438250 0.491572 0.435297 0.574199 0.698054 0.580477 0.692834 0.494882
73 0.891715 0.514187 0.933526 0.517979 0.928928 0.455456 0.924907 0.417708 0.907769 0.349440 0.870732 0.333939 0.882078 0.382292 0.888732 0.416758 0.889548 0.478239
72 0.244193 0.504081 0.248258 0.404443 0.253881 0.385096 0.265607 0.329360 0.230833 0.346400 0.216128 0.395160 0.212192 0.422271 0.208794 0.452822 0.209728 0.464815 0.202191 0.507106 0.223802 0.506477
