2 0.547147 0.631162 0.543476 0.661609 0.700026 0.672103 0.717311 0.657910 0.724746 0.634473 0.751872 0.590411 0.808712 0.531655 0.826551 0.520010 0.834621 0.458353 0.825950 0.426751 0.792659 0.273843 0.790440 0.263650 0.573769 0.243366 0.564711 0.402295 0.560505 0.455992
4 0.262690 0.641980 0.543345 0.664093 0.562261 0.409555 0.571843 0.240689 0.444646 0.235439 0.407608 0.245286 0.310159 0.329366 0.266914 0.378577 0.251456 0.410417 0.242276 0.466977 0.245545 0.548836 0.252322 0.590247
6 0.256863 0.307734 0.222263 0.323634 0.212727 0.347707 0.222314 0.361919 0.202156 0.378340 0.000000 0.383155 0.000000 0.355000 0.044738 0.331981 0.148984 0.315110 0.212588 0.311078
7 0.204820 0.654870 0.192093 0.700280 0.160941 0.742301 0.125480 0.761450 0.056446 0.750827 0.000000 0.699697 0.000000 0.631839 0.000000 0.596045 0.015617 0.544787 0.058501 0.515515 0.107838 0.507651 0.142022 0.525830 0.166943 0.549799 0.194671 0.598997 0.205137 0.635760
7 0.759493 0.694314 0.758236 0.757441 0.788412 0.799378 0.817373 0.812076 0.862540 0.817968 0.900350 0.806529 0.933461 0.779670 0.958498 0.722930 0.959101 0.672224 0.946251 0.635688 0.912449 0.602947 0.875653 0.582027 0.827993 0.584223 0.791336 0.599931 0.763643 0.654758
8 0.829119 0.523579 0.893584 0.516300 0.944835 0.524426 0.970660 0.544319 0.997595 0.569310 0.999752 0.594351 0.999752 0.445488 0.828605 0.428664 0.834772 0.481668 0.830852 0.503770
10 0.254247 0.357419 0.265673 0.375964 0.244096 0.445511 0.239529 0.519147 0.254312 0.617895 0.202297 0.506508 0.148296 0.459011 0.070567 0.443413 0.027576 0.448542 0.000000 0.465778 0.000000 0.474374 0.000000 0.386468 0.203484 0.379296 0.224969 0.363832
14 0.392591 0.216418 0.402689 0.234007 0.255618 0.357547 0.237977 0.339253 0.266506 0.307804 0.286359 0.297180
12 0.259047 0.357868 0.268590 0.372909 0.414128 0.239239 0.471692 0.232145 0.586971 0.241273 0.814525 0.264240 0.999752 0.289351 0.999752 0.308853 0.999752 0.272224 0.966811 0.251035 0.774868 0.232234 0.620387 0.208618 0.533513 0.209639 0.455260 0.203978 0.408024 0.211206 0.396792 0.215147 0.404061 0.234136
16 0.936123 0.205721 0.886370 0.247665 0.902957 0.246721
17 0.093616 0.619298 0.092122 0.627146 0.098708 0.627195 0.099036 0.620973
17 0.107390 0.641080 0.105538 0.649433 0.112592 0.649525 0.112950 0.642737
17 0.098296 0.661827 0.097471 0.668571 0.103090 0.669097 0.105232 0.664182
17 0.075769 0.615953 0.073857 0.625437 0.080882 0.626094 0.081389 0.616479
17 0.860880 0.685473 0.861809 0.694654 0.869012 0.691918 0.869429 0.684000
17 0.875739 0.698232 0.874296 0.707759 0.880853 0.708373 0.881270 0.700455
17 0.842935 0.686635 0.842548 0.693988 0.850978 0.694777 0.850339 0.689033
17 0.834719 0.708601 0.834332 0.715954 0.841825 0.716656 0.842212 0.709303
17 0.846560 0.725056 0.845236 0.732321 0.852290 0.732413 0.853116 0.725670
20 0.320592 0.337060 0.317630 0.375433 0.283360 0.373924 0.282341 0.384094 0.322947 0.390664 0.383106 0.383268 0.388622 0.356801 0.380941 0.317132 0.337566 0.309662
22 0.249773 0.314516 0.235001 0.335868 0.229091 0.331904
23 0.232174 0.353792 0.233566 0.336302 0.225225 0.333816 0.219410 0.354870
28 0.134076 0.652673 0.125050 0.663195 0.140543 0.654983
28 0.886484 0.748668 0.889205 0.756488 0.896259 0.753366
30 0.250134 0.307053 0.239782 0.337101 0.258662 0.311634
29 0.228658 0.488877 0.205940 0.492046 0.206127 0.500385 0.229774 0.503356
35 0.487367 0.441227 0.485248 0.457672 0.528258 0.461698 0.528546 0.444326
35 0.753689 0.463133 0.752272 0.478131 0.792205 0.481113 0.790505 0.465823
46 0.057806 0.581065 0.021817 0.600923 0.015512 0.646705 0.034840 0.692259 0.072249 0.723130 0.115457 0.723392 0.137719 0.688043 0.133662 0.638317 0.118492 0.602649 0.092853 0.585620
46 0.807530 0.725390 0.810816 0.754985 0.825684 0.774889 0.857524 0.785280 0.884882 0.778679 0.906460 0.761886 0.923878 0.716612 0.910199 0.664172 0.866558 0.647528 0.827880 0.668087 0.805693 0.697918
47 0.883947 0.451875 0.874474 0.500919 0.921689 0.508365 0.922594 0.455493
51 0.258475 0.648268 0.268189 0.677925 0.293972 0.687904 0.588582 0.707919 0.702346 0.712517 0.716217 0.710790 0.720959 0.680216 0.716182 0.663882 0.693533 0.677649 0.384507 0.657797 0.293461 0.650030
55 0.721257 0.649983 0.724737 0.679057 0.736228 0.639280 0.760084 0.626383 0.794797 0.585755 0.848515 0.552958 0.896829 0.551429 0.938354 0.559855 0.961792 0.578693 0.977303 0.617214 0.981356 0.659202 0.965819 0.692548 0.962868 0.724802 0.993044 0.746540 0.999752 0.741217 0.999752 0.615502 0.999752 0.579245 0.951122 0.532303 0.919689 0.522551 0.890393 0.519809 0.820994 0.529199 0.794752 0.551707 0.747641 0.601766 0.728523 0.631750
57 0.217868 0.658084 0.218765 0.700533 0.228738 0.701467 0.244967 0.678777 0.257081 0.639059 0.209727 0.527200 0.198251 0.507213 0.149239 0.462529 0.072421 0.446260 0.026442 0.451033 0.000000 0.472375 0.000000 0.490670 0.000000 0.510068 0.000000 0.504979 0.008599 0.492485 0.071884 0.480253 0.116486 0.489724 0.148503 0.500286 0.170842 0.528099 0.194031 0.563557 0.212965 0.608451 0.219483 0.639322
65 0.757247 0.276606 0.757512 0.414317 0.808506 0.421360 0.780350 0.278012
64 0.589491 0.262414 0.581959 0.405448 0.744382 0.413844 0.749183 0.275094
64 0.791700 0.264701 0.827977 0.432261 0.999752 0.440743 0.999752 0.328795 0.999752 0.293639
68 0.353420 0.308401 0.382851 0.321468 0.391552 0.360768 0.381246 0.386658 0.538167 0.404374 0.553377 0.258277 0.444591 0.253074 0.424314 0.257729
