2 0.555013 0.678793 0.553017 0.711624 0.704747 0.707187 0.720719 0.690328 0.726708 0.664596 0.750665 0.614907 0.802573 0.546584 0.819210 0.532387 0.823869 0.465839 0.813886 0.433008 0.773957 0.273292 0.771295 0.262644 0.561003 0.262644 0.560337 0.433008 0.559006 0.490683
4 0.280834 0.718722 0.553017 0.714286 0.558341 0.440994 0.559006 0.259982 0.435892 0.267081 0.400621 0.281278 0.310781 0.380657 0.271517 0.437445 0.258208 0.472937 0.252218 0.534162 0.259539 0.621118 0.268190 0.664596
6 0.258208 0.362910 0.225599 0.383319 0.217613 0.409938 0.227595 0.424135 0.208962 0.443656 0.001331 0.470275 0.001331 0.440106 0.054570 0.409938 0.154392 0.381544 0.215617 0.370896
7 0.225599 0.738243 0.215617 0.787933 0.187666 0.835847 0.154392 0.859805 0.087178 0.855368 0.029281 0.806566 0.003993 0.736468 0.010648 0.697427 0.037267 0.639752 0.077196 0.604259 0.124445 0.590949 0.158385 0.606921 0.183673 0.629991 0.212955 0.679681 0.224933 0.717835
7 0.763310 0.724933 0.765306 0.792369 0.796584 0.834073 0.825200 0.844720 0.869122 0.846495 0.905058 0.830523 0.935670 0.798580 0.956965 0.735581 0.954969 0.681455 0.940700 0.643781 0.906389 0.612245 0.869787 0.593611 0.823869 0.600710 0.789264 0.621118 0.765306 0.682343
8 0.821872 0.535936 0.883762 0.521739 0.933673 0.525288 0.959627 0.543922 0.986912 0.567879 0.997560 0.593611 0.999556 0.433895 0.816548 0.434783 0.825200 0.490683 0.822538 0.514641
10 0.258208 0.416149 0.270186 0.434783 0.252884 0.511091 0.252218 0.590062 0.271517 0.693878 0.215617 0.580302 0.161047 0.535049 0.085182 0.526176 0.043922 0.535936 0.007986 0.558119 0.002662 0.567879 0.001331 0.473824 0.210293 0.444543 0.230257 0.425909
14 0.384650 0.251996 0.395297 0.269743 0.259539 0.416149 0.241571 0.398403 0.267524 0.362023 0.286158 0.348713
12 0.262866 0.416149 0.272848 0.431233 0.406610 0.274179 0.461846 0.260870 0.573647 0.259095 0.794587 0.260870 0.986247 0.267968 0.999556 0.287489 0.997560 0.248447 0.940994 0.231588 0.754658 0.230701 0.604259 0.220941 0.520408 0.230701 0.444543 0.232476 0.399290 0.244898 0.388642 0.250222 0.396628 0.269743
16 0.909051 0.186335 0.863132 0.236025 0.879104 0.233363
17 0.116388 0.711414 0.115345 0.719932 0.121708 0.719326 0.121708 0.712659
17 0.130799 0.733265 0.129435 0.742355 0.136253 0.741749 0.136253 0.734477
17 0.123072 0.756294 0.122617 0.763567 0.128072 0.763567 0.129890 0.758112
17 0.098981 0.709629 0.097618 0.719932 0.104436 0.719932 0.104436 0.709629
17 0.860781 0.705387 0.862144 0.715083 0.868962 0.711447 0.868962 0.702962
17 0.875780 0.717507 0.874871 0.727810 0.881235 0.727810 0.881235 0.719326
17 0.843508 0.708417 0.843508 0.716295 0.851690 0.716295 0.850781 0.710235
17 0.836690 0.732659 0.836690 0.740537 0.843963 0.740537 0.843963 0.732659
17 0.848963 0.749022 0.848054 0.756900 0.854872 0.756294 0.855326 0.749022
20 0.321249 0.387819 0.320340 0.429030 0.287165 0.430842 0.286698 0.441787 0.326249 0.444739 0.383974 0.430848 0.387956 0.402077 0.378520 0.360547 0.336248 0.356910
22 0.251705 0.370849 0.238523 0.395091 0.232614 0.391455
23 0.236705 0.414485 0.237160 0.395697 0.228978 0.393879 0.224433 0.416909
28 0.157162 0.742961 0.148980 0.755082 0.163525 0.744780
28 0.888723 0.770213 0.891748 0.778280 0.898403 0.774246
30 0.251674 0.362857 0.243204 0.395929 0.260144 0.366890
29 0.240179 0.558872 0.218400 0.564518 0.219005 0.573391 0.241994 0.574198
35 0.487618 0.482240 0.486408 0.499987 0.528152 0.499987 0.527547 0.481434
35 0.745947 0.479014 0.745342 0.495147 0.784061 0.494340 0.781641 0.478207
46 0.079858 0.674222 0.046110 0.698988 0.042349 0.748434 0.063333 0.795077 0.101033 0.824259 0.142776 0.820225 0.162480 0.780312 0.156032 0.727696 0.139567 0.691178 0.113938 0.675581
46 0.811285 0.753274 0.815963 0.784502 0.831335 0.804240 0.862615 0.812141 0.888702 0.802372 0.908688 0.782313 0.923207 0.732301 0.907330 0.677751 0.864334 0.664360 0.828024 0.690143 0.808113 0.724165
47 0.871179 0.454008 0.864524 0.507246 0.910503 0.510473 0.908688 0.454008
51 0.277083 0.725848 0.287973 0.756500 0.313382 0.764567 0.598935 0.756500 0.709042 0.750047 0.722352 0.746820 0.725377 0.713748 0.719932 0.696808 0.698758 0.713748 0.399290 0.723428 0.310962 0.724234
55 0.724127 0.681482 0.728967 0.712135 0.738041 0.668576 0.760426 0.652443 0.791885 0.605657 0.842099 0.565325 0.888683 0.558872 0.929217 0.563712 0.952811 0.581458 0.969751 0.620984 0.975801 0.665349 0.962491 0.702455 0.961281 0.737141 0.991530 0.757307 0.998790 0.750854 0.998830 0.616144 0.989756 0.578231 0.940147 0.533059 0.909293 0.525799 0.880858 0.525799 0.814310 0.542739 0.790111 0.569358 0.747157 0.627437 0.730217 0.661316
57 0.238364 0.740367 0.241389 0.785540 0.251069 0.785540 0.265588 0.759727 0.275268 0.716168 0.223844 0.601624 0.211745 0.581458 0.162136 0.538706 0.087118 0.529026 0.042954 0.538706 0.006655 0.565325 0.001210 0.585491 0.000000 0.606464 0.009075 0.600011 0.027829 0.584684 0.088328 0.565325 0.131887 0.570971 0.163346 0.579038 0.186335 0.606464 0.210535 0.641956 0.231104 0.687935 0.238969 0.720201
65 0.739897 0.279772 0.747157 0.426582 0.796765 0.429002 0.762281 0.278965
64 0.577156 0.281385 0.577156 0.434648 0.734452 0.427388 0.732032 0.278965
64 0.772566 0.263639 0.816125 0.438681 0.998550 0.428915 0.999752 0.308811 0.986731 0.272512
68 0.351496 0.353983 0.380586 0.364979 0.390987 0.406014 0.382351 0.434648 0.534807 0.437875 0.542067 0.280579 0.436736 0.285890 0.417389 0.292877
