0 0.165231 0.664115 0.169059 0.739713 0.118660 0.732057 0.111643 0.696651 0.118022 0.688995 0.120574 0.667943 0.130144 0.660287 0.148644 0.663158
1 0.822967 0.635407 0.822967 0.626794 0.835088 0.631579 0.864434 0.631579 0.874641 0.635407 0.879107 0.650718 0.870175 0.725359 0.850399 0.736842 0.841467 0.733971 0.842743 0.702392 0.842743 0.684211 0.832536 0.647847 0.823604 0.634450
3 0.353429 0.429665 0.338756 0.519617 0.334928 0.545455 0.327911 0.569378 0.331100 0.616268 0.347687 0.633493 0.370654 0.672727 0.382137 0.715789 0.383413 0.739713 0.385965 0.749282 0.493780 0.750239 0.494418 0.724402 0.493780 0.544498 0.488676 0.429665 0.380223 0.425837
5 0.490590 0.428708 0.558852 0.430622 0.581180 0.443062 0.620734 0.483254 0.651356 0.524402 0.670494 0.556938 0.676236 0.586603 0.674960 0.679426 0.669218 0.724402 0.664115 0.739713 0.519936 0.749282 0.496332 0.745455 0.495056 0.543541
6 0.691547 0.516746 0.699203 0.528230 0.691547 0.539713 0.701754 0.550239 0.756619 0.554067 0.838915 0.573206 0.851037 0.577990 0.842743 0.558852 0.810845 0.542584 0.787241 0.534928 0.750239 0.528230
7 0.723445 0.669856 0.701116 0.711962 0.696013 0.781818 0.722807 0.815311 0.743860 0.834450 0.798086 0.822966 0.825518 0.782775 0.826156 0.739713 0.822329 0.700478 0.794896 0.665072 0.768740 0.649761 0.740670 0.653589
7 0.341308 0.724402 0.354496 0.753599 0.353429 0.786603 0.346411 0.829665 0.328549 0.856459 0.299841 0.874641 0.267305 0.869856 0.232217 0.822966 0.223285 0.773206 0.222010 0.740670 0.236683 0.714833 0.252632 0.692823 0.280064 0.682297 0.305582 0.682297 0.318979 0.692823 0.331100 0.703349
9 0.328549 0.616268 0.327911 0.559809 0.331100 0.549282 0.204147 0.545455 0.192026 0.530144 0.193939 0.504306 0.213716 0.432536 0.187560 0.430622 0.174801 0.451675 0.162679 0.471770 0.139075 0.528230 0.145455 0.538756 0.155024 0.574163 0.153748 0.606699 0.136523 0.615311 0.124402 0.610526 0.124402 0.643062 0.133333 0.657416 0.159490 0.658373 0.167783 0.667943 0.169059 0.691866 0.169697 0.731100 0.172249 0.743541 0.188836 0.743541 0.200319 0.695694 0.204147 0.672727 0.220734 0.639234 0.241786 0.619139 0.273046 0.610526 0.299203 0.611483 0.317703 0.615311
11 0.671770 0.533971 0.666667 0.540670 0.676874 0.572249 0.679426 0.606699 0.676874 0.676555 0.670494 0.726316 0.659649 0.745455 0.662839 0.757895 0.667305 0.757895 0.672368 0.735491 0.680064 0.701435 0.685805 0.666986 0.703668 0.623923 0.736842 0.595215 0.769378 0.598086 0.810207 0.607656 0.817225 0.624880 0.834450 0.626794 0.831898 0.606699 0.847847 0.586603 0.854864 0.581818 0.823604 0.572249 0.764274 0.559809 0.701116 0.554067 0.688357 0.535885 0.681340 0.534928
12 0.663289 0.539239 0.669231 0.530326 0.651801 0.507748 0.607832 0.454865 0.588026 0.435257 0.590402 0.424562 0.560693 0.412678 0.525834 0.411490 0.485430 0.410302 0.445818 0.406142 0.363424 0.404360 0.321832 0.406736 0.249341 0.412084 0.221613 0.412678 0.201807 0.417432 0.153876 0.418620 0.170117 0.447735 0.193488 0.423968 0.211313 0.430504 0.229535 0.432880 0.355502 0.425156 0.443441 0.422185 0.483449 0.427533 0.517912 0.425156 0.551582 0.428127 0.583272 0.439416 0.608228 0.469126
14 0.591987 0.427533 0.589610 0.434069 0.672796 0.527950 0.682699 0.519631 0.598325 0.433475
17 0.271476 0.780577 0.277275 0.789276 0.277275 0.778995
17 0.278330 0.756851 0.280439 0.769505 0.287293 0.764759
17 0.289929 0.755269 0.291511 0.767923 0.298365 0.763969
17 0.299946 0.772668 0.302055 0.782158 0.306801 0.774250
17 0.292565 0.790858 0.296256 0.801139 0.298365 0.794021
17 0.278330 0.793230 0.281493 0.803511 0.286765 0.795603
17 0.750208 0.752896 0.753371 0.763178 0.757062 0.756060
17 0.748626 0.737870 0.753371 0.744988 0.757062 0.737870
17 0.759171 0.726007 0.762862 0.733916 0.768134 0.726007
17 0.770243 0.733916 0.773934 0.742615 0.779206 0.733916
17 0.770770 0.752106 0.772879 0.763178 0.777624 0.756851
17 0.759698 0.765550 0.762862 0.775831 0.768661 0.767923
46 0.270005 0.731543 0.249173 0.769805 0.248934 0.809997 0.269880 0.837399 0.298141 0.843762 0.313413 0.826819 0.324611 0.805963 0.325998 0.774341 0.314208 0.739705 0.295728 0.725875
46 0.762835 0.693139 0.747025 0.701077 0.731619 0.723122 0.727167 0.751194 0.732293 0.781028 0.758407 0.805860 0.781878 0.803449 0.795304 0.785496 0.802259 0.772060 0.806290 0.743738 0.799768 0.711772 0.779079 0.695752
21 0.613716 0.493780 0.613716 0.535885 0.623923 0.529187 0.630271 0.521252 0.627751 0.505263 0.621494 0.490574
35 0.355343 0.576183 0.356705 0.592345 0.378493 0.590998 0.378947 0.574163 0.368037 0.575096
35 0.512281 0.574163 0.512281 0.592345 0.539713 0.588517 0.540989 0.572249
16 0.200319 0.333014 0.213716 0.351196 0.244976 0.399043 0.239872 0.396172
29 0.687081 0.620096 0.686443 0.632536 0.702392 0.628708
45 0.879107 0.613397 0.870813 0.630622 0.879107 0.633493
71 0.854864 0.586603 0.838915 0.604785 0.835726 0.617225 0.840829 0.624880 0.865072 0.623923 0.866986 0.612440 0.861244 0.595215
66 0.214354 0.435407 0.194577 0.526316 0.204785 0.543541 0.308772 0.544498 0.331100 0.544498 0.351515 0.430622
66 0.382137 0.449761 0.379585 0.539713 0.477831 0.541627 0.479107 0.450718
67 0.357895 0.451675 0.346411 0.540670 0.372568 0.542584 0.375207 0.494718 0.374482 0.452632
69 0.500160 0.448804 0.504625 0.538756 0.610526 0.538756 0.611430 0.493143 0.593301 0.475598 0.571611 0.451675
58 0.669218 0.762679 0.673684 0.779904 0.683254 0.786603 0.690909 0.753110 0.696013 0.692823 0.718341 0.643062 0.753429 0.620096 0.801276 0.630622 0.826794 0.671770 0.831898 0.690909 0.835726 0.711005 0.838278 0.686124 0.810207 0.615311 0.799362 0.607656 0.768740 0.600957 0.740670 0.600000 0.719617 0.612440 0.703668 0.631579 0.688995 0.669856 0.681340 0.711005 0.672408 0.749282
56 0.206699 0.781818 0.194577 0.797129 0.190750 0.760766 0.190112 0.741627 0.210526 0.661244 0.229665 0.633493 0.261563 0.614354 0.285805 0.615311 0.329825 0.622010 0.350877 0.645933 0.370016 0.682297 0.375758 0.722488 0.372568 0.733014 0.363636 0.717703 0.348963 0.666986 0.329825 0.647847 0.294737 0.629665 0.261563 0.636364 0.234131 0.660287 0.218182 0.698565 0.206061 0.747368
73 0.136523 0.542584 0.146093 0.561723 0.150558 0.586603 0.149282 0.604785 0.130782 0.606699 0.126954 0.596172 0.127592 0.567464
50 0.382775 0.754067 0.379585 0.770335 0.403828 0.769378 0.659011 0.764593 0.655821 0.744498 0.528230 0.753110 0.503349 0.755981 0.439553 0.753110 0.400638 0.755024
