0 0.106423 0.551283 0.103268 0.628539 0.053976 0.610568 0.050271 0.573325 0.057304 0.566875 0.061771 0.546094 0.071968 0.540291 0.090057 0.546950
1 0.761538 0.655701 0.762330 0.646988 0.773914 0.654288 0.803026 0.660242 0.812799 0.666186 0.815821 0.682582 0.800097 0.756281 0.779422 0.763885 0.770826 0.759169 0.774996 0.727480 0.776668 0.709087 0.769887 0.670228 0.762259 0.654862
3 0.314678 0.352287 0.291849 0.440310 0.285676 0.465672 0.276514 0.488451 0.275366 0.536535 0.290236 0.557326 0.309411 0.601678 0.316842 0.647573 0.315907 0.672034 0.317559 0.682233 0.424423 0.705077 0.427432 0.679068 0.443345 0.496937 0.448843 0.379730 0.341610 0.353851
5 0.450830 0.379150 0.518369 0.394937 0.539375 0.412053 0.574916 0.460739 0.601509 0.508580 0.617502 0.545379 0.620470 0.576555 0.610667 0.670201 0.600835 0.714537 0.594364 0.728991 0.450458 0.709417 0.427395 0.700755 0.444699 0.496228
6 0.642083 0.508991 0.648621 0.522161 0.639970 0.532225 0.649128 0.544945 0.703202 0.559950 0.783080 0.596011 0.794664 0.603311 0.788197 0.582266 0.758051 0.559336 0.735339 0.546802 0.699249 0.532517
7 0.659644 0.670359 0.633622 0.708424 0.622134 0.778059 0.645634 0.817380 0.664758 0.841013 0.719607 0.840399 0.750516 0.805305 0.755109 0.761870 0.754921 0.721402 0.730964 0.680016 0.706425 0.659219 0.678227 0.657396
7 0.275547 0.648001 0.285944 0.680214 0.281851 0.713386 0.270929 0.755527 0.250745 0.779009 0.220594 0.791578 0.188758 0.780135 0.158264 0.725579 0.153980 0.673426 0.155707 0.640252 0.172639 0.617090 0.190484 0.598060 0.218665 0.592978 0.243979 0.598155 0.256301 0.611523 0.267357 0.624632
9 0.272835 0.536017 0.277394 0.478770 0.281527 0.468768 0.155940 0.439136 0.145324 0.421187 0.149599 0.395436 0.175818 0.326842 0.150047 0.319598 0.135454 0.338308 0.121581 0.356178 0.092973 0.408506 0.098334 0.420450 0.104570 0.458211 0.100312 0.490867 0.082433 0.496085 0.070849 0.488785 0.067857 0.521700 0.075396 0.538034 0.101256 0.544310 0.108603 0.555673 0.107668 0.580135 0.104693 0.619956 0.106080 0.633059 0.122534 0.636425 0.138326 0.590350 0.144235 0.567892 0.163770 0.537375 0.186502 0.521316 0.218304 0.518947 0.244163 0.525222 0.262164 0.532848
11 0.620880 0.522404 0.615201 0.528145 0.622422 0.562163 0.621786 0.597532 0.612830 0.667685 0.601925 0.716732 0.589406 0.733893 0.591426 0.747126 0.595856 0.748032 0.602939 0.726395 0.613706 0.693503 0.622570 0.659817 0.644250 0.619877 0.679799 0.597565 0.711810 0.607071 0.751433 0.625037 0.756810 0.643887 0.773721 0.649318 0.773038 0.628470 0.790708 0.611376 0.798109 0.607960 0.767979 0.591936 0.710268 0.567312 0.648143 0.548688 0.637158 0.527705 0.630285 0.525313
12 0.611982 0.526012 0.618696 0.518201 0.603482 0.491822 0.564728 0.429401 0.546884 0.405546 0.550225 0.395208 0.521846 0.377158 0.487376 0.368882 0.447404 0.359482 0.408491 0.347236 0.326921 0.328714 0.285442 0.322679 0.213039 0.313380 0.185478 0.308355 0.165393 0.309145 0.117736 0.300622 0.131170 0.333372 0.156540 0.314070 0.173622 0.324299 0.191479 0.330400 0.317149 0.348146 0.404658 0.362984 0.443854 0.376512 0.478260 0.381100 0.511388 0.390938 0.541786 0.408789 0.563809 0.443908
14 0.551524 0.398535 0.548565 0.404665 0.622451 0.516520 0.633040 0.510114 0.557264 0.405832
17 0.201107 0.690661 0.206060 0.700638 0.207006 0.690237
17 0.210088 0.668049 0.211016 0.681278 0.218252 0.677869
17 0.221740 0.668803 0.222145 0.681925 0.229308 0.679315
17 0.230077 0.688437 0.231297 0.698466 0.236731 0.691428
17 0.221082 0.705341 0.223798 0.716491 0.226544 0.709718
17 0.206742 0.704853 0.208935 0.715896 0.214892 0.708965
17 0.678556 0.759797 0.680749 0.770840 0.685064 0.764388
17 0.678369 0.744275 0.682422 0.752438 0.686737 0.745986
17 0.689920 0.734413 0.692854 0.743163 0.698812 0.736232
17 0.700176 0.744660 0.703038 0.754210 0.709068 0.746479
17 0.699027 0.763169 0.700100 0.774798 0.705389 0.769361
17 0.686807 0.774524 0.688999 0.785567 0.695480 0.778743
46 0.204157 0.640757 0.179974 0.675238 0.176039 0.715850 0.194299 0.747822 0.221748 0.759994 0.238456 0.745952 0.251482 0.727125 0.255766 0.695416 0.247257 0.657984 0.230196 0.640242
46 0.696578 0.701905 0.680165 0.706728 0.662853 0.725904 0.655856 0.753400 0.658197 0.784622 0.681818 0.815042 0.705323 0.817365 0.720293 0.801927 0.728428 0.789745 0.735032 0.761912 0.731502 0.728249 0.712452 0.707845
21 0.566986 0.469964 0.563114 0.512560 0.573856 0.507855 0.580883 0.501115 0.579853 0.484429 0.574997 0.468298
35 0.303101 0.500901 0.302966 0.517528 0.324704 0.520586 0.326703 0.503647 0.315794 0.502378
35 0.458970 0.530702 0.457297 0.549096 0.484862 0.550789 0.487624 0.534591
16 0.171681 0.223442 0.183299 0.244554 0.209909 0.299302 0.205110 0.295362
29 0.628148 0.612639 0.626371 0.625095 0.642544 0.624458
45 0.819254 0.644826 0.809442 0.660569 0.817405 0.665156
71 0.797669 0.612800 0.780176 0.627958 0.775867 0.639896 0.780226 0.648676 0.804363 0.652627 0.807317 0.641398 0.803206 0.622808
66 0.176187 0.329876 0.148208 0.417832 0.156749 0.437329 0.259817 0.459397 0.281967 0.463928 0.312691 0.352866
66 0.341308 0.378442 0.330504 0.468925 0.427788 0.490796 0.437414 0.399086
67 0.317084 0.375459 0.297507 0.463162 0.323278 0.470405 0.330299 0.422517 0.333450 0.379793
69 0.458475 0.401422 0.454632 0.493329 0.559686 0.514817 0.564777 0.468856 0.548407 0.447428 0.529090 0.418824
58 0.597315 0.753261 0.600160 0.771593 0.609037 0.780311 0.619712 0.747981 0.630319 0.688026 0.657046 0.642216 0.693965 0.626101 0.740461 0.646459 0.761991 0.693265 0.765293 0.713663 0.767242 0.734769 0.772062 0.710117 0.750729 0.632782 0.740675 0.622836 0.710914 0.609846 0.683156 0.603182 0.661128 0.611496 0.643546 0.627622 0.625470 0.663368 0.614091 0.703443 0.601711 0.740355
56 0.136734 0.678773 0.123301 0.691803 0.122849 0.654239 0.123976 0.634747 0.151620 0.557570 0.173158 0.533378 0.206561 0.520489 0.230521 0.526376 0.273572 0.542084 0.292256 0.570559 0.307898 0.611230 0.309897 0.653055 0.305765 0.663057 0.298313 0.645755 0.288422 0.591468 0.271196 0.568223 0.238061 0.542710 0.204537 0.542755 0.175124 0.561391 0.155782 0.596879 0.139269 0.643792
73 0.089122 0.422510 0.096854 0.443814 0.098996 0.469890 0.096058 0.488025 0.077529 0.486207 0.074700 0.474782 0.077974 0.445868
50 0.313954 0.686426 0.309294 0.702236 0.333430 0.706187 0.587013 0.753126 0.585697 0.732148 0.458333 0.714972 0.433388 0.712828 0.370366 0.696979 0.331586 0.691018
