1 0.264899 0.740669 0.279384 0.835209 0.305275 0.897476 0.312732 0.934344 0.325721 0.947341 0.394067 0.956757 0.449206 0.957363 0.458523 0.955539 0.475167 0.958498 0.502124 0.956331 0.518089 0.940776 0.531611 0.921556 0.608593 0.904420 0.711639 0.877005 0.740147 0.870391 0.756352 0.881722 0.779977 0.873992 0.810808 0.857600 0.831548 0.848362 0.852949 0.832779 0.889654 0.807987 0.900183 0.792460 0.909257 0.757536 0.916901 0.740502 0.927637 0.702145 0.931506 0.681705 0.932134 0.625644 0.924569 0.593976 0.915008 0.562698 0.882966 0.592794 0.799899 0.634945 0.784268 0.653542 0.684219 0.683479 0.581838 0.710764 0.443951 0.730494 0.415105 0.727851 0.314812 0.724687 0.284965 0.719132 0.274733 0.681771 0.271360 0.614062 0.270575 0.600749 0.282898 0.613876 0.431111 0.607663 0.620466 0.573718 0.676704 0.559606 0.807699 0.520507 0.856393 0.505799 0.895094 0.480615 0.895301 0.457785 0.871242 0.480103 0.803251 0.504803 0.634542 0.553354 0.535927 0.571615 0.430210 0.587122 0.378516 0.593094 0.269681 0.592636 0.267887 0.563982 0.259405 0.653693 0.262667 0.720388
6 0.326527 0.324611 0.316891 0.348250 0.308830 0.404730 0.295358 0.498525 0.291290 0.554223 0.291645 0.588338 0.403807 0.588145 0.573418 0.560135 0.628105 0.550470 0.812565 0.496765 0.845727 0.483024 0.880886 0.468893 0.873875 0.436081 0.846996 0.389545 0.759398 0.291702 0.730304 0.249744 0.699911 0.257763 0.609837 0.273317 0.525423 0.290871 0.373671 0.314350 0.340946 0.319718
10 0.881994 0.466605 0.890196 0.454641 0.858422 0.388346 0.805686 0.329260 0.770829 0.296717 0.749738 0.278054 0.787373 0.317305 0.825124 0.363785 0.852994 0.400802 0.873408 0.430075
11 0.319983 0.326927 0.299430 0.449041 0.288318 0.588990 0.272228 0.584887 0.269537 0.541906 0.276156 0.484672 0.288756 0.413838 0.304696 0.360996
12 0.316097 0.322508 0.328078 0.320164 0.322840 0.284933 0.331678 0.229337 0.347251 0.123736 0.358776 0.104906 0.378855 0.102013 0.470256 0.079984 0.588068 0.069362 0.632665 0.066851 0.650871 0.084006 0.706096 0.215117 0.717654 0.246004 0.726418 0.245325 0.699969 0.177988 0.661524 0.088137 0.642867 0.060711 0.624443 0.047742 0.599920 0.041145 0.557204 0.036037 0.487870 0.042353 0.446829 0.052456 0.402902 0.061051 0.365304 0.077732 0.351004 0.096068 0.336060 0.145608 0.318193 0.304488
14 0.354568 0.116089 0.369541 0.110051 0.471368 0.083910 0.550908 0.077669 0.619465 0.070469 0.634112 0.073819 0.648878 0.090611 0.671768 0.144142 0.689990 0.186156 0.710879 0.233863 0.680817 0.238710 0.656518 0.234142 0.622235 0.231527 0.582636 0.242383 0.545704 0.258933 0.521413 0.266794 0.478924 0.269929 0.450636 0.272356 0.416242 0.268728 0.392166 0.266188 0.372645 0.274151 0.336932 0.289426 0.328396 0.298348 0.328929 0.266131 0.336660 0.212823 0.345275 0.155199 0.349917 0.129429
21 0.313816 0.227652 0.319161 0.257683 0.314646 0.309326 0.309099 0.308339 0.298524 0.255506 0.297065 0.229894 0.307706 0.215381 0.315027 0.213949
20 0.694512 0.146943 0.704839 0.160461 0.705186 0.182147 0.719523 0.219741 0.720717 0.181179 0.718262 0.158870 0.709047 0.149278
23 0.673500 0.246357 0.689593 0.256675 0.703901 0.250767 0.682371 0.240478
22 0.666956 0.248673 0.604715 0.245314 0.528850 0.272590 0.588072 0.242355 0.649197 0.235574 0.657187 0.240226
30 0.480156 0.287298 0.487358 0.272422 0.426341 0.274003 0.393389 0.271128 0.338706 0.287007 0.331728 0.303911 0.370876 0.282784 0.394729 0.283296 0.432116 0.283232 0.452641 0.284395 0.468614 0.281269
31 0.485592 0.287270 0.518209 0.287103 0.526861 0.285410 0.506663 0.274860 0.488470 0.276348
33 0.329524 0.827469 0.321997 0.851732 0.331021 0.867417 0.347970 0.871511 0.365485 0.851509 0.356151 0.828474 0.340504 0.822213
32 0.886801 0.689417 0.873391 0.709652 0.876181 0.735003 0.895594 0.732240 0.904687 0.724159 0.903891 0.696432
39 0.598171 0.581189 0.628122 0.575328 0.676563 0.681869 0.580503 0.704810
59 0.520218 0.805693 0.525691 0.861596 0.759965 0.809538 0.759482 0.749551
70 0.811366 0.529112 0.799229 0.628861 0.883073 0.587593 0.911345 0.560307 0.903755 0.491352 0.895872 0.481499 0.851072 0.513055 0.825339 0.520163
71 0.399276 0.614929 0.437403 0.726596 0.309041 0.721673 0.285961 0.715830 0.275395 0.675426 0.274134 0.614555 0.295994 0.621672 0.356899 0.619077
62 0.370128 0.825739 0.372583 0.848049 0.367383 0.868748 0.407325 0.873363 0.410194 0.850012 0.396200 0.827889
61 0.868848 0.717792 0.854657 0.730928 0.851122 0.754409 0.855789 0.765926 0.879625 0.741580
60 0.519122 0.826625 0.476526 0.834960 0.476336 0.882649 0.501851 0.879728 0.530247 0.872100
60 0.759055 0.776568 0.783896 0.761348 0.797335 0.784616 0.799791 0.806925 0.760192 0.817781
63 0.404493 0.619087 0.443505 0.726438 0.576510 0.705591 0.594955 0.582854 0.561566 0.588351 0.491347 0.598984 0.420686 0.611775
63 0.631450 0.574677 0.681106 0.673729 0.692313 0.676715 0.728584 0.666510 0.777720 0.649644 0.793574 0.633075 0.805041 0.527242 0.773429 0.536536 0.735273 0.548145 0.673711 0.563300
