1 0.179426 0.635407 0.183732 0.725359 0.203828 0.787560 0.207416 0.822966 0.219617 0.837321 0.290670 0.858373 0.348804 0.868900 0.358852 0.868900 0.376077 0.874641 0.404785 0.877512 0.423445 0.866029 0.439952 0.850718 0.523206 0.848804 0.635167 0.842105 0.666029 0.841148 0.681818 0.854545 0.707655 0.851675 0.742105 0.842105 0.765072 0.837321 0.789474 0.826794 0.831100 0.810526 0.844019 0.798086 0.857656 0.767464 0.867703 0.753110 0.883493 0.719617 0.889952 0.701435 0.897129 0.649761 0.892823 0.619139 0.886364 0.588517 0.849043 0.610526 0.756459 0.634450 0.737799 0.648804 0.628708 0.658373 0.517464 0.665072 0.369617 0.658373 0.339474 0.650718 0.233971 0.629665 0.203110 0.619139 0.196651 0.582775 0.200957 0.519617 0.201675 0.507177 0.213158 0.521531 0.370335 0.542584 0.574163 0.545455 0.635167 0.542584 0.777990 0.530144 0.831100 0.525359 0.874880 0.509091 0.877751 0.488038 0.849761 0.504306 0.775120 0.514833 0.591388 0.529187 0.485167 0.528230 0.371770 0.523445 0.316507 0.519617 0.201674 0.499522 0.203110 0.472727 0.183732 0.554067 0.179426 0.616268
6 0.292823 0.262201 0.279904 0.282297 0.264833 0.333014 0.239713 0.417225 0.228947 0.467943 0.225359 0.499522 0.343780 0.519617 0.526077 0.524402 0.584928 0.525359 0.785885 0.509091 0.822488 0.502392 0.861244 0.495694 0.857656 0.464115 0.834689 0.416268 0.753588 0.310048 0.727751 0.266029 0.694737 0.267943 0.597847 0.266029 0.506699 0.266986 0.343780 0.261244 0.308612 0.260287
10 0.862679 0.493780 0.872727 0.484210 0.846890 0.417225 0.798086 0.353110 0.765072 0.316746 0.744976 0.295694 0.780143 0.338756 0.814593 0.388517 0.839713 0.427751 0.857860 0.458483
11 0.285646 0.263158 0.249761 0.372249 0.221770 0.499522 0.205263 0.492823 0.207416 0.452632 0.221053 0.400957 0.242584 0.337799 0.265550 0.291866
12 0.282057 0.258373 0.294976 0.258373 0.293541 0.224880 0.309330 0.175120 0.338038 0.080383 0.352392 0.065072 0.373923 0.066029 0.472967 0.062201 0.598565 0.073684 0.645933 0.079426 0.663158 0.098565 0.706220 0.229665 0.714833 0.260287 0.724163 0.261244 0.704067 0.194258 0.673923 0.104306 0.657416 0.075598 0.639474 0.060287 0.614354 0.049761 0.569856 0.037321 0.495933 0.030622 0.451435 0.032536 0.404067 0.032536 0.362440 0.041148 0.345215 0.055502 0.323684 0.098565 0.286364 0.242105
14 0.346651 0.074641 0.363158 0.071770 0.473684 0.066029 0.558373 0.074641 0.631579 0.080383 0.646651 0.086124 0.660287 0.104306 0.678230 0.157895 0.692584 0.200000 0.709091 0.247847 0.676794 0.246890 0.651675 0.238278 0.615789 0.229665 0.572727 0.232536 0.531818 0.241148 0.505263 0.244019 0.460048 0.239234 0.429904 0.236364 0.394019 0.226794 0.368900 0.220096 0.347368 0.223923 0.307895 0.231579 0.297847 0.238278 0.302153 0.208612 0.316507 0.160766 0.332297 0.109091 0.340191 0.086124
21 0.290670 0.170335 0.292823 0.199043 0.282057 0.245933 0.276316 0.244019 0.271292 0.193301 0.272727 0.169378 0.285646 0.157895 0.293541 0.157895
20 0.701914 0.164593 0.711244 0.178947 0.709091 0.199043 0.719856 0.236364 0.725598 0.200957 0.725598 0.179904 0.716986 0.169378
23 0.668182 0.252632 0.683971 0.265072 0.699761 0.262201 0.678230 0.248804
22 0.661005 0.253589 0.595694 0.239234 0.512440 0.250718 0.578469 0.233493 0.643780 0.238278 0.651675 0.244019
30 0.459330 0.255502 0.468660 0.243062 0.404067 0.233493 0.369617 0.224880 0.310048 0.229665 0.300718 0.244019 0.344498 0.231579 0.369617 0.236364 0.409091 0.243062 0.430622 0.247847 0.447847 0.247847
31 0.465072 0.256459 0.499522 0.262201 0.508852 0.262201 0.488756 0.248804 0.469378 0.246890
33 0.237560 0.727273 0.226794 0.748325 0.234498 0.764446 0.251914 0.771292 0.272727 0.755981 0.265550 0.733014 0.249761 0.724402
32 0.841865 0.700479 0.825358 0.716746 0.825358 0.740670 0.846172 0.741627 0.856709 0.735806 0.859090 0.710048
39 0.549761 0.548325 0.582057 0.548325 0.620813 0.655502 0.516746 0.659330
59 0.441387 0.741627 0.440670 0.794258 0.694019 0.788517 0.700479 0.733014
70 0.780861 0.538756 0.756459 0.628708 0.849761 0.605742 0.882775 0.585646 0.882775 0.520574 0.875598 0.510048 0.824641 0.531100 0.796651 0.533014
71 0.335885 0.543541 0.363158 0.653589 0.228230 0.625837 0.204545 0.616268 0.198086 0.577034 0.203828 0.520574 0.226077 0.531100 0.290670 0.539713
62 0.280622 0.733014 0.280622 0.754067 0.272727 0.772249 0.314354 0.783732 0.320096 0.762679 0.307895 0.739713
61 0.819617 0.723445 0.803110 0.733014 0.796651 0.754067 0.800239 0.765550 0.828230 0.747368
60 0.437799 0.760765 0.391866 0.760765 0.386124 0.804785 0.413397 0.806699 0.444258 0.804785
60 0.696889 0.757895 0.724880 0.748325 0.736363 0.772249 0.736363 0.793301 0.693301 0.796172
63 0.340909 0.548325 0.369617 0.654545 0.512440 0.659330 0.546172 0.549282 0.510287 0.548325 0.434928 0.545455 0.358852 0.544498
63 0.585646 0.548325 0.626555 0.648804 0.638038 0.653589 0.677512 0.650718 0.731340 0.644019 0.750000 0.631579 0.774402 0.535885 0.739952 0.538756 0.698325 0.542584 0.631579 0.545455
