0 0.180678 0.678795 0.180533 0.689902 0.226117 0.690793 0.210952 0.735815 0.202274 0.776015 0.153856 0.772953 0.170288 0.767244 0.173149 0.751568 0.138331 0.762861 0.128921 0.769134 0.111982 0.765370 0.103513 0.752823 0.104454 0.737615 0.114948 0.740999 0.116465 0.735638 0.115155 0.725214 0.114698 0.718600 0.114406 0.711451 0.100237 0.703195 0.099347 0.722257 0.098921 0.731393 0.088841 0.720427 0.088455 0.712558 0.086130 0.687056 0.092839 0.678666 0.096789 0.660492 0.104400 0.657214 0.111878 0.676785 0.103380 0.680682 0.116005 0.687907 0.121649 0.677238 0.128921 0.672522
1 0.848808 0.682560 0.865747 0.680050 0.871197 0.666149 0.874624 0.647286 0.876391 0.670391 0.884567 0.677541 0.899624 0.676286 0.909034 0.682560 0.916562 0.686324 0.920326 0.700125 0.918058 0.755415 0.902447 0.780427 0.878921 0.784191 0.877039 0.752823
3 0.377353 0.466750 0.519448 0.474279 0.523212 0.542033 0.526976 0.597240 0.526976 0.641154 0.526976 0.658720 0.521330 0.749059 0.518507 0.771644 0.418758 0.767880 0.406524 0.756587 0.401819 0.732748 0.380176 0.666248 0.353827 0.636136 0.353827 0.603513 0.363237 0.558344
5 0.521330 0.474279 0.605082 0.480552 0.618256 0.491844 0.657779 0.530740 0.696361 0.582183 0.711418 0.612296 0.714241 0.677541 0.710477 0.725220 0.704831 0.759097 0.693538 0.777917 0.521330 0.771644 0.527917 0.688833 0.527917 0.582183 0.524153 0.504391 0.523212 0.485571
6 0.718946 0.573400 0.735885 0.594730 0.759410 0.599749 0.820577 0.607277 0.849365 0.617172 0.892095 0.629862 0.879418 0.617164 0.843507 0.599327 0.813049 0.589711 0.792346 0.579674 0.764115 0.574655 0.732120 0.573400
7 0.786700 0.710163 0.753764 0.735257 0.744354 0.757842 0.738708 0.803011 0.747177 0.838143 0.763174 0.861982 0.787641 0.875784 0.828105 0.875784 0.844103 0.861982 0.855395 0.824341 0.859159 0.786700 0.860100 0.757842 0.842221 0.730238 0.819636 0.713927
7 0.373588 0.781681 0.373588 0.814304 0.357591 0.850690 0.350063 0.860728 0.334065 0.869511 0.312422 0.872020 0.257842 0.851945 0.235257 0.795483 0.240903 0.771644 0.250314 0.745295 0.262547 0.718946 0.302070 0.702635 0.319009 0.703890 0.340652 0.713927 0.364178 0.744040 0.371706 0.769134
9 0.353827 0.643664 0.355280 0.590355 0.358821 0.577413 0.335947 0.577164 0.280427 0.573400 0.219260 0.568381 0.208908 0.545797 0.226788 0.464241 0.211731 0.456713 0.191029 0.457967 0.161857 0.520703 0.147742 0.554580 0.164680 0.567127 0.171267 0.599749 0.168444 0.627353 0.143977 0.629862 0.132685 0.626098 0.133626 0.657466 0.132685 0.666248 0.182560 0.672522 0.182274 0.686212 0.193673 0.687915 0.205247 0.688979 0.218417 0.688447 0.227596 0.692172 0.237174 0.668759 0.252339 0.649070 0.270697 0.641089 0.294243 0.635235 0.311404 0.635235 0.323377 0.635767 0.338542 0.640024
11 0.715094 0.575811 0.706330 0.586718 0.703408 0.592951 0.713925 0.628788 0.715678 0.642811 0.715094 0.659172 0.714510 0.687997 0.712757 0.713707 0.700486 0.769800 0.696396 0.778370 0.686463 0.780707 0.688216 0.788498 0.699902 0.788498 0.713341 0.735521 0.722106 0.709032 0.737298 0.684102 0.751905 0.664625 0.770603 0.650602 0.795728 0.648265 0.827865 0.652939 0.836630 0.660730 0.850653 0.670858 0.855327 0.676311 0.863508 0.676311 0.873441 0.645927 0.888633 0.635800 0.885711 0.629567 0.872272 0.625672 0.825528 0.611648 0.813842 0.609311 0.777615 0.607753 0.748399 0.601520 0.730286 0.593730
12 0.182617 0.470351 0.160403 0.449748 0.144951 0.449104 0.137224 0.448460 0.148331 0.461337 0.132878 0.442665 0.145434 0.436870 0.168613 0.440734 0.197103 0.438802 0.213039 0.438158 0.234287 0.439446 0.256983 0.440090 0.286922 0.435583 0.329900 0.437514 0.356942 0.440090 0.377707 0.442021 0.403783 0.442665 0.478632 0.449748 0.510503 0.453611 0.569900 0.459406 0.594527 0.465844 0.623656 0.482537 0.630680 0.490732 0.642094 0.502438 0.655264 0.519413 0.678970 0.545753 0.708383 0.580287 0.702237 0.589067 0.636826 0.507121 0.624095 0.494244 0.599511 0.475513 0.590732 0.477854 0.512151 0.470830 0.419084 0.465562 0.372550 0.464392 0.334357 0.463806 0.235948 0.461710 0.226878 0.461710 0.213454 0.453970 0.203658 0.453970 0.192774 0.453970
13 0.139718 0.580159 0.136120 0.593352 0.135009 0.601778 0.132222 0.622936 0.131922 0.650921 0.131322 0.666513 0.130723 0.670511 0.122027 0.673709 0.118129 0.680905 0.115731 0.685703 0.107635 0.680506 0.111833 0.678107 0.108834 0.666913 0.103737 0.653720 0.103137 0.592552 0.107035 0.569365 0.121427 0.574962 0.132821 0.580159
14 0.711142 0.570627 0.712295 0.577817 0.709736 0.580453 0.626887 0.485379 0.700986 0.558360
15 0.176923 0.485216 0.155939 0.532396 0.146681 0.555712 0.140921 0.578205 0.124051 0.574913 0.115616 0.569976 0.110267 0.568604 0.130017 0.511001 0.146475 0.482473 0.155322 0.467661 0.162522 0.461626 0.175483 0.467386 0.179597 0.471501 0.181655 0.475341
21 0.660335 0.550595 0.659748 0.577986 0.661509 0.588161 0.672074 0.589726 0.676061 0.578435 0.675596 0.565465 0.675859 0.553171 0.670313 0.544334
29 0.724902 0.667205 0.725489 0.675814 0.737229 0.671901
35 0.386222 0.606161 0.385635 0.614770 0.400309 0.615552 0.400896 0.607726
35 0.552921 0.614770 0.551748 0.624944 0.569943 0.625726 0.569357 0.614770
37 0.101545 0.706336 0.099784 0.731380 0.115045 0.738423 0.114458 0.711814
52 0.393266 0.763467 0.393266 0.792424 0.580508 0.793989 0.697314 0.797903 0.698488 0.793207 0.686749 0.790076 0.682640 0.780685 0.569356 0.778337 0.521225 0.776772 0.457245 0.774424 0.418506 0.772859
46 0.268242 0.757206 0.261988 0.786247 0.265894 0.819033 0.281742 0.843295 0.305752 0.854885 0.328699 0.847208 0.346755 0.827145 0.354327 0.781828 0.335743 0.739206 0.308980 0.730780 0.283161 0.738468
46 0.773622 0.754076 0.763643 0.788511 0.759535 0.815120 0.773035 0.840947 0.798459 0.856332 0.815881 0.855034 0.841710 0.822946 0.841653 0.772357 0.817057 0.739206 0.790057 0.739989
56 0.203828 0.777990 0.208852 0.793301 0.216029 0.778947 0.222488 0.729187 0.244737 0.687081 0.282775 0.659330 0.328708 0.659330 0.359569 0.676555 0.378947 0.706220 0.394019 0.748325 0.396890 0.759809 0.407725 0.763818 0.417529 0.769165 0.404160 0.748369 0.398367 0.729355 0.389008 0.699052 0.378759 0.668748 0.364053 0.655082 0.344890 0.644387 0.329293 0.639039 0.311913 0.636662 0.294088 0.637257 0.269132 0.644981 0.251752 0.651517 0.239720 0.668748 0.233035 0.683009 0.224122 0.700834 0.214764 0.728167 0.208525 0.752528 0.204960 0.766789
58 0.700888 0.791169 0.706155 0.806294 0.716688 0.812776 0.723575 0.805754 0.726411 0.774964 0.724790 0.745255 0.747477 0.687998 0.772190 0.671793 0.800144 0.666391 0.824046 0.669632 0.840251 0.675034 0.844707 0.686917 0.851999 0.676654 0.845112 0.669092 0.830123 0.656128 0.820805 0.654507 0.785964 0.653427 0.770164 0.656128 0.752744 0.668552 0.743021 0.678815 0.726816 0.704203 0.718713 0.724729 0.712231 0.749036 0.706155 0.773344
66 0.406220 0.479426 0.409091 0.575120 0.515311 0.577990 0.505263 0.483254
66 0.228947 0.467943 0.211722 0.544498 0.221770 0.564593 0.357416 0.573206 0.375359 0.467943 0.237560 0.466029
67 0.383971 0.477512 0.371053 0.574163 0.403349 0.577033 0.399761 0.478469
69 0.534689 0.485167 0.541148 0.580861 0.654545 0.586603 0.660299 0.552880 0.650958 0.536463 0.606459 0.493780
73 0.147412 0.557305 0.139475 0.582505 0.136460 0.593797 0.134750 0.605688 0.133805 0.620051 0.134183 0.625091 0.140986 0.627359 0.160642 0.627359 0.166879 0.626351 0.170091 0.598884 0.164611 0.574693 0.162721 0.567133 0.150625 0.558817
