0 0.195796 0.699495 0.195498 0.711674 0.237184 0.713662 0.222637 0.762707 0.214097 0.806606 0.169851 0.802173 0.184968 0.796276 0.187820 0.779146 0.155800 0.790759 0.147098 0.797431 0.131659 0.792927 0.124099 0.778977 0.125188 0.762318 0.134737 0.766262 0.136205 0.760416 0.135162 0.748953 0.134843 0.741689 0.134683 0.733842 0.121845 0.724472 0.120746 0.745359 0.120219 0.755370 0.111162 0.743119 0.110926 0.734480 0.109181 0.706457 0.115444 0.697404 0.119330 0.677558 0.126342 0.674132 0.132890 0.695763 0.125057 0.699849 0.136498 0.708053 0.141821 0.696477 0.148544 0.691466
1 0.806937 0.718450 0.822470 0.716073 0.827664 0.700947 0.831081 0.680334 0.832352 0.705715 0.839724 0.713739 0.853516 0.712697 0.862031 0.719786 0.868861 0.724082 0.872098 0.739303 0.869196 0.799895 0.854540 0.826982 0.832963 0.830588 0.831711 0.796142
3 0.378885 0.471285 0.508760 0.482696 0.511189 0.557093 0.513806 0.617728 0.513149 0.665894 0.512886 0.685161 0.506369 0.784120 0.503448 0.808829 0.412256 0.802487 0.401234 0.789830 0.397286 0.763578 0.378482 0.690160 0.354829 0.656547 0.355317 0.620767 0.364602 0.571433
5 0.510481 0.482737 0.587002 0.491477 0.598885 0.504155 0.634458 0.547693 0.668983 0.604973 0.682306 0.638335 0.683912 0.709959 0.679755 0.762170 0.674083 0.799202 0.663471 0.819594 0.506031 0.808891 0.513296 0.718210 0.514892 0.601235 0.512613 0.515828 0.512034 0.495165
6 0.689774 0.595841 0.704950 0.619612 0.726396 0.625638 0.782238 0.635253 0.808425 0.646744 0.847324 0.661611 0.835917 0.647402 0.803333 0.627041 0.775614 0.615819 0.756826 0.604350 0.731076 0.598219 0.701826 0.596133
7 0.749708 0.747347 0.719203 0.774140 0.710257 0.798702 0.704416 0.848120 0.711637 0.886840 0.725915 0.913343 0.748090 0.929024 0.785107 0.929922 0.799947 0.915139 0.810841 0.874104 0.814848 0.832902 0.816140 0.801271 0.800197 0.770598 0.779781 0.752207
7 0.370729 0.816622 0.370240 0.852403 0.355062 0.891957 0.348025 0.902799 0.333259 0.912078 0.313422 0.914350 0.263794 0.891120 0.243978 0.828691 0.249500 0.802669 0.258503 0.773978 0.270088 0.745349 0.306488 0.728336 0.321964 0.730088 0.341613 0.741578 0.362684 0.775128 0.369195 0.802819
9 0.354717 0.664804 0.356844 0.606367 0.360277 0.592251 0.339356 0.591470 0.288623 0.586110 0.232743 0.579248 0.223612 0.554247 0.241188 0.465192 0.227527 0.456601 0.208570 0.457518 0.180945 0.525679 0.167526 0.562523 0.182833 0.576660 0.188371 0.612587 0.185375 0.642800 0.162956 0.645010 0.152682 0.640631 0.153073 0.675056 0.152081 0.684668 0.197612 0.692656 0.197145 0.707665 0.207548 0.709786 0.218119 0.711210 0.230175 0.710918 0.238516 0.715207 0.247628 0.689740 0.261796 0.668482 0.278709 0.660135 0.300337 0.654238 0.316035 0.654619 0.326980 0.655468 0.340789 0.660473
11 0.686215 0.598399 0.678034 0.610168 0.675268 0.616939 0.684353 0.656479 0.685746 0.671899 0.684967 0.689830 0.684001 0.721434 0.682013 0.749593 0.669949 0.810845 0.666079 0.820154 0.656957 0.822497 0.658444 0.831081 0.669134 0.831340 0.682221 0.773532 0.690635 0.744674 0.704906 0.717667 0.718560 0.696629 0.735874 0.681663 0.758893 0.679657 0.788222 0.685497 0.796123 0.694236 0.808800 0.705656 0.812994 0.711741 0.820477 0.711923 0.830019 0.678818 0.844068 0.668046 0.841488 0.661146 0.829253 0.656575 0.786702 0.640157 0.776046 0.637334 0.742930 0.634821 0.716297 0.627337 0.699844 0.618390
12 0.200689 0.470914 0.180677 0.447822 0.166551 0.446773 0.159493 0.445896 0.169460 0.460266 0.155604 0.439443 0.167176 0.433366 0.188322 0.438118 0.214414 0.436632 0.229001 0.436279 0.248419 0.438163 0.269171 0.439373 0.296627 0.435094 0.335914 0.438166 0.360613 0.441591 0.379579 0.444170 0.403424 0.445455 0.471789 0.454884 0.500886 0.459828 0.555135 0.467502 0.577567 0.475111 0.603964 0.494066 0.610267 0.503210 0.620533 0.516303 0.632327 0.535213 0.653619 0.564629 0.680008 0.603160 0.674254 0.612653 0.615644 0.521322 0.604191 0.506916 0.581982 0.485826 0.573915 0.488200 0.502136 0.478752 0.417078 0.470909 0.374527 0.468592 0.339598 0.467102 0.249606 0.462619 0.241309 0.462418 0.229144 0.453631 0.220183 0.453414 0.210227 0.453172
13 0.159803 0.590400 0.156314 0.604791 0.155172 0.614008 0.152305 0.637153 0.151612 0.667840 0.150830 0.684928 0.150222 0.689300 0.142220 0.692615 0.138546 0.700421 0.136280 0.705630 0.128952 0.699750 0.132828 0.697212 0.130252 0.684868 0.125787 0.670284 0.126154 0.603182 0.130067 0.577836 0.143149 0.584294 0.153494 0.590247
14 0.682677 0.592626 0.683624 0.600537 0.681244 0.603372 0.606877 0.497254 0.673570 0.578946
15 0.195258 0.487091 0.175356 0.538373 0.166539 0.563741 0.160932 0.588284 0.145549 0.584299 0.137907 0.578696 0.133035 0.577073 0.151964 0.514331 0.167446 0.483407 0.175761 0.467357 0.182438 0.460898 0.194208 0.467503 0.197910 0.472108 0.199735 0.476365
21 0.636499 0.569527 0.635552 0.599557 0.637011 0.610755 0.646652 0.612707 0.650469 0.600411 0.650237 0.586175 0.650662 0.572697 0.645721 0.562881
29 0.693819 0.698859 0.694227 0.708315 0.705025 0.704283
35 0.384913 0.624389 0.384247 0.633819 0.397659 0.635003 0.398313 0.626432
35 0.537278 0.637531 0.536052 0.648664 0.552686 0.649926 0.552313 0.637896
37 0.122995 0.727946 0.121009 0.755375 0.134864 0.763439 0.134725 0.734241
52 0.389002 0.797082 0.388569 0.828842 0.559832 0.834714 0.666626 0.841598 0.667770 0.836473 0.657078 0.832779 0.653460 0.822388 0.549864 0.817299 0.505858 0.814514 0.447366 0.810519 0.411950 0.807942
46 0.274725 0.787440 0.268570 0.819154 0.271652 0.855201 0.285787 0.882162 0.307577 0.895408 0.328684 0.887496 0.345501 0.865892 0.353106 0.816355 0.336744 0.769195 0.312387 0.759359 0.288653 0.767219
46 0.737087 0.795221 0.727444 0.832769 0.723287 0.861863 0.735250 0.890489 0.758277 0.907928 0.774234 0.906891 0.798343 0.872270 0.799048 0.816782 0.777044 0.779876 0.752333 0.780135
56 0.215489 0.808807 0.219856 0.825712 0.226636 0.810127 0.233290 0.755692 0.254273 0.710005 0.289485 0.680411 0.331504 0.681430 0.359477 0.701007 0.376760 0.733974 0.389918 0.780491 0.392372 0.793149 0.402224 0.797787 0.411112 0.803870 0.399194 0.780763 0.394179 0.759780 0.386071 0.726335 0.377148 0.692871 0.363900 0.677555 0.346531 0.665399 0.332342 0.659188 0.316479 0.656195 0.300164 0.656451 0.277219 0.664370 0.261222 0.671153 0.249957 0.689785 0.243629 0.705278 0.235209 0.724632 0.226239 0.754402 0.220167 0.780984 0.216692 0.796546
58 0.669996 0.834292 0.674587 0.850998 0.684126 0.858341 0.690531 0.850792 0.693586 0.817084 0.692549 0.784463 0.714159 0.722166 0.737009 0.704940 0.762661 0.699636 0.784478 0.703721 0.799221 0.710005 0.803120 0.723138 0.809945 0.712043 0.803758 0.703596 0.790239 0.689044 0.781740 0.687060 0.749884 0.685102 0.735390 0.687714 0.719268 0.700954 0.710220 0.711995 0.695016 0.739481 0.687297 0.761815 0.681003 0.788332 0.675081 0.814858
66 0.405103 0.485829 0.406297 0.590851 0.503423 0.596356 0.495649 0.492225
66 0.243108 0.469300 0.226205 0.552884 0.235096 0.575149 0.359055 0.587605 0.377044 0.472549 0.251015 0.467392
67 0.384779 0.483236 0.371515 0.588957 0.401016 0.592822 0.399209 0.484636
69 0.522539 0.494977 0.527016 0.600079 0.630664 0.608892 0.636432 0.572032 0.628132 0.553819 0.588065 0.506016
73 0.167184 0.565505 0.159545 0.592968 0.156618 0.605287 0.154876 0.618290 0.153797 0.634024 0.154067 0.639560 0.160257 0.642198 0.178237 0.642634 0.183958 0.641667 0.187308 0.611612 0.182656 0.584957 0.181040 0.576624 0.170100 0.567235
