1 0.346270 0.474015 0.359641 0.467133 0.496187 0.463586 0.601915 0.445025 0.623170 0.436335 0.646161 0.454038 0.685928 0.450277 0.746662 0.433428 0.829229 0.416687 0.846786 0.396018 0.884273 0.390751 0.903968 0.380471 0.922511 0.396920 0.926066 0.439942 0.913395 0.523866 0.903982 0.557766 0.879869 0.578314 0.862571 0.591859 0.813216 0.604719 0.769146 0.620507 0.656805 0.660231 0.608750 0.681803 0.574182 0.698254 0.455970 0.726091 0.427674 0.716262 0.407315 0.712796 0.393738 0.698066 0.390241 0.655924 0.387552 0.626098 0.341968 0.486042
1 0.374630 0.462722 0.365244 0.463819 0.358427 0.448659 0.371563 0.393935 0.387302 0.378798 0.434838 0.371470 0.531268 0.366406 0.570920 0.360885 0.602171 0.393579 0.621611 0.434745 0.602406 0.441421 0.559572 0.376395 0.542619 0.373058 0.446102 0.387883 0.388689 0.399912 0.372951 0.415048 0.365589 0.446935
1 0.877133 0.315348 0.849264 0.323037 0.851953 0.352864 0.857934 0.388510 0.882482 0.385642 0.897065 0.375072 0.901080 0.380809 0.874338 0.394572 0.846671 0.394259 0.836477 0.405202 0.838352 0.378388 0.829106 0.326280 0.823416 0.317193 0.869277 0.306515
3 0.098138 0.185652 0.071231 0.307585 0.065546 0.364985 0.074186 0.418937 0.091605 0.473636 0.106248 0.486108 0.095131 0.505137 0.099955 0.523190 0.132850 0.525551 0.130162 0.495724 0.114760 0.383168 0.125290 0.312637 0.126883 0.301968 0.125493 0.258693 0.140334 0.218840 0.147263 0.191435 0.142208 0.169864
5 0.149196 0.165501 0.191216 0.151726 0.202770 0.172538 0.206327 0.237722 0.212799 0.269765 0.206769 0.344048 0.213675 0.393770 0.205824 0.451423 0.216628 0.482960 0.214439 0.560340 0.211986 0.578356 0.131262 0.534601 0.117821 0.385470 0.130666 0.304185 0.128381 0.258355 0.141461 0.224913 0.150873 0.191013
6 0.250229 0.285780 0.256064 0.308147 0.321969 0.314628 0.391861 0.337487 0.429754 0.360540 0.441884 0.367987 0.585157 0.345038 0.824397 0.309987 0.866880 0.303249 0.844554 0.284583 0.766056 0.263616 0.663068 0.246398 0.611834 0.241748 0.397429 0.256167 0.341633 0.270665 0.273101 0.279561
7 0.275863 0.509724 0.248534 0.527884 0.233183 0.568787 0.230358 0.636490 0.243738 0.740418 0.277707 0.814458 0.340439 0.861203 0.390199 0.854501 0.436808 0.810935 0.457336 0.735844 0.443530 0.725047 0.390649 0.706406 0.379353 0.656310 0.363583 0.637764 0.334610 0.562253 0.313668 0.520376 0.290419 0.509796
7 0.049957 0.437725 0.040718 0.474264 0.051324 0.558127 0.064180 0.609813 0.088151 0.620309 0.123529 0.616175 0.128262 0.577503 0.084737 0.546244 0.084187 0.526805 0.094843 0.522901 0.082193 0.507536 0.075866 0.488773 0.061856 0.441653
9 0.067686 0.397534 0.064707 0.341148 0.035249 0.335725 0.034611 0.303887 0.027743 0.376494 0.031875 0.406152 0.045735 0.373505 0.058963 0.375505 0.062054 0.389328
11 0.214823 0.300556 0.232380 0.279888 0.250490 0.300820 0.322316 0.319907 0.414129 0.355274 0.427877 0.365191 0.386290 0.374484 0.365961 0.397249 0.356115 0.435632 0.356839 0.457709 0.361692 0.465120 0.342776 0.476196 0.304880 0.408820 0.269183 0.397035 0.246975 0.402290 0.221102 0.451410 0.218216 0.473910 0.210416 0.443794 0.215755 0.403279 0.210812 0.339143
12 0.214677 0.287275 0.238242 0.269451 0.220183 0.160751 0.219864 0.144832 0.238347 0.138239 0.339860 0.121944 0.467625 0.117650 0.499654 0.128977 0.420434 0.108095 0.383092 0.104481 0.315773 0.109688 0.228411 0.119898 0.193669 0.133710 0.158927 0.147521 0.112721 0.175083 0.070125 0.202223 0.067816 0.211358 0.085720 0.195968 0.190031 0.144772 0.200717 0.152388 0.207682 0.202991 0.213144 0.252882 0.214011 0.266078
14 0.223706 0.147929 0.229774 0.195976 0.245145 0.274850 0.423622 0.245127 0.566203 0.233783 0.604758 0.233710 0.532551 0.153500 0.503380 0.130315 0.451973 0.123025 0.410645 0.125196 0.351701 0.124992 0.302114 0.134333 0.248686 0.140577
17 0.322459 0.654094 0.327052 0.668627 0.334589 0.661541
17 0.308769 0.645056 0.311311 0.661602 0.319686 0.656191
17 0.063363 0.508850 0.063277 0.518611 0.073760 0.512067
17 0.327113 0.713831 0.325525 0.722881 0.333352 0.720194
17 0.331761 0.684920 0.334967 0.700502 0.344671 0.693163
21 0.143136 0.228263 0.131933 0.253143 0.134304 0.293122 0.190275 0.303424 0.204793 0.303343 0.216468 0.292385 0.213176 0.286564 0.191169 0.283817 0.190242 0.247580 0.174067 0.222876
22 0.554679 0.224492 0.574809 0.231891 0.510637 0.229639 0.468270 0.238136 0.504340 0.222397 0.541509 0.223372
23 0.574635 0.229252 0.576600 0.237000 0.593437 0.238579 0.590635 0.229155
30 0.256350 0.268221 0.319740 0.247516 0.385558 0.241597 0.386800 0.249430 0.323871 0.255012
31 0.387666 0.240464 0.387638 0.251105 0.415796 0.247815 0.415997 0.239813
35 0.122554 0.346798 0.124086 0.359030 0.137371 0.361910 0.135117 0.349762
35 0.069819 0.341437 0.068405 0.353126 0.079639 0.358019 0.080563 0.349932
39 0.727739 0.355856 0.724653 0.408519 0.761186 0.399817
46 0.056429 0.469769 0.052359 0.507476 0.060365 0.573914 0.070982 0.584906 0.073909 0.569671 0.065787 0.479313
46 0.257996 0.625282 0.259938 0.710157 0.284965 0.764283 0.312240 0.793909 0.341068 0.782232 0.349786 0.737776 0.342012 0.674857 0.330928 0.627822 0.307222 0.593736 0.282005 0.587480
52 0.112518 0.526154 0.088086 0.530782 0.086066 0.544315 0.212857 0.635876 0.214038 0.598505 0.209445 0.583972 0.124649 0.533601
56 0.082452 0.500414 0.094439 0.516742 0.093166 0.497389 0.101252 0.487579 0.088775 0.474853 0.068929 0.405367 0.055699 0.381205 0.046920 0.380459 0.036149 0.404766 0.034133 0.462623 0.042369 0.532579 0.045777 0.540159 0.038811 0.467395 0.048224 0.433495 0.051140 0.422517 0.059834 0.433025
58 0.216872 0.641612 0.225597 0.685803 0.233627 0.697275 0.227582 0.594263 0.238437 0.538033 0.243372 0.491359 0.254719 0.453687 0.296712 0.472714 0.343593 0.577159 0.362600 0.622808 0.375771 0.646091 0.386978 0.661624 0.344569 0.503467 0.313488 0.429089 0.295494 0.409916 0.252144 0.403458 0.235829 0.431960 0.218505 0.478308 0.212275 0.582755
59 0.689572 0.505699 0.693909 0.571679 0.852890 0.522072 0.848120 0.460576
61 0.908796 0.442847 0.896438 0.476205 0.901177 0.504018 0.924684 0.485315 0.924667 0.445307
62 0.524005 0.543665 0.490100 0.559151 0.488776 0.605403 0.506038 0.616052 0.532357 0.615380 0.580701 0.598206 0.584451 0.544579
63 0.572855 0.357113 0.644427 0.449808 0.827554 0.413336 0.828270 0.346766 0.819922 0.319375
60 0.652117 0.544649 0.639386 0.605532 0.873194 0.532110 0.866172 0.480628 0.852887 0.477748 0.854334 0.521903 0.835245 0.530340 0.798944 0.542560 0.694179 0.575740 0.683682 0.526777 0.672188 0.529007
71 0.447113 0.392197 0.381268 0.408757 0.369632 0.442030 0.376074 0.462553 0.487327 0.463216 0.598479 0.448086 0.556079 0.374159
70 0.859204 0.385702 0.882193 0.381243 0.898567 0.375783 0.878808 0.318698 0.852874 0.322615 0.849236 0.333678
67 0.095888 0.217828 0.078682 0.310260 0.088068 0.309163 0.103540 0.212502
66 0.108594 0.211911 0.093007 0.306813 0.118508 0.307379 0.126846 0.201800
66 0.063773 0.216263 0.093114 0.197764 0.064302 0.334989 0.040014 0.330736 0.046969 0.270529
69 0.156388 0.175299 0.142241 0.225709 0.173951 0.221116 0.187510 0.234666 0.191398 0.265174 0.196540 0.276984 0.200810 0.231275 0.183537 0.189856 0.169966 0.174281
