1 0.390431 0.509091 0.404067 0.503349 0.538995 0.516746 0.644498 0.510048 0.666029 0.503349 0.687560 0.525359 0.727033 0.526316 0.788038 0.515789 0.870574 0.508134 0.889234 0.488038 0.926555 0.487081 0.946651 0.478469 0.963876 0.498565 0.964593 0.545455 0.946651 0.634450 0.935167 0.669856 0.910048 0.688995 0.892105 0.701435 0.842584 0.709091 0.798086 0.720574 0.684689 0.749282 0.635885 0.766507 0.600718 0.779904 0.482300 0.795041 0.455024 0.780861 0.435165 0.774551 0.422727 0.756938 0.422010 0.711005 0.421292 0.678469 0.385407 0.521531
1 0.419139 0.500478 0.409809 0.500478 0.404067 0.483254 0.420574 0.425837 0.437081 0.411483 0.484450 0.409569 0.579904 0.416268 0.619378 0.415311 0.648086 0.454545 0.664593 0.501435 0.645215 0.506220 0.607177 0.430622 0.590670 0.424880 0.494498 0.428708 0.437081 0.434450 0.420574 0.448804 0.411244 0.482297
1 0.924402 0.404785 0.896411 0.409569 0.897129 0.442105 0.900718 0.481340 0.925120 0.481340 0.940191 0.471770 0.943780 0.478469 0.916507 0.489952 0.889234 0.486124 0.878469 0.496651 0.882057 0.467943 0.876316 0.410526 0.871292 0.400000 0.917225 0.394258
3 0.164354 0.166507 0.129904 0.294737 0.120574 0.355981 0.125598 0.415311 0.139234 0.476555 0.152871 0.491866 0.140670 0.511005 0.144258 0.531100 0.176555 0.537799 0.175837 0.505263 0.167943 0.381818 0.182904 0.307010 0.185167 0.295694 0.186603 0.248804 0.203828 0.207656 0.212440 0.178947 0.208852 0.155024
5 0.216029 0.151196 0.258373 0.141627 0.268421 0.165550 0.267703 0.236364 0.272010 0.271770 0.261244 0.351196 0.264833 0.405742 0.253349 0.466986 0.261962 0.502392 0.254785 0.585646 0.251196 0.604785 0.174402 0.547368 0.170813 0.384689 0.188756 0.298565 0.189474 0.248804 0.204545 0.214354 0.216029 0.178947
6 0.307895 0.293780 0.312201 0.318660 0.376794 0.333971 0.444258 0.367464 0.480144 0.397129 0.491627 0.406699 0.634450 0.400000 0.872727 0.392345 0.915072 0.390431 0.894258 0.367464 0.818182 0.334928 0.717703 0.303349 0.667464 0.291866 0.455024 0.280383 0.399043 0.288995 0.330861 0.289952
7 0.318660 0.538756 0.290523 0.554912 0.272727 0.597129 0.265550 0.669856 0.272010 0.783732 0.300718 0.867943 0.359569 0.926316 0.409091 0.925359 0.457895 0.884211 0.483014 0.805742 0.470096 0.792345 0.419139 0.765550 0.411244 0.710048 0.396890 0.688038 0.373206 0.602871 0.355263 0.555024 0.333014 0.540670
7 0.100478 0.432536 0.088995 0.470813 0.094019 0.562679 0.103349 0.620096 0.126316 0.634450 0.161483 0.634450 0.168660 0.593301 0.127751 0.554067 0.128469 0.533014 0.139234 0.530144 0.127751 0.511962 0.122727 0.490909 0.111962 0.438278
9 0.120574 0.391388 0.121292 0.330144 0.092584 0.320574 0.094019 0.286124 0.082536 0.363636 0.084689 0.396172 0.100478 0.362679 0.113397 0.366507 0.115550 0.381818
11 0.272010 0.305263 0.290670 0.285167 0.307177 0.310048 0.376794 0.339713 0.465072 0.389474 0.477990 0.401914 0.436364 0.406699 0.414833 0.428708 0.402632 0.468900 0.401914 0.492823 0.406220 0.501435 0.386842 0.511005 0.353828 0.433493 0.319378 0.416268 0.297129 0.419139 0.268421 0.468900 0.264115 0.492823 0.258373 0.459330 0.266268 0.416268 0.265550 0.346411
12 0.272727 0.290909 0.297129 0.274641 0.286364 0.155024 0.287081 0.137799 0.305742 0.133014 0.406938 0.128230 0.533254 0.139713 0.564115 0.155981 0.487321 0.123445 0.450718 0.114833 0.383971 0.111962 0.297129 0.111962 0.261962 0.122488 0.226794 0.133014 0.179426 0.156938 0.135646 0.180861 0.132775 0.190431 0.151435 0.176077 0.257656 0.133971 0.267703 0.143541 0.271292 0.199043 0.273445 0.253589 0.273445 0.267943
14 0.290670 0.141627 0.293541 0.194258 0.303589 0.281340 0.481579 0.271770 0.622967 0.277512 0.661005 0.282297 0.594976 0.186603 0.567703 0.157895 0.517464 0.143541 0.476555 0.140670 0.418421 0.133014 0.368900 0.136842 0.315789 0.136842
17 0.355263 0.700478 0.358852 0.716746 0.366746 0.710048
17 0.342344 0.688995 0.343780 0.707177 0.352392 0.702392
17 0.109091 0.511005 0.108373 0.521531 0.119139 0.515789
17 0.355981 0.765550 0.353828 0.775120 0.361722 0.773206
17 0.362440 0.734928 0.364593 0.752153 0.374641 0.745455
21 0.205981 0.218182 0.193316 0.243625 0.193062 0.287081 0.247608 0.305263 0.261935 0.307006 0.274163 0.296651 0.271292 0.289952 0.249761 0.284211 0.251196 0.244976 0.236842 0.216268
22 0.612201 0.266029 0.631579 0.276555 0.568421 0.266029 0.526077 0.269856 0.562679 0.257416 0.599282 0.263158
23 0.631579 0.273684 0.633014 0.282297 0.649522 0.286124 0.647368 0.275598
30 0.315072 0.275598 0.378947 0.261244 0.444258 0.263158 0.444976 0.271770 0.382536 0.269856
31 0.446411 0.262201 0.445694 0.273684 0.473684 0.273684 0.474402 0.265072
35 0.177990 0.343541 0.178708 0.356938 0.191627 0.361722 0.190191 0.348325
35 0.126316 0.331100 0.124163 0.343541 0.134928 0.350239 0.136364 0.341627
39 0.774402 0.429665 0.767943 0.486124 0.804546 0.481340
46 0.104785 0.467943 0.098325 0.508134 0.101914 0.580861 0.111675 0.594067 0.115550 0.577990 0.113397 0.479426
46 0.293541 0.661244 0.289952 0.753110 0.311131 0.814695 0.336116 0.850116 0.365311 0.841148 0.376794 0.794258 0.373206 0.725359 0.365322 0.673187 0.344147 0.633402 0.319676 0.623467
52 0.156459 0.535885 0.132057 0.537799 0.129187 0.552153 0.248325 0.666986 0.251914 0.626794 0.248325 0.610526 0.167943 0.545455
56 0.128469 0.504306 0.139234 0.523445 0.139234 0.502392 0.147847 0.492823 0.136364 0.477512 0.121292 0.400000 0.109809 0.372249 0.101196 0.370335 0.088995 0.395215 0.083254 0.457416 0.086842 0.533971 0.089713 0.542584 0.087560 0.463158 0.099043 0.427751 0.102632 0.416268 0.110526 0.428708
58 0.251914 0.673684 0.257656 0.722488 0.264833 0.735885 0.265550 0.623923 0.279904 0.564593 0.287799 0.514833 0.301435 0.475598 0.341627 0.501435 0.381100 0.620096 0.396890 0.671770 0.408373 0.698565 0.418421 0.716746 0.386842 0.540670 0.361005 0.456459 0.344498 0.433493 0.302153 0.421053 0.284211 0.449761 0.264115 0.497608 0.251196 0.609569
59 0.727033 0.586603 0.727033 0.658373 0.887081 0.624880 0.886364 0.557895
61 0.947369 0.546411 0.933014 0.580861 0.935885 0.611483 0.960287 0.594258 0.962865 0.551069
62 0.561244 0.606699 0.526794 0.619139 0.522488 0.668900 0.538826 0.682572 0.564833 0.685167 0.613636 0.672727 0.620813 0.615311
63 0.621531 0.411483 0.686124 0.520574 0.869139 0.504306 0.874163 0.432536 0.867703 0.401914
60 0.687560 0.623923 0.671053 0.688038 0.906459 0.638278 0.902871 0.581818 0.889952 0.577034 0.888517 0.624880 0.869139 0.631579 0.832536 0.640191 0.727037 0.662792 0.719856 0.608612 0.708373 0.609569
71 0.495215 0.433493 0.429187 0.443062 0.415550 0.477512 0.420574 0.500478 0.530279 0.515229 0.640909 0.512919 0.603877 0.427767
70 0.902153 0.478469 0.925120 0.476555 0.941627 0.472727 0.925837 0.408612 0.900000 0.409569 0.895694 0.421053
67 0.160048 0.200957 0.137081 0.298565 0.146411 0.298565 0.167943 0.196172
66 0.172967 0.196172 0.151435 0.296651 0.176555 0.300478 0.191627 0.187560
66 0.128469 0.195215 0.158612 0.178947 0.121292 0.323445 0.097608 0.315789 0.108373 0.251675
69 0.222488 0.162679 0.205263 0.215311 0.236842 0.214354 0.249339 0.230691 0.251196 0.264115 0.255502 0.277512 0.262679 0.228708 0.248325 0.181818 0.235948 0.163293
