1 0.427809 0.633726 0.392086 0.634683 0.398048 0.614171 0.383569 0.569828 0.365133 0.552080 0.117327 0.562867 0.118338 0.568880 0.251952 0.567289 0.210926 0.644891 0.219005 0.647919 0.262955 0.567158 0.324054 0.566431 0.369422 0.570285 0.386122 0.605718 0.373960 0.634177 0.318681 0.647827 0.271062 0.647960 0.134514 0.643646 0.122292 0.626914 0.123933 0.572677 0.119540 0.572068 0.109177 0.590343 0.107261 0.607436 0.104325 0.633625 0.098646 0.631739 0.105016 0.646062 0.112099 0.667874 0.115931 0.667377 0.121191 0.653979 0.183691 0.665215 0.191330 0.685346 0.177962 0.683908 0.127751 0.673422 0.112553 0.670248 0.103004 0.645803 0.098708 0.641489 0.084862 0.668810 0.084862 0.691817 0.090114 0.724889 0.103959 0.777373 0.115895 0.813321 0.136902 0.828419 0.163639 0.826982 0.189420 0.828419 0.219976 0.860773 0.274881 0.871557 0.328354 0.875152 0.374188 0.866524 0.385910 0.812321 0.379917 0.816197 0.375143 0.787439 0.392808 0.698287 0.416680 0.656588
2 0.737141 0.270813 0.843900 0.274641 0.876217 0.343459 0.911929 0.447061 0.918756 0.485813 0.914555 0.515866 0.895648 0.570435 0.876217 0.667710 0.795339 0.693809 0.793239 0.673247 0.798490 0.597324 0.789562 0.494513 0.790613 0.472369 0.777483 0.432826 0.737044 0.286517
4 0.618879 0.761032 0.792188 0.696181 0.795865 0.598906 0.787462 0.496094 0.787987 0.471578 0.774332 0.431244 0.732843 0.269118 0.669296 0.274654 0.654066 0.289681 0.635685 0.336341 0.614153 0.406727 0.603124 0.447061 0.603124 0.467624 0.609951 0.482650 0.608901 0.523774 0.614153 0.565690 0.619404 0.687482 0.619930 0.738888
6 0.562160 0.439153 0.555858 0.458133 0.399880 0.509539 0.349988 0.525356 0.327405 0.543546 0.322678 0.549873 0.191384 0.556990 0.123635 0.558572 0.125211 0.549082 0.191384 0.507166 0.303772 0.463669 0.357865 0.451015 0.440844 0.439943 0.483908 0.436780 0.541153 0.436780
7 0.175389 0.832536 0.196995 0.896651 0.230674 0.913876 0.282783 0.915790 0.315191 0.884211 0.298669 0.877512 0.251009 0.872727 0.217965 0.868900 0.191275 0.837321
7 0.380009 0.887081 0.390176 0.923445 0.404157 0.956938 0.420043 0.983732 0.457536 0.997129 0.489945 0.998086 0.523624 0.984689 0.567472 0.908134 0.582087 0.777990 0.556033 0.703349 0.521718 0.668900 0.484861 0.664115 0.444191 0.673684 0.411782 0.721531 0.395896 0.784689 0.383186 0.860287
7 0.902998 0.585646 0.890289 0.634450 0.892195 0.657416 0.880121 0.671770 0.872496 0.676555 0.877579 0.758852 0.894737 0.789474 0.907446 0.806699 0.934771 0.807656 0.957013 0.802871 0.971628 0.783732 0.985609 0.711962 0.988150 0.677512 0.981796 0.621053 0.958919 0.577990 0.929688 0.577034 0.912530 0.578947
8 0.937949 0.285167 0.950658 0.282297 0.999023 0.363636 0.999023 0.457416 0.998318 0.545455 0.987515 0.518660 0.967816 0.496651 0.934771 0.499521 0.915707 0.516746 0.920156 0.471770 0.915072 0.453589 0.904269 0.419139 0.962732 0.408612 0.978618 0.408612 0.979254 0.370335 0.950022 0.303349
10 0.616403 0.759809 0.611319 0.761723 0.611319 0.711962 0.602422 0.666986 0.589713 0.617225 0.571920 0.587560 0.531250 0.561723 0.498841 0.569378 0.451181 0.593301 0.431482 0.617225 0.418772 0.629665 0.397802 0.631579 0.399708 0.609569 0.380644 0.562679 0.364122 0.549282 0.327265 0.549282 0.351413 0.529187 0.449910 0.493780 0.508373 0.476555 0.550314 0.466986 0.564294 0.451675 0.564930 0.438278 0.587171 0.429665 0.591911 0.433909 0.601151 0.443062 0.599880 0.458373 0.606235 0.480383 0.604329 0.507177 0.605600 0.529187 0.610683 0.559809 0.613861 0.635407 0.616403 0.679426 0.616403 0.711005
12 0.588442 0.427751 0.601151 0.435407 0.650718 0.287081 0.660250 0.274641 0.735618 0.264689 0.814395 0.271160 0.871210 0.274754 0.936619 0.282663 0.945690 0.276192 0.898424 0.268284 0.821557 0.259656 0.758535 0.256780 0.708404 0.253186 0.637744 0.258218 0.584749 0.265408 0.547031 0.275473 0.485442 0.297761 0.465390 0.311421 0.523160 0.289134 0.560399 0.282663 0.610530 0.276192 0.632970 0.278349 0.640131 0.283382 0.630582 0.307108
14 0.635107 0.284722 0.583639 0.427076 0.526395 0.426285 0.476503 0.413632 0.440791 0.421540 0.414532 0.436567 0.395100 0.440521 0.375143 0.429449 0.425561 0.358272 0.459697 0.317938 0.470726 0.313984 0.537949 0.288676 0.602546 0.279977 0.625654 0.279186
17 0.941136 0.700950 0.938510 0.710441 0.943237 0.710441
17 0.486853 0.825906 0.483702 0.836978 0.489479 0.836978
17 0.496306 0.802971 0.493681 0.810879 0.499458 0.811670
17 0.509436 0.805343 0.506810 0.811670 0.513637 0.813252
17 0.487903 0.859913 0.483177 0.864658 0.488954 0.868612
17 0.938509 0.680388 0.935358 0.687506 0.939560 0.689087
17 0.945337 0.666152 0.941135 0.673270 0.947438 0.676434
20 0.639681 0.381444 0.637580 0.402006 0.640208 0.433439 0.610795 0.438386 0.612897 0.447876 0.643357 0.441549 0.656487 0.441549 0.698501 0.423359 0.698501 0.396470 0.694817 0.354613 0.679069 0.352973 0.652769 0.357322 0.643616 0.365221
22 0.422781 0.435222 0.464272 0.419405 0.485279 0.420196 0.505761 0.424150 0.499984 0.428104 0.476876 0.421777
23 0.503660 0.428104 0.518890 0.433640 0.526768 0.428104 0.509962 0.425732
29 0.589789 0.583903 0.591364 0.592603 0.607120 0.591812 0.605544 0.583112 0.598717 0.579949
30 0.356085 0.442340 0.369739 0.429686 0.383919 0.438386 0.378667 0.441549 0.368689 0.435222
31 0.384445 0.438386 0.379193 0.443921 0.386021 0.450248 0.389697 0.443921
35 0.750494 0.473974 0.752595 0.489000 0.772027 0.485046 0.772027 0.472392
35 0.879689 0.458948 0.879689 0.471602 0.899121 0.469229 0.897020 0.455784
39 0.166495 0.572831 0.137085 0.640054 0.169646 0.643218 0.176999 0.629773 0.179099 0.572831
44 0.236343 0.656662 0.234242 0.674852 0.238626 0.686606 0.248947 0.684342 0.255319 0.668283 0.243695 0.655080
46 0.472148 0.768964 0.459544 0.816415 0.460208 0.893916 0.485277 0.935044 0.518214 0.935690 0.542115 0.903739 0.554334 0.837403 0.545436 0.781885 0.530732 0.754474 0.505234 0.742075
46 0.949012 0.628191 0.934307 0.647212 0.927480 0.675643 0.929220 0.723548 0.936933 0.756310 0.958684 0.763221 0.970427 0.738468 0.976847 0.691460 0.961574 0.641028
47 0.929581 0.432849 0.935883 0.473974 0.951114 0.467647 0.945337 0.425732
51 0.612372 0.766591 0.618149 0.783990 0.870235 0.700159 0.868134 0.675643 0.731063 0.723885 0.662264 0.747611
55 0.878113 0.665362 0.889141 0.655080 0.888616 0.632936 0.899120 0.588648 0.910149 0.558596 0.933782 0.523007 0.954264 0.511935 0.970019 0.526171 0.964767 0.552269 0.967918 0.584694 0.976321 0.599720 0.978947 0.517471 0.967918 0.499282 0.951638 0.501654 0.929055 0.507190 0.910149 0.534079 0.898595 0.568086 0.881789 0.644008
57 0.622876 0.858331 0.585063 0.847259 0.584012 0.785572 0.570883 0.696205 0.540423 0.628191 0.507336 0.606047 0.481603 0.601302 0.455869 0.617119 0.436962 0.649544 0.389171 0.786363 0.383919 0.809298 0.377092 0.787945 0.393372 0.700950 0.429610 0.629773 0.434336 0.616328 0.452193 0.596557 0.504710 0.572040 0.529394 0.564923 0.555128 0.580740 0.575610 0.598139 0.595041 0.648754 0.607120 0.699369 0.608696 0.727839 0.611322 0.775291 0.621825 0.829069
59 0.111207 0.682297 0.113113 0.732057 0.171576 0.745455 0.169670 0.691866
61 0.228767 0.727273 0.233851 0.757895 0.246116 0.774785 0.280864 0.776603 0.283418 0.754569 0.271344 0.719617 0.241477 0.706220
62 0.084517 0.692823 0.090872 0.717703 0.097226 0.739713 0.093414 0.701435
63 0.181743 0.574163 0.181108 0.635407 0.207162 0.641148 0.244019 0.574163
63 0.126458 0.574163 0.124551 0.621053 0.130906 0.631579 0.136363 0.632991 0.149970 0.596172 0.161409 0.577034 0.137261 0.574163
60 0.110571 0.733014 0.109300 0.762679 0.207798 0.789474 0.201656 0.750136 0.194453 0.727273 0.178154 0.719272 0.176660 0.752153 0.163315 0.749282 0.139167 0.745455 0.122645 0.741627
45 0.085788 0.638278 0.078162 0.647847 0.083246 0.654545 0.085153 0.662201 0.092143 0.645933
70 0.259906 0.577034 0.364758 0.574163 0.378161 0.587901 0.381915 0.604785 0.373379 0.630810 0.319215 0.644314 0.223082 0.644314 0.231764 0.617196 0.243528 0.594619 0.251465 0.579155
68 0.682697 0.286915 0.666952 0.290811 0.657062 0.303090 0.613463 0.433934 0.637700 0.430806 0.637596 0.394754 0.640117 0.376164 0.645722 0.359842 0.668061 0.350118 0.695885 0.355012 0.700110 0.423767 0.660132 0.441182 0.703417 0.431925 0.719746 0.428849 0.760468 0.422011 0.751175 0.363663 0.730551 0.284504 0.706383 0.282565
65 0.832785 0.286505 0.856154 0.368729 0.865910 0.411660 0.890693 0.407633 0.870043 0.350492 0.843067 0.288301
64 0.753600 0.285398 0.749269 0.290791 0.768423 0.363624 0.787634 0.424131 0.860838 0.411860 0.853676 0.378276 0.845580 0.339337 0.828094 0.286413
64 0.847004 0.276297 0.884965 0.364900 0.902488 0.418390 0.976686 0.404963 0.978771 0.392806 0.978052 0.372678 0.953991 0.314434 0.936991 0.283720
