1 0.472028 0.655563 0.439288 0.660955 0.443530 0.639524 0.427574 0.596584 0.409582 0.580963 0.182717 0.622554 0.184006 0.628495 0.306583 0.610333 0.273576 0.693704 0.281176 0.695757 0.316677 0.608837 0.372729 0.600532 0.414613 0.598798 0.432073 0.632474 0.422616 0.662691 0.372684 0.683312 0.328972 0.689348 0.203347 0.701917 0.191121 0.686552 0.189371 0.631633 0.185301 0.631563 0.176884 0.651283 0.176151 0.668764 0.175028 0.695548 0.169701 0.694350 0.176409 0.708010 0.184222 0.729137 0.187710 0.728161 0.191736 0.713992 0.249792 0.717582 0.258014 0.736944 0.245654 0.737150 0.198926 0.732794 0.184782 0.731475 0.174547 0.707998 0.170343 0.704178 0.159272 0.733456 0.160653 0.756666 0.167461 0.789379 0.183324 0.840611 0.196441 0.875397 0.216635 0.888025 0.241095 0.883262 0.264852 0.881517 0.294848 0.910370 0.345905 0.914445 0.395214 0.911445 0.436777 0.897062 0.444285 0.840928 0.439015 0.845580 0.432905 0.817160 0.443770 0.725032 0.463183 0.680006
2 0.734237 0.251114 0.832483 0.241745 0.866286 0.307166 0.905295 0.407257 0.913890 0.445506 0.911837 0.476344 0.897756 0.533738 0.885756 0.634280 0.813069 0.670632 0.809906 0.650148 0.810169 0.572905 0.795798 0.470292 0.795433 0.447822 0.781004 0.409557 0.735091 0.266968
4 0.655096 0.760315 0.810318 0.673415 0.807853 0.574826 0.793964 0.472148 0.792974 0.447350 0.778016 0.408352 0.730189 0.249936 0.672179 0.263396 0.659098 0.280442 0.645024 0.329793 0.629481 0.403469 0.621778 0.445525 0.623012 0.466269 0.630183 0.480582 0.631688 0.522200 0.639027 0.563834 0.651162 0.686051 0.654731 0.737845
6 0.583694 0.442623 0.579047 0.462552 0.438929 0.533741 0.394072 0.555881 0.374431 0.577029 0.370472 0.583998 0.250356 0.607449 0.188251 0.617440 0.189127 0.607671 0.247364 0.557185 0.347937 0.499376 0.396841 0.479907 0.472359 0.458455 0.511707 0.449927 0.564264 0.442833
7 0.252217 0.887409 0.275903 0.949412 0.307859 0.962616 0.355815 0.958089 0.383674 0.922215 0.368102 0.917505 0.324058 0.918584 0.293490 0.918818 0.267090 0.890267
7 0.443356 0.917079 0.454874 0.952504 0.469721 0.984560 0.485915 0.998529 0.521142 0.998529 0.550954 0.998529 0.581071 0.997751 0.616731 0.915087 0.622335 0.781983 0.593933 0.709912 0.560359 0.679410 0.526233 0.679151 0.489468 0.693844 0.462586 0.746130 0.451793 0.811814 0.444664 0.889654
7 0.905417 0.548172 0.896679 0.598982 0.899808 0.621915 0.889585 0.637892 0.882871 0.643664 0.892480 0.726057 0.910071 0.754823 0.922774 0.770625 0.947919 0.768205 0.968052 0.760621 0.980321 0.739503 0.988847 0.665366 0.989112 0.630297 0.979888 0.574127 0.956299 0.533519 0.929403 0.536177 0.913766 0.540233
8 0.919462 0.240710 0.930959 0.236239 0.980767 0.312233 0.986981 0.406762 0.990517 0.495814 0.978990 0.470122 0.959582 0.450359 0.929416 0.457350 0.912948 0.477090 0.914331 0.431165 0.908572 0.413453 0.896585 0.380038 0.949629 0.362174 0.964214 0.360205 0.962499 0.321511 0.931639 0.257556
10 0.652749 0.759388 0.648196 0.761949 0.645208 0.711749 0.634339 0.667478 0.619683 0.618853 0.601566 0.591131 0.562675 0.570106 0.533380 0.581845 0.491059 0.611886 0.474409 0.638461 0.463488 0.652586 0.444350 0.657116 0.444778 0.634676 0.424460 0.589734 0.408486 0.578266 0.374647 0.582834 0.395611 0.559568 0.483916 0.511643 0.536557 0.487021 0.574489 0.472170 0.586405 0.454991 0.586184 0.441397 0.606087 0.429952 0.610693 0.433647 0.619727 0.441735 0.619479 0.457339 0.626635 0.478755 0.626494 0.506023 0.628982 0.528069 0.635488 0.558331 0.642945 0.634203 0.647922 0.678296 0.649818 0.710154
12 0.607139 0.427864 0.619267 0.434012 0.655868 0.278235 0.663872 0.264504 0.732471 0.245124 0.805186 0.241889 0.857564 0.238475 0.918091 0.238348 0.926031 0.230696 0.882160 0.228575 0.811070 0.229397 0.753037 0.234306 0.706795 0.236891 0.642223 0.250725 0.594000 0.264545 0.559975 0.279374 0.504768 0.309490 0.487178 0.325756 0.538879 0.296113 0.572681 0.284970 0.618317 0.272230 0.639049 0.271625 0.645926 0.275815 0.638584 0.300933
14 0.641394 0.277789 0.602689 0.427778 0.550085 0.434074 0.503519 0.427492 0.471206 0.439896 0.448000 0.458309 0.430397 0.464706 0.411409 0.456009 0.453424 0.377956 0.482343 0.333036 0.492231 0.327680 0.552429 0.293818 0.611214 0.277037 0.632382 0.273376
17 0.947355 0.659769 0.945514 0.669668 0.949854 0.669082
17 0.537777 0.842123 0.535549 0.853683 0.540852 0.852967
17 0.545079 0.817814 0.543143 0.826118 0.548494 0.826200
17 0.557276 0.818581 0.555245 0.825289 0.561608 0.826038
17 0.540783 0.876300 0.536728 0.881673 0.542270 0.884946
17 0.943709 0.639350 0.941243 0.646921 0.945196 0.647996
17 0.949123 0.624143 0.945693 0.631844 0.951669 0.634255
20 0.651401 0.374798 0.650707 0.395802 0.655007 0.427187 0.628300 0.435822 0.630799 0.445136 0.658385 0.434978 0.670440 0.433351 0.707921 0.409795 0.706307 0.382668 0.700411 0.340898 0.685854 0.341195 0.661969 0.348841 0.654039 0.357944
22 0.455492 0.455930 0.492636 0.434832 0.511970 0.433026 0.531012 0.434477 0.525946 0.439182 0.504350 0.435663
23 0.529321 0.438727 0.543636 0.442424 0.550536 0.435863 0.534964 0.435552
29 0.617752 0.585228 0.619721 0.593809 0.634138 0.591059 0.632169 0.582478 0.625711 0.580132
30 0.394685 0.471376 0.406462 0.456918 0.420003 0.463937 0.415371 0.467779 0.405830 0.462633
31 0.420486 0.463872 0.415996 0.470108 0.422645 0.475644 0.425640 0.468806
35 0.758696 0.454413 0.761527 0.469312 0.779130 0.462915 0.778370 0.450149
35 0.876409 0.423244 0.877168 0.436010 0.894866 0.431208 0.892130 0.417905
39 0.228457 0.626514 0.205492 0.697975 0.235576 0.697131 0.241520 0.682657 0.240029 0.624952
44 0.297618 0.702429 0.296782 0.721040 0.301512 0.732355 0.310853 0.728791 0.315739 0.711801 0.304274 0.699922
46 0.520857 0.786501 0.512134 0.835933 0.517397 0.914036 0.542884 0.952420 0.573162 0.948990 0.593187 0.913795 0.600422 0.845359 0.588919 0.790454 0.573773 0.764623 0.549619 0.755274
46 0.950218 0.585391 0.937858 0.606402 0.933298 0.635930 0.937772 0.684042 0.946821 0.716138 0.967206 0.720414 0.976500 0.693988 0.979572 0.645769 0.962522 0.596784
47 0.920648 0.390733 0.928904 0.431439 0.942507 0.423169 0.934686 0.381600
51 0.649455 0.766730 0.655804 0.783567 0.882213 0.667757 0.878812 0.643284 0.755862 0.708939 0.694122 0.741400
55 0.887356 0.631676 0.896864 0.619937 0.895052 0.597663 0.902036 0.551682 0.910357 0.519997 0.929918 0.481166 0.948058 0.467458 0.963378 0.479867 0.960123 0.506846 0.964963 0.539167 0.973580 0.553285 0.971053 0.469984 0.959835 0.453001 0.945030 0.457411 0.924629 0.465795 0.908885 0.495264 0.900319 0.531003 0.889449 0.609679
57 0.664608 0.857978 0.629226 0.851494 0.624558 0.789393 0.607137 0.700864 0.575087 0.636025 0.543381 0.617785 0.519470 0.616187 0.496793 0.635333 0.481382 0.670387 0.445720 0.814336 0.442275 0.838124 0.434725 0.817428 0.444448 0.727649 0.473444 0.651352 0.476976 0.637203 0.492183 0.615045 0.538928 0.583803 0.561163 0.573564 0.585739 0.586332 0.605588 0.601346 0.626468 0.650000 0.640597 0.699565 0.643753 0.728092 0.649014 0.775637 0.661886 0.828588
59 0.184269 0.743797 0.189007 0.793761 0.243487 0.800031 0.238519 0.746206
61 0.294903 0.774602 0.301409 0.804864 0.313684 0.820383 0.345695 0.817912 0.346718 0.795367 0.333533 0.761602 0.305308 0.751788
62 0.160397 0.757724 0.167726 0.782036 0.174881 0.803453 0.169082 0.765310
63 0.242536 0.625967 0.245631 0.687831 0.269896 0.690394 0.299712 0.618250
63 0.191778 0.632818 0.192844 0.680359 0.199310 0.690190 0.204405 0.690939 0.214687 0.652109 0.224039 0.631383 0.201696 0.631480
60 0.186731 0.795041 0.187346 0.825126 0.279386 0.839950 0.271385 0.801026 0.263399 0.778854 0.247954 0.772802 0.248557 0.806159 0.236133 0.804917 0.213733 0.804047 0.198334 0.802233
45 0.158289 0.702539 0.151862 0.713138 0.156932 0.719266 0.159142 0.726752 0.164583 0.709475
70 0.314470 0.619177 0.410564 0.603288 0.423694 0.615487 0.428155 0.632054 0.421880 0.659367 0.372962 0.679703 0.284702 0.691616 0.291045 0.663181 0.300490 0.638948 0.306848 0.622364
68 0.685219 0.274104 0.670996 0.279986 0.662654 0.293599 0.630482 0.431000 0.652547 0.424842 0.650286 0.388485 0.651484 0.369418 0.655651 0.352257 0.675576 0.339679 0.701416 0.341168 0.709423 0.410007 0.673765 0.432529 0.712949 0.417827 0.727756 0.412700 0.764733 0.400756 0.752697 0.343044 0.729009 0.265742 0.706703 0.266781
65 0.822991 0.255091 0.849384 0.335146 0.860918 0.377246 0.883430 0.370113 0.861040 0.315026 0.832539 0.255629
64 0.750224 0.263787 0.746571 0.269765 0.768530 0.340867 0.789802 0.399527 0.856274 0.378077 0.847682 0.345084 0.837910 0.306804 0.818678 0.255580
64 0.835433 0.243031 0.875606 0.327712 0.894906 0.379503 0.962220 0.356763 0.963405 0.344240 0.961537 0.324024 0.935948 0.268247 0.918497 0.239369
