0 0.270244 0.722999 0.313221 0.734405 0.326371 0.766279 0.346457 0.783072 0.380601 0.792472 0.386844 0.794191 0.458612 0.777304 0.466655 0.775412 0.819454 0.703158 0.870964 0.648897 0.871195 0.612081 0.914375 0.576816 0.917597 0.601163 0.928201 0.628256 0.913177 0.765387 0.898026 0.800334 0.812746 0.835643 0.751726 0.851794 0.445603 0.910375 0.362281 0.921911 0.329016 0.901943 0.315923 0.889781 0.265020 0.765472 0.263611 0.745182
7 0.541299 0.895927 0.597427 0.900653 0.626850 0.896419 0.659339 0.881602 0.675238 0.871585 0.602276 0.884269
8 0.291727 0.658767 0.311063 0.727740 0.265453 0.720540 0.244232 0.642147
9 0.874492 0.526127 0.873210 0.608021 0.913411 0.574353 0.915081 0.490574
12 0.235271 0.482865 0.266796 0.465584 0.294872 0.229444 0.353087 0.196917 0.548407 0.144682 0.718547 0.104649 0.752331 0.109252 0.772703 0.147496 0.844670 0.315266 0.853820 0.326562 0.885215 0.322761 0.835102 0.206055 0.781970 0.121107 0.773151 0.088214 0.754317 0.056781 0.737469 0.049986 0.658435 0.064996 0.506394 0.097184 0.362224 0.145453 0.293923 0.174077 0.274340 0.233378 0.268282 0.259909 0.250727 0.339356 0.238409 0.439089
13 0.271514 0.539790 0.304675 0.698758 0.325451 0.759323 0.350903 0.782922 0.381823 0.789993 0.456943 0.783973 0.603004 0.745484 0.657054 0.734198 0.819770 0.695911 0.867554 0.656872 0.872291 0.523955 0.862250 0.399894 0.562601 0.478471 0.304650 0.534683
15 0.296958 0.230746 0.352195 0.199817 0.722720 0.107253 0.750086 0.111573 0.782517 0.173533 0.835174 0.301361 0.858826 0.383664 0.850538 0.398167 0.633176 0.457382 0.325800 0.530603 0.274032 0.534714 0.270494 0.479060 0.281878 0.309610
16 0.491662 0.024438 0.499087 0.022691 0.507675 0.092400 0.500251 0.094147
36 0.335808 0.876136 0.341922 0.907872 0.428841 0.894593 0.422612 0.861987
37 0.796446 0.784785 0.804876 0.819562 0.892040 0.793673 0.891264 0.758887 0.811064 0.779552
39 0.564788 0.494992 0.557550 0.541526 0.583650 0.536281
38 0.460904 0.577716 0.461508 0.591919 0.683345 0.542411 0.681159 0.525890
59 0.461882 0.604384 0.471046 0.678440 0.702739 0.631096 0.691028 0.552260
73 0.847748 0.328887 0.886294 0.326094 0.905559 0.389704 0.909212 0.446228 0.915355 0.487820 0.876391 0.521197 0.871285 0.448876 0.865185 0.402790
72 0.269112 0.468626 0.269730 0.545590 0.292044 0.651520 0.245628 0.638233 0.243154 0.600260 0.236679 0.580265 0.233761 0.485910
