0 0.254880 0.644188 0.298137 0.665484 0.307453 0.700089 0.326087 0.721384 0.360406 0.738638 0.366681 0.741792 0.443878 0.741792 0.452529 0.741792 0.830523 0.752440 0.891748 0.710736 0.897072 0.674357 0.946983 0.649512 0.946983 0.674357 0.954303 0.703638 0.919698 0.835847 0.899068 0.866903 0.805235 0.881988 0.739352 0.883762 0.411934 0.870453 0.323425 0.862467 0.291482 0.834960 0.279503 0.819876 0.243567 0.685004 0.244898 0.664596
7 0.513753 0.878438 0.571650 0.896185 0.602928 0.898847 0.638864 0.891748 0.656832 0.885537 0.578971 0.881100
8 0.286158 0.585626 0.296806 0.658385 0.250222 0.640639 0.238909 0.558119
9 0.912378 0.590062 0.899734 0.670807 0.946318 0.646850 0.959627 0.564330
12 0.251553 0.398403 0.286823 0.388642 0.348713 0.161491 0.413931 0.142857 0.624889 0.136646 0.807897 0.136646 0.842502 0.149068 0.858474 0.191659 0.910382 0.374445 0.918367 0.387755 0.951641 0.391304 0.915479 0.264140 0.871783 0.167702 0.867125 0.133097 0.851819 0.097604 0.835182 0.086957 0.750665 0.083407 0.587622 0.079858 0.430568 0.094055 0.355368 0.106477 0.326752 0.160603 0.316770 0.185448 0.287489 0.259982 0.260870 0.355812
13 0.281500 0.463177 0.294144 0.628217 0.307453 0.692990 0.330745 0.722271 0.362023 0.736468 0.441216 0.748004 0.598892 0.743925 0.656832 0.745342 0.831854 0.745342 0.887090 0.717835 0.910382 0.587400 0.917036 0.462289 0.593611 0.470275 0.316770 0.465839
15 0.350710 0.163265 0.412600 0.145519 0.811890 0.140195 0.839840 0.150843 0.865117 0.219711 0.902396 0.358474 0.915705 0.445430 0.905058 0.457853 0.670142 0.465839 0.339397 0.466726 0.284827 0.458740 0.288820 0.402839 0.324091 0.237799
16 0.582298 0.004437 0.590284 0.004437 0.589618 0.075421 0.581633 0.075421
36 0.302130 0.811003 0.304126 0.843833 0.396628 0.850932 0.394632 0.817214
37 0.795253 0.827862 0.799246 0.864241 0.893744 0.858917 0.897737 0.824312 0.811224 0.826087
39 0.593611 0.487134 0.579636 0.531500 0.607587 0.532387
38 0.473824 0.544809 0.472493 0.559006 0.710736 0.561668 0.710736 0.544809
59 0.471162 0.571429 0.470497 0.646850 0.718722 0.653949 0.717391 0.573203
73 0.911713 0.388642 0.952307 0.394854 0.963620 0.462289 0.959627 0.519077 0.960293 0.561668 0.915040 0.585626 0.919698 0.512866 0.919698 0.465839
72 0.288820 0.392192 0.278838 0.468500 0.287489 0.578527 0.240905 0.554570 0.243567 0.516415 0.239574 0.495120 0.249556 0.401065
