1 0.464508 0.680958 0.466552 0.701907 0.538204 0.859908 0.526042 0.861130 0.539108 0.889044 0.568484 0.905252 0.604170 0.913264 0.671659 0.869602 0.708219 0.840182 0.744811 0.791227 0.752642 0.772116 0.836423 0.676807 0.855853 0.630830 0.855676 0.615770 0.865311 0.555514 0.865967 0.509242 0.858111 0.475099 0.843610 0.458974 0.836591 0.493034 0.821984 0.522197 0.810339 0.541970 0.816151 0.555165 0.777436 0.595611 0.773786 0.584704 0.756460 0.599249 0.719390 0.623432 0.702785 0.638740 0.696763 0.630020 0.614399 0.673599 0.574911 0.692876 0.527868 0.687721 0.499678 0.670419 0.491408 0.658539 0.486953 0.645997 0.498172 0.621860 0.506344 0.606240 0.547790 0.607040 0.572239 0.599248 0.621301 0.572097 0.648798 0.555789 0.661975 0.551727 0.754077 0.488706 0.772419 0.471322 0.806266 0.440597 0.816724 0.421917 0.823795 0.408264 0.818619 0.394959 0.800073 0.430132 0.734583 0.487649 0.659551 0.533507 0.559009 0.582902 0.514601 0.591493 0.490322 0.601030 0.479535 0.642846 0.478951 0.663363 0.491251 0.683421
3 0.152225 0.421785 0.146778 0.465337 0.155656 0.509955 0.163139 0.560141 0.183117 0.599283 0.184991 0.618486 0.187369 0.629613 0.148577 0.596397 0.137425 0.581466 0.129915 0.564128 0.092114 0.474819 0.081853 0.462396 0.080976 0.400413 0.087019 0.362971 0.095035 0.286130 0.098882 0.265934 0.161979 0.256765 0.152927 0.382606
5 0.276283 0.454413 0.271931 0.482685 0.277880 0.517159 0.280153 0.573575 0.297358 0.663794 0.297423 0.710828 0.188261 0.632121 0.184854 0.597206 0.165340 0.556208 0.150684 0.478862 0.151182 0.457472 0.155737 0.411411 0.164352 0.254578 0.210418 0.256352 0.227429 0.291570 0.248946 0.359737 0.262018 0.400965 0.272417 0.434667
6 0.557948 0.578648 0.668575 0.526616 0.718397 0.494007 0.756693 0.462511 0.790329 0.436260 0.809936 0.405342 0.818108 0.389722 0.808187 0.380791 0.760968 0.360577 0.713794 0.347456 0.584991 0.319201 0.549402 0.338689 0.479660 0.365877 0.341190 0.417412 0.311190 0.427942 0.311878 0.448239 0.335789 0.468058 0.379785 0.481730 0.452606 0.512594 0.512374 0.542171 0.548152 0.564370
7 0.491057 0.813939 0.515230 0.849690 0.523545 0.868664 0.521368 0.925851 0.484389 0.964221 0.449521 0.984472 0.427137 0.967051 0.400848 0.936105 0.373865 0.871548 0.352261 0.802508 0.342361 0.747416 0.343437 0.692195 0.354656 0.668057 0.380541 0.648477 0.391432 0.647476 0.417465 0.675803 0.451565 0.733799 0.471799 0.775560
7 0.131729 0.635713 0.163483 0.663049 0.129841 0.675985 0.110805 0.659759 0.088022 0.605126 0.081057 0.573491 0.076543 0.527228 0.084079 0.511718 0.094806 0.522285 0.108383 0.555436 0.123100 0.580400 0.127437 0.611604 0.126048 0.630485
9 0.077372 0.396599 0.079161 0.414930 0.079809 0.441447 0.078799 0.457600 0.064344 0.448568 0.055156 0.467027 0.052194 0.476417 0.037811 0.441631 0.033428 0.403334 0.031725 0.385877 0.038640 0.311002 0.050194 0.277043 0.055914 0.276050 0.044674 0.346349 0.043881 0.371341 0.052491 0.386713 0.069319 0.393558
11 0.298584 0.656480 0.303899 0.604962 0.312746 0.583011 0.339692 0.567685 0.361009 0.567538 0.406622 0.597795 0.464377 0.672992 0.485104 0.680049 0.473559 0.641219 0.487779 0.601471 0.499555 0.589664 0.527143 0.587542 0.553584 0.580293 0.545780 0.566556 0.461636 0.519016 0.316629 0.457179 0.308694 0.435476 0.303478 0.428392 0.287286 0.421436 0.275851 0.436735 0.278150 0.460302 0.276472 0.496100 0.279964 0.531888 0.285545 0.595718
12 0.274789 0.432481 0.285844 0.419911 0.232036 0.265917 0.234487 0.251289 0.248215 0.246245 0.393473 0.211285 0.454455 0.206921 0.427411 0.194746 0.404017 0.193478 0.363377 0.194314 0.267351 0.203869 0.230445 0.216484 0.186586 0.224092 0.111752 0.238848 0.059086 0.262185 0.049853 0.273551 0.060914 0.274295 0.148291 0.255589 0.192660 0.253218 0.216479 0.258851 0.225771 0.281206
16 0.145808 0.203648 0.155906 0.227638 0.163533 0.226315
14 0.234998 0.256526 0.236957 0.276603 0.287240 0.414343 0.305923 0.400451 0.385449 0.360914 0.450880 0.355779 0.537693 0.311428 0.561722 0.312586 0.456997 0.206480 0.339786 0.224148 0.259362 0.247862
17 0.403033 0.776825 0.401853 0.785297 0.410353 0.786027 0.409112 0.777424
17 0.420165 0.837237 0.420328 0.847129 0.427432 0.845897
20 0.535637 0.263851 0.544377 0.287189 0.527970 0.271395 0.518770 0.263226
21 0.197159 0.358956 0.209477 0.418955 0.224537 0.431280 0.268479 0.440676 0.273728 0.428226 0.242956 0.417586 0.228390 0.354427 0.208470 0.349005
22 0.538420 0.325504 0.510157 0.333957 0.471816 0.358361 0.494562 0.333112 0.524305 0.319964
23 0.540582 0.327792 0.566558 0.322399 0.570156 0.312898 0.528755 0.319192
29 0.287485 0.575853 0.285034 0.590481 0.299149 0.596021 0.302832 0.587394
30 0.456181 0.363736 0.380161 0.379585 0.300759 0.413774 0.365240 0.372409 0.427361 0.359858
31 0.459359 0.363184 0.483133 0.361724 0.492071 0.353960 0.471220 0.352251 0.448507 0.357965
35 0.155926 0.453098 0.156444 0.471649 0.171364 0.478825 0.169831 0.463113
35 0.087980 0.425827 0.086250 0.441217 0.099814 0.447741 0.101079 0.434207
33 0.644822 0.753537 0.637581 0.765445 0.634834 0.783674 0.636836 0.804405 0.649041 0.803401 0.652206 0.776222 0.652030 0.761163
39 0.767465 0.480170 0.756875 0.490884 0.771244 0.585146 0.778281 0.591026 0.813268 0.552114
45 0.663427 0.665983 0.656402 0.686730 0.672895 0.703397 0.685120 0.693963 0.679869 0.662243
44 0.871079 0.475513 0.866983 0.506403 0.850467 0.494993 0.859172 0.479353
44 0.563766 0.333535 0.562501 0.347069 0.572501 0.343559
45 0.450892 0.382406 0.449712 0.396813 0.462425 0.394608
46 0.113323 0.606063 0.119646 0.624494 0.121575 0.642871 0.115488 0.649206 0.090394 0.602939 0.087617 0.554600 0.101948 0.568979
46 0.361601 0.745854 0.374737 0.834116 0.390541 0.867671 0.407093 0.904347 0.426875 0.919096 0.434517 0.890320 0.431026 0.854532 0.415019 0.789847 0.388933 0.741113 0.372299 0.728072
52 0.280024 0.751127 0.286472 0.764211 0.307958 0.765810 0.300397 0.728065 0.297128 0.714430 0.191570 0.639536 0.154474 0.610464 0.145484 0.597821 0.127556 0.592942 0.129049 0.614874 0.128590 0.630044 0.180016 0.673496 0.266630 0.746349
56 0.108933 0.554453 0.126239 0.586070 0.141245 0.594119 0.130426 0.569365 0.099924 0.501869 0.090633 0.479514 0.079395 0.463710 0.064684 0.452059 0.052705 0.481654 0.070723 0.586823 0.077675 0.591830 0.083481 0.591711 0.072933 0.510101 0.067836 0.484356 0.077881 0.487939 0.089250 0.511709
58 0.502420 0.824395 0.517052 0.848487 0.531422 0.856646 0.463414 0.696238 0.456494 0.671696 0.437538 0.643029 0.405351 0.598016 0.363341 0.571572 0.339948 0.570304 0.313172 0.587375 0.306783 0.608012 0.299782 0.682014 0.301669 0.727844 0.314707 0.788606 0.327262 0.811283 0.335656 0.817816 0.346711 0.805246 0.343901 0.776441 0.338194 0.717958 0.329362 0.680434 0.324173 0.640502 0.332299 0.617788 0.343741 0.615804 0.363707 0.628318 0.387828 0.643663 0.409366 0.665669 0.430230 0.694005 0.455339 0.739358 0.480704 0.787330
59 0.777421 0.655086 0.772492 0.717189 0.781141 0.714021 0.853475 0.619703 0.857434 0.567532
60 0.746641 0.717235 0.742840 0.744524 0.770290 0.721122 0.775261 0.691298 0.771372 0.679214 0.760357 0.685563 0.747651 0.701082
62 0.660457 0.748162 0.660731 0.790722 0.697762 0.772759 0.697533 0.737292 0.679775 0.734159
63 0.653758 0.560254 0.699260 0.622486 0.766748 0.578824 0.753782 0.492308
63 0.769667 0.476238 0.814483 0.432070 0.828826 0.473077 0.825706 0.507349 0.809487 0.533242
71 0.507025 0.613223 0.491593 0.643970 0.503203 0.674543 0.546137 0.688455 0.582833 0.687951 0.695491 0.630241 0.685014 0.608979 0.649178 0.563730 0.546742 0.612505
70 0.816134 0.429121 0.836670 0.480593 0.842293 0.452101 0.826043 0.411425
69 0.169233 0.271484 0.163897 0.369164 0.167434 0.412045 0.204564 0.419425 0.197225 0.358444 0.205003 0.347290 0.227368 0.350156 0.244905 0.402820 0.259924 0.415076 0.209749 0.275996
66 0.056635 0.276813 0.045368 0.379959 0.078683 0.390159 0.095409 0.270087
66 0.109143 0.278357 0.109154 0.391087 0.143149 0.408269 0.154063 0.275003
67 0.102151 0.279570 0.087837 0.391234 0.104324 0.394587 0.106291 0.341875 0.108957 0.282370
