1 0.499778 0.636202 0.499778 0.657498 0.557675 0.827862 0.545031 0.826974 0.555679 0.857143 0.584295 0.878438 0.620231 0.892635 0.694099 0.860692 0.734694 0.837622 0.777285 0.795031 0.787267 0.777285 0.883097 0.696540 0.907720 0.653949 0.909051 0.638864 0.925022 0.580302 0.930346 0.534162 0.925688 0.498669 0.912378 0.480035 0.901730 0.512866 0.883762 0.539485 0.869787 0.557232 0.874445 0.571429 0.830523 0.605146 0.827862 0.593611 0.808563 0.605146 0.767968 0.622893 0.749335 0.635315 0.744011 0.625555 0.654836 0.654836 0.612245 0.667258 0.564330 0.653949 0.537045 0.631766 0.529725 0.618456 0.526398 0.605146 0.540373 0.582964 0.550355 0.568767 0.592946 0.576752 0.618900 0.573203 0.672138 0.554570 0.702085 0.543035 0.716060 0.541260 0.817214 0.494232 0.837844 0.480035 0.875776 0.455191 0.888421 0.438332 0.897072 0.425909 0.893079 0.411712 0.870453 0.443656 0.797249 0.489796 0.715395 0.522626 0.606921 0.554570 0.560337 0.555457 0.534383 0.560781 0.519077 0.600710 0.516415 0.621118 0.527063 0.643301
3 0.204303 0.322981 0.194321 0.365572 0.198980 0.411712 0.201642 0.463177 0.218279 0.505768 0.218279 0.525288 0.219610 0.536823 0.183008 0.496894 0.173026 0.480035 0.167036 0.461402 0.137090 0.365572 0.127773 0.351375 0.133097 0.289264 0.143079 0.252884 0.159051 0.177462 0.165040 0.157941 0.230923 0.159716 0.208962 0.283940
5 0.328749 0.377107 0.321429 0.404614 0.324091 0.440106 0.320763 0.496894 0.329414 0.590062 0.324756 0.637090 0.220275 0.539485 0.220275 0.503993 0.204303 0.459627 0.196983 0.379769 0.199645 0.358474 0.208962 0.313221 0.233585 0.157941 0.280834 0.167702 0.294809 0.205856 0.310115 0.277728 0.319432 0.321207 0.326752 0.356699
6 0.606256 0.550133 0.725377 0.517303 0.779947 0.493345 0.822538 0.468500 0.859805 0.448092 0.883097 0.420586 0.893079 0.406389 0.883762 0.395741 0.837178 0.367347 0.789929 0.346051 0.660160 0.295475 0.621562 0.308784 0.547028 0.323869 0.399290 0.351375 0.367347 0.356699 0.366016 0.377107 0.388642 0.401065 0.432564 0.422360 0.504437 0.465839 0.562999 0.505768 0.597604 0.534162
7 0.513753 0.773736 0.535049 0.813665 0.541704 0.834073 0.533718 0.890861 0.491792 0.922804 0.453860 0.937001 0.432564 0.915705 0.408607 0.880213 0.387311 0.811003 0.372005 0.738243 0.367347 0.681455 0.374002 0.626442 0.387977 0.604259 0.416593 0.589175 0.427906 0.590062 0.451863 0.622893 0.481145 0.686779 0.497782 0.732032
7 0.161713 0.533274 0.191659 0.566105 0.155723 0.573203 0.137755 0.553682 0.119787 0.495120 0.115794 0.462289 0.115794 0.415262 0.125111 0.401065 0.135093 0.413487 0.145741 0.448980 0.158385 0.476486 0.159716 0.508429 0.156389 0.527063
9 0.129769 0.284827 0.129769 0.303461 0.127773 0.330080 0.125111 0.346051 0.111136 0.334516 0.099823 0.351375 0.095830 0.360248 0.084516 0.322981 0.083851 0.283940 0.083851 0.266193 0.098492 0.192547 0.113798 0.160603 0.119787 0.160603 0.101154 0.228926 0.097826 0.253771 0.105146 0.270630 0.121784 0.280390
11 0.331411 0.582964 0.342059 0.532387 0.353372 0.511979 0.382653 0.501331 0.404614 0.504880 0.448536 0.543035 0.500444 0.628217 0.521074 0.638864 0.513088 0.598048 0.531721 0.560781 0.545031 0.551020 0.573647 0.553682 0.601597 0.551020 0.594942 0.535936 0.513088 0.473824 0.370009 0.386868 0.364020 0.363798 0.359361 0.355812 0.343390 0.346051 0.330080 0.359361 0.330080 0.383319 0.324756 0.418811 0.324756 0.455191 0.324091 0.519965
12 0.329414 0.354925 0.342059 0.344277 0.302130 0.181012 0.306122 0.166815 0.320763 0.164153 0.473824 0.154392 0.537045 0.160603 0.510426 0.143744 0.486468 0.138421 0.444543 0.132209 0.344720 0.125111 0.305457 0.131322 0.259539 0.131322 0.181012 0.133097 0.124445 0.147294 0.113798 0.157054 0.125111 0.159716 0.216948 0.156167 0.262866 0.161491 0.286823 0.171251 0.294144 0.195209
16 0.219610 0.103815 0.227595 0.129547 0.235581 0.129547
14 0.306122 0.172138 0.306122 0.192547 0.344055 0.338953 0.364685 0.328305 0.450532 0.302573 0.518412 0.308784 0.612245 0.279503 0.636868 0.284827 0.539707 0.160603 0.417258 0.157941 0.332076 0.167702
17 0.426857 0.721373 0.424791 0.729637 0.433468 0.731841 0.433055 0.723026
17 0.438427 0.784732 0.437600 0.794649 0.445038 0.794649
20 0.614907 0.231588 0.621562 0.256433 0.606256 0.237799 0.597604 0.228039
21 0.256877 0.267968 0.263532 0.330080 0.277798 0.345011 0.322094 0.362023 0.328749 0.350488 0.298137 0.334516 0.289485 0.268855 0.269521 0.259982
22 0.611579 0.293700 0.581633 0.297249 0.539707 0.314996 0.565661 0.293700 0.597604 0.285714
23 0.613576 0.296362 0.640861 0.295475 0.645519 0.286602 0.602263 0.285714
29 0.328083 0.500444 0.324091 0.514641 0.338066 0.522626 0.342724 0.514641
30 0.523070 0.317658 0.443212 0.320319 0.358030 0.340728 0.428571 0.310559 0.493789 0.308784
31 0.526398 0.317658 0.551020 0.320319 0.561003 0.314108 0.539707 0.308784 0.515750 0.310559
35 0.204969 0.354925 0.203638 0.373558 0.218279 0.383319 0.218279 0.367347
35 0.137755 0.315883 0.134428 0.330967 0.147737 0.339840 0.150399 0.326531
33 0.678128 0.740018 0.669477 0.750665 0.664818 0.768412 0.664796 0.789481 0.677462 0.790595 0.683452 0.763975 0.684783 0.748891
39 0.831854 0.488021 0.819876 0.496894 0.825200 0.593611 0.831854 0.600710 0.871783 0.567879
45 0.706078 0.655723 0.696761 0.675244 0.712067 0.694765 0.725601 0.687454 0.723381 0.654836
44 0.938997 0.501331 0.931677 0.531500 0.915820 0.517230 0.926353 0.503106
44 0.636868 0.306122 0.634206 0.319432 0.644854 0.317658
45 0.515750 0.335404 0.513088 0.349601 0.526398 0.349601
46 0.145741 0.500444 0.150399 0.519965 0.150539 0.538668 0.143637 0.543946 0.122449 0.493345 0.124445 0.444543 0.137755 0.461402
46 0.387311 0.683230 0.391970 0.773736 0.404870 0.810019 0.418227 0.849550 0.437112 0.867724 0.447870 0.840284 0.447870 0.803904 0.437888 0.736468 0.415927 0.683230 0.400112 0.667310
52 0.302795 0.674357 0.308119 0.688554 0.330080 0.693878 0.326087 0.654836 0.324091 0.640639 0.222937 0.547471 0.187666 0.511979 0.179681 0.497782 0.161713 0.489796 0.161047 0.511979 0.159051 0.527063 0.207631 0.579414 0.289485 0.667258
56 0.146406 0.448092 0.161047 0.482697 0.175688 0.493345 0.167036 0.466726 0.142413 0.393966 0.135093 0.370009 0.125111 0.352263 0.111136 0.338066 0.095830 0.365572 0.103815 0.473824 0.110470 0.480035 0.116460 0.480923 0.113798 0.397516 0.111136 0.370896 0.121118 0.376220 0.130435 0.401952
58 0.524401 0.786158 0.537045 0.812777 0.551020 0.823425 0.497116 0.651287 0.492458 0.625555 0.475821 0.593611 0.447205 0.543035 0.406610 0.509317 0.382653 0.503993 0.353372 0.516415 0.344720 0.535936 0.330080 0.608696 0.327418 0.654836 0.334738 0.717835 0.345386 0.742680 0.353372 0.750665 0.366016 0.740018 0.366016 0.710736 0.366016 0.651287 0.360692 0.612245 0.359361 0.571429 0.370009 0.550133 0.381988 0.550133 0.401287 0.566105 0.424579 0.585626 0.444543 0.611358 0.463177 0.643301 0.484472 0.692990 0.505768 0.745342
59 0.824534 0.664596 0.813221 0.725821 0.822444 0.724154 0.906389 0.642413 0.915705 0.590949
60 0.786602 0.721384 0.779947 0.748004 0.810559 0.729370 0.818672 0.700420 0.815883 0.687666 0.803904 0.692103 0.789264 0.705413
62 0.694765 0.737356 0.690772 0.779947 0.730701 0.768412 0.734028 0.732919 0.716060 0.726708
63 0.706744 0.548359 0.747338 0.618456 0.821207 0.586513 0.816548 0.497782
63 0.834516 0.484472 0.885093 0.448092 0.895741 0.491571 0.889086 0.525288 0.869787 0.548359
71 0.550355 0.575865 0.531378 0.603924 0.540260 0.636499 0.583065 0.657850 0.620896 0.663709 0.742680 0.625555 0.734028 0.602484 0.701679 0.551039 0.591317 0.582034
70 0.887090 0.445430 0.903061 0.500444 0.911713 0.472937 0.899068 0.429459
69 0.236912 0.175688 0.221606 0.272405 0.220941 0.315883 0.258426 0.329697 0.256996 0.267467 0.266124 0.257666 0.288862 0.264410 0.301627 0.320094 0.315858 0.334950 0.278172 0.187223
66 0.120453 0.161491 0.098492 0.262644 0.131766 0.278616 0.161047 0.161491
66 0.174357 0.172138 0.163043 0.284827 0.196318 0.307897 0.220941 0.176575
67 0.167036 0.172138 0.141083 0.281278 0.157720 0.287489 0.165040 0.235138 0.173762 0.176118
