1 0.750000 0.452632 0.772249 0.449761 0.782297 0.444019 0.790909 0.444019 0.848325 0.444019 0.861262 0.427397 0.816783 0.541850 0.759734 0.669509 0.700777 0.749301 0.672511 0.779258 0.653110 0.783732 0.598565 0.853589 0.555502 0.888038 0.511723 0.892823 0.292823 0.777034 0.251196 0.764593 0.119139 0.629665 0.133493 0.620096 0.106938 0.572249 0.114115 0.563636 0.081100 0.525359 0.003589 0.443062 0.002153 0.339713 0.000718 0.299522 0.020813 0.310048 0.013636 0.256459 0.004306 0.160766 0.002153 0.127273 0.007177 0.108134 0.000718 0.088995 0.000718 0.066986 0.034450 0.089952 0.077512 0.113876 0.139234 0.147368 0.198086 0.180861 0.330144 0.233493 0.518900 0.306220 0.608612 0.318660 0.706938 0.301435 0.732057 0.328230 0.744976 0.365550 0.753588 0.410526 0.748565 0.437321 0.734211 0.438278 0.738517 0.399043 0.729187 0.357895 0.703349 0.334928 0.648086 0.354067 0.566986 0.357895 0.419139 0.315789 0.304306 0.269856 0.264115 0.255502 0.104785 0.170335 0.063158 0.149282 0.076077 0.288038 0.086842 0.320574 0.111244 0.343541 0.192345 0.390431 0.210287 0.395215 0.279904 0.274641 0.293541 0.269856 0.285646 0.296651 0.236842 0.408612 0.221053 0.457416 0.269139 0.478469 0.513876 0.568421 0.584928 0.569378 0.620813 0.555024 0.693301 0.497608 0.729187 0.444976 0.742105 0.444019
6 0.811723 0.001914 0.624402 0.195215 0.567703 0.282297 0.559809 0.308134 0.293541 0.212440 0.144258 0.143541 0.014354 0.068900 0.004306 0.060287 0.000718 0.002871
11 0.750718 0.438278 0.750000 0.449761 0.774402 0.440191 0.788756 0.425837 0.910048 0.184689 0.943780 0.133971 0.974641 0.107177 0.994737 0.118660 0.997608 0.126316 0.998325 0.002871 0.817464 0.002871 0.755742 0.065072 0.698325 0.126316 0.640909 0.184689 0.610766 0.222967 0.576316 0.280383 0.569856 0.303349 0.598565 0.311005 0.645215 0.305263 0.694737 0.291866 0.720574 0.293780 0.741388 0.337799 0.752871 0.385646 0.754306 0.428708
58 0.788756 0.437321 0.800957 0.443062 0.838995 0.440191 0.864833 0.419139 0.949522 0.269856 0.979665 0.223923 0.988995 0.217225 0.917943 0.334928 0.912201 0.352153 0.933732 0.379904 0.949522 0.390431 0.983254 0.263158 0.999752 0.164593 0.996890 0.132057 0.980383 0.117703 0.953110 0.132057 0.917943 0.183732 0.872727 0.266029 0.820335 0.376077 0.795215 0.422967
51 0.943062 0.405742 0.965311 0.375120 0.993301 0.318660 0.999752 0.305263 0.996890 0.226794 0.985407 0.261244 0.978230 0.290909 0.966029 0.334928 0.958852 0.360766
39 0.016507 0.301435 0.000718 0.295694 0.000718 0.133971 0.012919 0.276555
7 0.908612 0.357895 0.929426 0.395215 0.925120 0.442105 0.905024 0.500478 0.877751 0.571292 0.828947 0.676555 0.764354 0.783732 0.696890 0.837321 0.667464 0.846890 0.630144 0.820096 0.653110 0.787560 0.681818 0.779904 0.727033 0.719617 0.760048 0.674641 0.800957 0.585646 0.850478 0.467943 0.874163 0.411483 0.897847 0.368421
59 0.085407 0.543541 0.128469 0.616268 0.120574 0.621053 0.000718 0.483254 0.000718 0.444976 0.048804 0.500478 0.072488 0.529187
28 0.836842 0.543541 0.849043 0.556938 0.853349 0.543541
46 0.877033 0.481340 0.878799 0.512792 0.869463 0.544870 0.835540 0.623147 0.790909 0.696651 0.747847 0.749282 0.720789 0.767368 0.710907 0.746549 0.742823 0.702392 0.780861 0.634450 0.839655 0.487956 0.861688 0.471670
70 0.305024 0.275598 0.566986 0.361722 0.620813 0.362679 0.686124 0.348325 0.713397 0.351196 0.727751 0.400000 0.729187 0.428708 0.718421 0.449761 0.688995 0.495694 0.646651 0.529187 0.594976 0.559809 0.544737 0.566507 0.491627 0.557895 0.228947 0.454545 0.229665 0.434450 0.275598 0.324402 0.293541 0.288995
32 0.388278 0.718660 0.402632 0.763636 0.434876 0.792191 0.456459 0.786603 0.441388 0.749282 0.419245 0.733645
61 0.296411 0.690909 0.299856 0.708113 0.310048 0.725359 0.332607 0.739859 0.375359 0.759809 0.385238 0.751769 0.379958 0.725647 0.356699 0.711005
44 0.297847 0.569378 0.286362 0.587510 0.292823 0.618182 0.309867 0.641406 0.345933 0.648804 0.359569 0.590431 0.336603 0.572249
63 0.275598 0.266986 0.208852 0.390431 0.157209 0.371194 0.090431 0.322488 0.073923 0.228708 0.065311 0.155024 0.083254 0.164593 0.118421 0.183732 0.179426 0.219139 0.235407 0.246890
