1 0.774022 0.472171 0.795574 0.474394 0.805932 0.470845 0.814118 0.472844 0.868693 0.486168 0.883327 0.472148 0.824952 0.579036 0.752773 0.696533 0.685511 0.764566 0.654432 0.788685 0.635361 0.788765 0.573691 0.847647 0.527914 0.872934 0.485628 0.867674 0.293846 0.698296 0.256029 0.675896 0.149483 0.507071 0.164473 0.500602 0.145961 0.445440 0.153994 0.438286 0.127997 0.391424 0.065895 0.289157 0.079066 0.182985 0.083354 0.141492 0.100975 0.156935 0.101690 0.100390 0.106280 0.000225 0.108944 0.000000 0.116411 0.000000 0.112963 0.000000 0.116058 0.000000 0.144891 0.000000 0.182457 0.000000 0.236415 0.017817 0.287644 0.065774 0.405764 0.150319 0.574950 0.268602 0.658473 0.302161 0.754355 0.307338 0.774464 0.340607 0.781494 0.381825 0.783355 0.429884 0.774811 0.456158 0.761033 0.453806 0.770644 0.414626 0.767563 0.370321 0.746234 0.340805 0.691014 0.347581 0.613389 0.332680 0.478780 0.255251 0.376091 0.181563 0.339907 0.157536 0.200440 0.033342 0.163834 0.002122 0.156599 0.147220 0.162256 0.183038 0.182220 0.212220 0.252712 0.279060 0.269094 0.288124 0.352224 0.180800 0.365858 0.179065 0.354586 0.204672 0.292451 0.308007 0.270579 0.354322 0.313324 0.387041 0.533299 0.535955 0.600700 0.553423 0.636828 0.547051 0.713804 0.505073 0.755315 0.459501 0.767730 0.461519
6 0.896079 0.024916 0.690843 0.179405 0.624703 0.255427 0.613565 0.280055 0.373933 0.120265 0.241729 0.015062 0.128751 0.000000 0.120411 0.000000 0.125075 0.000000
11 0.776723 0.457637 0.774426 0.469231 0.798966 0.465093 0.814629 0.453724 0.963833 0.234913 0.999752 0.190801 0.999752 0.170523 0.999752 0.186946 0.999752 0.195452 0.999752 0.069199 0.901402 0.027228 0.833986 0.076605 0.770798 0.126000 0.708014 0.172456 0.673978 0.204661 0.633159 0.255466 0.623789 0.277487 0.649999 0.291989 0.695149 0.296935 0.744104 0.294707 0.768394 0.302663 0.781986 0.352572 0.786172 0.404237 0.781480 0.448670
58 0.813014 0.465484 0.823803 0.474196 0.860363 0.480083 0.887882 0.464519 0.989375 0.331293 0.999752 0.291248 0.999752 0.286553 0.950207 0.390604 0.942327 0.406912 0.958890 0.440328 0.972418 0.454772 0.999752 0.332261 0.999752 0.235318 0.999752 0.201166 0.999752 0.182635 0.999752 0.191006 0.971472 0.235765 0.916920 0.309552 0.851643 0.410093 0.821172 0.452284
51 0.964125 0.468953 0.989579 0.442756 0.999752 0.391432 0.999752 0.379378 0.999752 0.298185 0.999752 0.330800 0.999752 0.359515 0.995914 0.401763 0.985458 0.426557
39 0.098093 0.147116 0.083893 0.137572 0.106637 0.000000 0.098181 0.120803
7 0.938109 0.411959 0.952644 0.455009 0.941956 0.502029 0.914645 0.557145 0.878763 0.623336 0.817570 0.719810 0.741100 0.814580 0.669438 0.853804 0.640122 0.856776 0.608417 0.820675 0.634823 0.792685 0.663187 0.791507 0.714644 0.740260 0.752349 0.701861 0.803750 0.620215 0.867375 0.511168 0.897827 0.458844 0.926396 0.420240
59 0.129533 0.411044 0.160236 0.495517 0.152059 0.498584 0.057514 0.329651 0.062898 0.290451 0.100798 0.358450 0.119273 0.393346
28 0.843781 0.585423 0.853494 0.601974 0.859471 0.589254
46 0.890732 0.531050 0.887986 0.563670 0.874601 0.594355 0.831347 0.666645 0.778588 0.731563 0.730255 0.775470 0.701993 0.787713 0.695527 0.764098 0.732074 0.726284 0.777785 0.665532 0.854273 0.529151 0.877505 0.517587
70 0.375965 0.187609 0.612850 0.336600 0.663880 0.350072 0.727977 0.350528 0.753497 0.359797 0.760277 0.413108 0.757603 0.442841 0.744410 0.461902 0.709980 0.502114 0.665021 0.526587 0.611597 0.545955 0.562902 0.541156 0.513631 0.520012 0.278487 0.353214 0.281995 0.332801 0.341132 0.230761 0.363166 0.198665
32 0.392787 0.660668 0.400105 0.710058 0.426738 0.746784 0.448039 0.746070 0.438962 0.704352 0.420114 0.683199
61 0.309370 0.610929 0.310224 0.629347 0.317486 0.649374 0.336889 0.669458 0.374720 0.699810 0.385241 0.693869 0.383896 0.665893 0.363847 0.645499
44 0.327826 0.486803 0.314359 0.502706 0.316187 0.535617 0.329122 0.563356 0.362362 0.579301 0.383533 0.522686 0.364261 0.498737
63 0.349207 0.171961 0.268403 0.282891 0.222021 0.251207 0.165397 0.185830 0.162896 0.085960 0.165073 0.008502 0.180782 0.022466 0.211517 0.050226 0.264523 0.100643 0.313831 0.142054
