0 0.6607163564237054 0.5355939585229673 0.6751368769976697 0.516569315100058 0.6984190347837675 0.4650724658894969 0.7566120909289765 0.4776218377993628 0.7579865094545787 0.44789537052066725 0.7732717433747314 0.541151292698736 0.7732717433747314 0.6121737237230076 0.7691030354667848 0.6813433956770809 0.7653975173263882 0.7078996090165913 0.6537687833469349 0.7122227135137209 0.605133857754227 0.7091347817300568 0.5046216781959643 0.7091347817300568 0.4346799984381138 0.7109874898253997 0.3763181125847256 0.7097523680867898 0.3188825814085754 0.7153106452973849 0.24477221860063966 0.7122227135137209 0.23689799255229652 0.7159282316541177 0.23458204371454847 0.6924599500982712 0.22717100743375493 0.6263782099278621 0.22578144878447529 0.5825295785998335 0.22717100743375493 0.5263292201371488 0.24245626976289167 0.4441902346916866 0.2456985981357389 0.48001024338218895 0.30452333995111136 0.4676586266930533 0.31631945249377574 0.5006679343549988 0.3327778554025454 0.5275656587261927 0.3452823633654041 0.541152753977927 0.3684417665159312 0.5479459915067565 0.638019862502008 0.544857906798526
7 0.22997402308122206 0.6725769980873821 0.22971256453277258 0.7363728839090399 0.23311152566261506 0.7987743241389674 0.23598756969555862 0.8092326660769441 0.24330840905214232 0.8179479510252581 0.2840959426102514 0.8175993396273256 0.2942928259997787 0.8053979406996861 0.29560011874202574 0.7834354226299349 0.2966459529358234 0.7332353813276469 0.2961230378434411 0.7140617208717166 0.23886362174656775 0.7144102891086832
7 0.7711272080272287 0.6726119647441486 0.7714752093552149 0.7426762321120317 0.769735202715284 0.7904684144887998 0.763819180139519 0.8104204906266737 0.7585991602197264 0.8173805171863971 0.7227550234371505 0.821092531351583 0.7102269756296481 0.8076364800027842 0.7070949636777726 0.7978924428191714 0.7046589543818693 0.7120521152492484 0.7645151827954912 0.7092681046253592
12 0.7056497953293824 0.4029798604971745 0.7443127428686465 0.39991744881089614 0.7446955443294311 0.3948134293337656 0.7305318902803939 0.3754181553206696 0.7201962508392045 0.35602288130757337 0.7106262143195847 0.32539876444479005 0.6999077734176106 0.2968162553728589 0.6926345456626996 0.2774209813597628 0.6853613179077884 0.26006731513751885 0.6631588331822705 0.2222975710067527 0.6520575996239489 0.2197455893535073 0.6122462388978932 0.21413113984334384 0.5364515496625043 0.21208956013781152 0.4556804414369132 0.21157915116876844 0.3477304294956019 0.22331837490217887 0.33969153718806033 0.2228080221037755 0.32935587133355915 0.23148493947085697 0.2964350425548771 0.3039619107261615 0.2792089680151242 0.35602288130757337 0.27193574026021317 0.3754181553206696 0.26236570374059337 0.3861365962226436 0.2543268730641127 0.398386242967757 0.2527956672209736 0.4029798604971745 0.29069301183866797 0.407573478026592 0.2918414308950844 0.37797016505923475 0.2994974454367182 0.3585748910461386 0.3301215622995015 0.25802570734666663 0.34084000320147567 0.25088008007868384 0.4457276034565087 0.24271364891527497 0.5284127189860237 0.24067204112442273 0.6287067017116393 0.2478176683924055 0.6593307598781741 0.24934876189426539 0.6669868477901184 0.2559840995558144 0.6838301120646493 0.30192027484998946 0.6987593690352562 0.352960469621295 0.7060325967901673 0.37439735142524344
13 0.30556687614400585 0.34909769258047446 0.43418816696769597 0.3429728692079177 0.5440521862129313 0.3419520653124916 0.6527678010758122 0.34501447699877 0.695641564683709 0.34654568284190923 0.7052116012033287 0.37665939775697943 0.7059772070597105 0.40575234388327347 0.7075084980124102 0.41442847486139955 0.6967901422199964 0.465468704739355 0.6699938580066906 0.5175303493684428 0.6577442112615773 0.5313112019566953 0.6340105206929202 0.5394776331201042 0.3687291083690593 0.5456024564926608 0.3457610207219718 0.5364152214338259 0.33236296959450407 0.5251863785841386 0.31743371262389725 0.4996662811984859 0.3048012644179991 0.4664901545971372 0.28948920598660743 0.4164707637212578 0.2929344191336705 0.4083043325578488 0.2933172205944553 0.3781906176427786
15 0.3333010386797799 0.25855716546744245 0.34210547227783006 0.2503907343040335 0.4975602684786217 0.2397694940521066 0.6603071668585572 0.24988477329296221 0.6682620810621458 0.2557292000547824 0.6975884959410699 0.3432227487902382 0.3071942570801235 0.3436445569762325
16 0.49771216977715144 0.16586191339589354 0.4974467891737309 0.21971224010738497 0.49145390607371764 0.22226459533492499 0.48905206239249266 0.23221517643515827 0.49196379770086096 0.2379247096739293 0.5095981538575924 0.2377628600766239 0.5118610344432297 0.2310767522449481 0.5087892234181476 0.22166698869823576 0.5028102675237789 0.22014298697417892 0.5012493677087982 0.165699267945448
36 0.29914442290622956 0.44850981783401084 0.30287836222628134 0.46193035336115346 0.35353006082872296 0.45175672159057756 0.35450413195569297 0.44850981783401084
37 0.6467199665091102 0.44693632234476616 0.7003070990144981 0.4457567313776664 0.696894710859674 0.4583952060251634 0.6516489716216342 0.45199171220376494
40 0.27661502715347347 0.3598586001108671 0.27119312152969716 0.37450237940243397 0.2554834975428582 0.39489245183372934 0.25298107956265375 0.39934119490964837 0.25214694023591894 0.40304848080624756 0.23713243235469236 0.39730218766651876 0.23296173572101828 0.3904437087578103 0.23240564283652845 0.3839559584387618 0.23504708403785532 0.3748731079920939 0.24019094321938667 0.3678292647885555 0.24839331326561231 0.3637512503022964 0.25979321739765476 0.361526878764337
41 0.7227684521043254 0.35791658781923674 0.7361380781777107 0.3581951216957656 0.74491189528837 0.36000559189320325 0.7535812621953307 0.36279093065849183 0.7591171229913419 0.3683616081890691 0.7637129319540682 0.37574275591708395 0.7651752348058447 0.3821490350772478 0.7647574339910514 0.3882767803608827 0.7628773303244817 0.3920369876940224 0.7580726209543588 0.3959364619654265 0.7467919989549398 0.3977469321628641 0.7417783891774202 0.3888338481139405 0.7335268230852527 0.3782495608058437 0.7291399145299231 0.37170401470741543
59 0.4127362780835168 0.4427295396330963 0.41240846860027575 0.5017352466164957 0.5854918757515805 0.5008610879945194 0.5854918757515805 0.4418553810111201
72 0.2521188482509436 0.4058982603735863 0.24839029796124815 0.4123993224171578 0.24466174767155274 0.4261662773329563 0.2443749361108069 0.4391684014200994 0.2460958054752817 0.4762626966098899 0.30116362513847583 0.4655550650087132 0.34877434422227915 0.46058366462245265 0.37745550029685937 0.4387859860057716 0.37745550029685937 0.42922560064757825 0.36971158815672267 0.42081246153236795
73 0.7439333056077095 0.4026606044354949 0.7506133644981076 0.412141978344447 0.7547075941406096 0.42679501074919135 0.7560005087645575 0.4428846149583222 0.7566469660765317 0.4543771893934158 0.7551385656819256 0.47477650901570667 0.651274424224768 0.4592615335283305 0.6185205870847513 0.4411607287930581 0.6183051013140934 0.428231582553578 0.6299788261497725 0.4212401128970367 0.7055712722333228 0.4087489154098279
39 0.493439051107169 0.38355380589728066 0.48168528179855064 0.3887777033677777 0.4736535394376615 0.39896430343524697 0.47972632024711426 0.41071807274386535 0.4924595703314509 0.4156807753408376 0.5026461703989201 0.41515838559378787 0.5171424858795495 0.41071807274386535 0.5238029551544332 0.4013150572969707 0.5192973435861294 0.39112845722950146 0.5112656012252402 0.3861657546325292 0.5018625857783455 0.38355380589728066
38 0.31599834247876984 0.3940693338840459 0.31227469655455187 0.40140869396656237 0.3708816454487647 0.40140869396656237 0.37233872428867604 0.39385347035220714
