0 0.0478150168265286 0.41422743689532787 0.057911548910354715 0.42384318173706703 0.13111140651809403 0.4738450549141106 0.11776956055018094 0.49596126805011065 0.11127893278200701 0.5132696087652411 0.10911539019261571 0.5353858219012412 0.10983657105574612 0.5565404605530673 0.11344247537139833 0.5820221843836761 0.07846520350957216 0.5748103757523717 0.057190368047224285 0.5579828222793283 0.05682977761565906 0.54980943916385 0.04456970294244164 0.5315395239645455 0.04529088380557208 0.5228853536069803 0.04853619768965904 0.5094233108285454 0.0416849794899199 0.4724026931878498 0.046733245531832945 0.43393971382089314
1 0.912260703488606 0.4648810733197953 0.9345517483490013 0.4430271077703882 0.9401245095641001 0.4342855215506253 0.9506144130278156 0.4386563146605067 0.9630711733909777 0.4286034905077794 0.9788060285865509 0.42598101464185056 0.9811006949692386 0.460947359520902 0.9765113622038633 0.4862979595582143 0.9748723147876575 0.49853618026588237 0.9774947906535865 0.5265092561691235 0.9778226001368275 0.540058714809756 0.9653658397736653 0.5575418872492817 0.9447138423294758 0.5710913458899141 0.9276677492009381 0.5750250596888073 0.9289789871339026 0.5488003010295188 0.9296346061003846 0.531317128589993 0.9276677492009381 0.5133968768394792 0.9247174638517681 0.49678786302192973 0.9204559405696336 0.4823642457593211
1 0.9525308435848997 0.36936886252002915 0.9599810591131066 0.3769184142552789 0.9593850418708502 0.3828785866778446 0.9736894556850075 0.3912228280694363 0.9680272918835702 0.3820838970215024
3 0.41939932576122424 0.2186623238609013 0.42837431342575305 0.2996131929919456 0.4325978370325901 0.3383288260546189 0.4352375392868634 0.3700052531058971 0.43998900334455504 0.4178718539833842 0.445796348303956 0.48333646988935897 0.4463242887548107 0.5628794978181243 0.34020825813302885 0.5656951802226824 0.3201465210005526 0.5593598948124268 0.29374949845782067 0.5255717059577301 0.25309808374201376 0.4734815814734057 0.21297460947706143 0.40731304496629134 0.19713639595142227 0.3756366179150132 0.196080515049713 0.3650778088979206 0.21139078812449746 0.3326974612455028 0.21930989488731703 0.3221386522284101 0.2515142623894498 0.2608975599292722 0.29374949845782067 0.2397799418950868 0.342847960387302 0.22640545047343597 0.3861390773573822 0.22007016506318033
5 0.6927221356999185 0.31255619930944645 0.7001133020118836 0.34775222936642225 0.7085603492255577 0.38787570363137464 0.7133118132832494 0.43574230450886164 0.7101441705781214 0.48994419079660434 0.7001133020118836 0.5434421564832074 0.698001540208465 0.5596323303094164 0.6869147907405174 0.5652636951185324 0.6161707703259964 0.5631519333151138 0.506359156548232 0.5659676157196719 0.4467018856016582 0.5638558539162534 0.44578795735171467 0.5000873789114821 0.4431654814857859 0.4476378615929049 0.43365692815966994 0.34304971709886317 0.41936755418393096 0.2186911946477856 0.46772958435951956 0.21732855745061921 0.5048014314211308 0.22035673701413214 0.5388936176782059 0.22516460943500174 0.5734339275399234 0.23702940269174075 0.6008388003388802 0.25001065822808866 0.6347343009060106 0.2706845096378279 0.6614179928418368 0.28943521207921913
17 0.19908169352736413 0.5599646350564187 0.2016599413104222 0.5626253321377529 0.2016599413104222 0.5662139848856609 0.19846379745681664 0.5650925309019397
17 0.19812736126170022 0.5810171774707813 0.19829557935925846 0.5872973197796203 0.20199637750553856 0.5855029934056664
17 0.21494917101751895 0.5839329578284566 0.2132669900419371 0.5895402277470628 0.216799570090659 0.5895402277470628 0.21864996916379908 0.5846058302186894
17 0.21478095291996077 0.5630739137312414 0.2146127348224026 0.5695783468368246 0.21713600628577542 0.5691297652433361 0.21797709677356633 0.5653168216986839
17 0.8057063304296308 0.5591491230148988 0.8058913703369448 0.564330240419691 0.808852008853969 0.5633433609140164 0.809222088668597 0.5576688037563868
17 0.8219898422732634 0.567290878936715 0.8218048023659493 0.5724719963415072 0.8258756803268575 0.5709916770829951 0.8251355206976014 0.5663039994310405
17 0.8138480863514471 0.5384246533957302 0.812922886814877 0.5436057708005223 0.8175488844977272 0.5426188912948477 0.8173638445904132 0.5379312136428929
17 0.8286512789365674 0.5475532888232212 0.8295764784731376 0.5519942465987573 0.8336473564340457 0.5505139273402453 0.8329071968047898 0.5463196894411279
46 0.7907494807054772 0.5037062817300695 0.7750362988641677 0.5271857488492673 0.7669087910152146 0.5535549965369817 0.772056212652885 0.5849813602196002 0.7874984775658959 0.6080996047677334 0.809984582614666 0.6178526141864772 0.8414109462972845 0.6146016110468959 0.8636261344177563 0.5925670342119564 0.8728373099799032 0.5636692285267899 0.8733791438365001 0.5347714228416235 0.8620006328479657 0.5087633977249736 0.833012521520033 0.4892573788874862 0.8105264164712629 0.49178593688493827
46 0.18858490240560596 0.5174637828368257 0.17268812396825972 0.5273153075022233 0.1652994804692115 0.5422418600255532 0.16126931128791244 0.5640346267096147 0.16194100615146226 0.5843347381413432 0.1697774462262104 0.6073216290272712 0.18836100411775603 0.6288158646608659 0.2120942226298504 0.6374732651243973 0.23582744114194476 0.6297114578122658 0.24858964354939175 0.6070230979768045 0.25329150759424063 0.5810508965862106 0.24970913498864145 0.5544816330946836 0.2360513394297947 0.5326888664106221 0.2163482900989994 0.5174637828368257
6 0.7234747589727629 0.28781904190682617 0.7436703845368281 0.2891325785288792 0.7618957051678137 0.29307318839503826 0.7857856524814031 0.29701379826119734 0.8141087858944215 0.304238249682489 0.8421856311908048 0.31277623772583363 0.8702624764871881 0.32295614654674454 0.8953838643839522 0.3341212078341952 0.9249384383801452 0.34922687898780497 0.9411934540780513 0.35973517196422916 0.9512912668600839 0.36860154416308705 0.9586799103591322 0.3771395322064317 0.9591724865924021 0.3856775202497763 0.921244116630621 0.3777963005174582 0.7727323822997512 0.35448102547601706 0.7646048744507982 0.3416740434110001 0.7510590280358762 0.32821029303495663 0.7673140437337826 0.3239412990132843 0.7727323822997512 0.3154033109699396 0.7710083654833066 0.3062085546155685 0.7626345695177186 0.2999692556608166 0.7463795538198125 0.2947151091726045
7 0.8195201713675047 0.6430272701120516 0.8433191398508092 0.6411041211437037 0.8707240126497657 0.6175455462814429 0.8930806194068093 0.581005715882834 0.8956047524277657 0.5386964385791818 0.8873111725017658 0.49734873575970334 0.8635122040184615 0.4680207139923989 0.836950155778155 0.45510747609837515 0.8173566287781135 0.45503945845605126 0.7877882133897655 0.46225126708735553 0.7607439310223743 0.4853290547075295 0.7463203137597655 0.51369550199066 0.7412720477178525 0.5401388003054427 0.7394690955600264 0.5728323327673558 0.7531715319595045 0.6103337376501385 0.7690375109483741 0.6324499507861385 0.7913941177054177 0.6406233339016169
7 0.16184521989763037 0.5030589842169474 0.1828916589555254 0.48604271434035146 0.20595318260406992 0.476788251775887 0.22520843535916535 0.4758926586244872 0.2431202983871611 0.4866397764412846 0.2599126699759071 0.5069398878730131 0.27177927923195433 0.528434123506608 0.28252639704875177 0.5630637253607332 0.2845414816394013 0.5875432714989941 0.2814069056095021 0.607544851880256 0.27446605868615365 0.6257552459587183 0.2608082631273069 0.6424729847848476 0.2431202983871611 0.6514289162988457 0.2249845370713154 0.6565039441567778 0.20841606377041935 0.6573995373081776 0.18893691272747393 0.6520259783997788 0.17550301545647712 0.6424729847848476 0.16072572845838062 0.6242625907063853 0.14930691577803332 0.6048580724260566 0.1425899671425349 0.5753034984298637 0.1441572551574845 0.5448533312822709 0.1502025089294331 0.5194781919926101
9 0.23942016221464435 0.45521546463978296 0.2033611190581225 0.39203763696058774 0.19620891215104386 0.37733587831825927 0.19412285180314587 0.364223498988615 0.12617688618589817 0.36541553347312816 0.12796493791266786 0.37336243003654884 0.1181306534154346 0.38409074039716684 0.09101186889276118 0.39203763696058774 0.07960949925319324 0.39617968238485884 0.07432338610957753 0.4007792231803505 0.0689592309292685 0.40395798180571885 0.057932911947522155 0.42263318872975775 0.13154104136620717 0.47269863707930865 0.1503155844972888 0.456010154296125 0.1649180069325745 0.4468712232481911 0.18160648971575818 0.4432951197946518 0.1982949724989418 0.44170574048196765 0.21140735182858608 0.44408980945099386 0.22392371391597382 0.4484606025608753
11 0.7106362752009963 0.5517302616799781 0.7006010434905362 0.5499850039912024 0.7132541617341599 0.47144840799629784 0.7136904761563538 0.4214176875847289 0.7093273319344146 0.3853490286833654 0.7036552444458937 0.3597519159146557 0.7237257078668138 0.36091542104050617 0.7407419703323764 0.352189132596628 0.7708476654637565 0.35626140053710453 0.8502568903030489 0.3673146992326836 0.8655278950798357 0.3853490286833655 0.8921430748336645 0.4016381004452716 0.9414466045415767 0.43421624396908387 0.9139587959433605 0.46214036698949434 0.9013056776997368 0.44817830547928916 0.8825441575453986 0.4336344914061586 0.8633463229688663 0.4225811927105794 0.8424032307035584 0.4179271722071777 0.818842251905087 0.418508924770103 0.7944086442622278 0.4249082029622803 0.7817555260186043 0.4313074811544578 0.76343032028646 0.4435242849758873 0.7481593155096727 0.46214036698949434 0.7315793674663043 0.4842469643806527 0.721544135755844 0.5034447989571849 0.7167446771117111 0.5191521181561658 0.7145631050007415 0.5336959322292963
12 0.2790820412906396 0.22020292137334835 0.23386400117236125 0.24135756002517447 0.18666271368047418 0.2662142604410702 0.15770730202578717 0.2831379713625311 0.13541560154642537 0.29694137308284774 0.12232616888060792 0.3103216820301277 0.08916627279387045 0.3301012691695852 0.05426111901835731 0.34639034093149135 0.05251586132958165 0.35860714475292094 0.05906057766249037 0.36675168063387403 0.12450774099157752 0.36675168063387403 0.19388173412040988 0.36326116525632274 0.21133431100816646 0.32951951660665996 0.1917001620094403 0.31613920765938 0.18341018798775593 0.3074129192155017 0.18471913125433764 0.2986866307716234 0.24405789267270997 0.25912745649270846 0.28158093298138664 0.24109312704202673 0.34615546746608594 0.22305879759134498 0.41509314617272447 0.21491426171039188 0.4443928739545954 0.21399343498992773 0.5186745028570304 0.21832052016871034 0.5630271259395523 0.23034020122088428 0.6102644724745958 0.25149483987271043 0.7087056602919004 0.3226513517015801 0.740798208701205 0.3490946500163627 0.7707272145211179 0.3539025224372324 0.752697692942857 0.3298631603328845 0.6874308248295526 0.2870730957871452 0.6192792332637262 0.23899437157844955 0.5677148015499001 0.2125510732636669 0.5716812962971175 0.20245454117984077 0.5353318547715744 0.19075071825661122 0.4885371126109355 0.18681010839045217 0.43435372695124824 0.1887804133235317 0.38386466304108524 0.19337779150071724 0.34519742872939946 0.19896032214444262
13 0.13090030185811802 0.30068592802750227 0.12269793181189238 0.30921268558968035 0.09141770705933693 0.328861300841656 0.048598554953616604 0.34850991609363147 0.048876601395861544 0.3370173298141741 0.05582776245198497 0.32700765789335634 0.06750571302627233 0.31903699321566814 0.07793245461045747 0.31514434302423905 0.09419817148178632 0.31069559994832 0.10726635426729836 0.3073590426413808 0.11824918873597338 0.3051346711034213
14 0.725773104157351 0.2941494334912755 0.7348568814254929 0.29930812181639316 0.7402398605473551 0.30491539173499943 0.7481461111325899 0.3111955340438384 0.7486507654252644 0.3159056407754676 0.7471368025472407 0.32353152786477213 0.7449499672789844 0.3242044002550049 0.6515889231341905 0.2609543955731265 0.616094904549413 0.2376281527117246 0.5691620553306788 0.21340474666334563 0.5748814706476572 0.20331166080985444 0.6250104637199969 0.22798364845172187 0.6658874614266364 0.2531042176870778 0.7010450438162975 0.27777620532894526 0.7170257630843253 0.28943932675964623
16 0.25262799413183756 0.17833799403197337 0.25127251713554766 0.17985993311552695 0.2815210564211764 0.21172553267743152 0.28144971552663484 0.21419868368820624 0.28073630658121906 0.21876450093886712 0.3030660065727328 0.20991823001571155 0.3001410298965281 0.20649386707771583 0.2882271005080847 0.20944262405210104 0.28294787431200796 0.20849141212488
21 0.6563406738882205 0.30361097386056535 0.6663328288831769 0.30583145274833334 0.6763249838781331 0.31421992854656833 0.6831714604487514 0.32310184409764064 0.6887226576681715 0.3359312776714117 0.6894628172974273 0.34629351248099594 0.6716989861952828 0.3524615093914628 0.638021723064134 0.3502410305036948 0.637096523527564 0.3290231211316888 0.6441280400054962 0.3164404074343364
23 0.747772795383248 0.30258743096190266 0.7472421606304593 0.3003862793947797 0.7536097776639226 0.29912847849928076 0.7552606413392648 0.30054350450671696 0.7596236381955266 0.30919088566327185 0.7612155424538923 0.3121781627900817 0.7592109222766911 0.31320012601767455 0.7550248036713589 0.30533887042080654 0.7514872386527682 0.30235159329399663
31 0.7521849604260931 0.31457678751001816 0.7534333327546715 0.31242905017052824 0.7557689971113669 0.3138250794411967 0.7583462819187549 0.31586542991371214 0.7596349243224487 0.3187648753220236 0.7604403258247574 0.32166432073033496 0.760400055749642 0.32418791210423564 0.7579435811676004 0.3251007004735189 0.7573798001159843 0.32112738639546246 0.756614668688791 0.31801316725320206 0.7539971138062875 0.3162949773816101 0.7518627998251695 0.31710037888391884 0.7509768581726299 0.31511372184489067
29 0.7272631359955138 0.39977466663720324 0.7275411824377588 0.40292585964931255 0.7299045771968405 0.40793069560972145 0.7425556903189855 0.40959897426319103 0.7532604783454154 0.4003307595216931
35 0.45073774743564515 0.39160629005741326 0.4530316305841658 0.3989467161326796 0.4671007805617595 0.40322863134325176 0.4690888126238109 0.40139352482443497 0.4940156761710695 0.4011896241001221 0.49539200606018197 0.4022091277216869 0.505026315283969 0.40302473061893873 0.5112962625565923 0.39344139657622984
35 0.2157946087149987 0.38235765143609796 0.21718484092622337 0.38960371023399637 0.2310871630384702 0.3938165351164954 0.2329829342355948 0.3906147882057961 0.25800711403763915 0.39162586617759587 0.25977650048828876 0.39449058709769524 0.27077197343161125 0.390951814196396 0.2746899005723354 0.38336872940789773
56 0.32425206384568317 0.5629933998856643 0.3261718473033364 0.588590512654374 0.6822916786980092 0.5821912344621966 0.6827716245624225 0.563633327704882
56 0.11200651059015193 0.5697478213358679 0.1142454934686514 0.5819604552185923 0.12951128582205687 0.5846743738591977 0.12605103955528496 0.5713761725202312 0.12462623226896712 0.554278485084417 0.12625458345333038 0.5295818254549077 0.13195381259860173 0.5119413542909725 0.14070620021455424 0.49321531567079513 0.15169757070900616 0.48045989805994965 0.16981297763504732 0.4674330885850436 0.18548585778454363 0.46607612926474096 0.20868986216171997 0.46580473740068046 0.2235485667190346 0.4704183990897096 0.23962853466462175 0.47964572246776804 0.2583545732847991 0.49674340990358223 0.2726026461479775 0.5189975427565465 0.28562945562288355 0.5493934315313272 0.29010742137988255 0.5678480782874441 0.29438184323883604 0.5887452518201058 0.32511697184369237 0.5887452518201058 0.32389570845542 0.5613346735499911 0.31636458422773994 0.5550926606765987 0.3023200552626069 0.5382663651048452 0.28379756054047495 0.5138410973393963 0.25306243193561856 0.4739464933224966 0.24044271025680333 0.4560346302945008 0.21540681079721838 0.44626452318832144 0.19932684285163127 0.44165086149929217 0.1799901725373177 0.4443647801398976 0.16574209967413916 0.44707869878050294 0.15291883409727866 0.45440627911013753 0.13256444429273798 0.4723181421381334 0.12014826651196817 0.49294392380673463 0.1115994227940611 0.5135697054753356 0.10874980822142544 0.5371807976486029 0.10997107160969785 0.5567210118609619
58 0.7118994568708789 0.550911271128726 0.7005702035056715 0.5518964235952657 0.6988461866892269 0.5604344116386103 0.6850540521576702 0.5666737105933621 0.6848077640410353 0.5807942292804321 0.7133771855706884 0.5811226134359454 0.7229824221194512 0.5489409661956464 0.7286470488020549 0.5351488316640896 0.736774556651008 0.5065794101344364 0.7527832842322791 0.47998029353786265 0.7727326216797095 0.4586353234295011 0.7953911284101242 0.4441864205869178 0.8165719064407291 0.43860388994319244 0.8399692775210486 0.4376187374766527 0.8611500555516536 0.4448431888979444 0.879867952415909 0.4563366343409082 0.89686183246372 0.47439776289413726 0.9069596452457526 0.495742733002499 0.9131168481616263 0.5285811485538245 0.9128705600449913 0.5453287404850006 0.9074522214790225 0.5758684669477333 0.9266626945765479 0.5758684669477333 0.9291255757428974 0.5374475207526824 0.927647847043088 0.5187296238884268 0.9234609490602936 0.49311565975839294 0.9158260174446105 0.471442305494518 0.9126242719283565 0.4622475491401469 0.8963692562304502 0.44549995720897084 0.8754347663164802 0.43072267021087435 0.8626277842514631 0.4241549871006092 0.8434173111539377 0.4198859930789369 0.8192810757237133 0.41955760892342364 0.7951448402934891 0.4261252920336888 0.7825841463451071 0.43302135929946706 0.7641125375974864 0.4451715730534576 0.7471186575496754 0.46421785407322635 0.7350505398345634 0.48096544600440233 0.7219972696529114 0.5039523368903304 0.7173177954368477 0.5197147763549667 0.7143623380372283 0.5390894415302486
66 0.26015081739084817 0.26129734904212226 0.293124928874204 0.2477277558390952 0.32854156713410476 0.23660068941261297 0.3570377128604616 0.23144424399546268 0.38207361232004655 0.2290017172189178 0.40446344110504123 0.22791614976267563 0.41280874092490294 0.33484454420252907 0.3189750039259706 0.3302308825134999 0.22799088149967395 0.32616000455259175 0.23999997148435293 0.30010638560277975 0.2505842541827141 0.2794806039341786
67 0.18625064785260395 0.298655002556291 0.18448126140195434 0.3059010613541894 0.2138025225841477 0.3266281597760847 0.24931663634361467 0.25905444866079996
69 0.4350349363100119 0.2253382727349178 0.44337917770160373 0.27619841074081086 0.4550015139256066 0.3389788935918351 0.636786772813857 0.34573375567074277 0.637680798677242 0.32308510046499356 0.649303134901245 0.30639661768180987 0.6680776780323263 0.30440989354095466 0.6349987210870873 0.2789798245380082 0.5977476434460526 0.25593382450408786 0.5515563071711691 0.23606658309553588 0.5131131950456211 0.22692765204760199 0.47943822085812554 0.2253382727349178 0.45470350530447834 0.22335154859406262
71 0.8526356090017425 0.36831306240273354 0.9601437951511798 0.38681705313413417 0.9779076262533244 0.3954522488087878 0.9792029056045224 0.4238250345969354 0.965324912555972 0.42653895323754076 0.9494114805269674 0.43517414891219436 0.9077775013813164 0.4102554413939082 0.8661435222356648 0.38583017362845945
73 0.04969015497627832 0.36576133476996425 0.1259001571006861 0.36761497771826385 0.12741677405838578 0.37283888057256265 0.11819068756571285 0.38328668628116036 0.07736841445429707 0.3959251609286574 0.05853708722952632 0.42086508423305186 0.04476114986375443 0.4051933756701553 0.04387645663842964 0.3986213688534567 0.04526668884965432 0.36812051670416357
