0 0.41712801235869024 0.5118440043572353 0.42960660483343616 0.5400008284028159 0.4392055221217023 0.5822360644711868 0.4492843852743817 0.6244713005395577 0.45408384391851475 0.6571076193196626 0.5164768062922445 0.6500684133082673 0.5731104182930145 0.6475087020313964 0.6508616483279701 0.6487885576698319 0.7252532573120325 0.6475087020313964 0.7852464903636955 0.6519881967659206 0.8466795610085986 0.648148629850614 0.8596380993477579 0.6315105065509529 0.8653974497207176 0.6020738268669368 0.864437557991891 0.5931148373978884 0.8562784782968648 0.5809562088327513 0.8596380993477579 0.5265623441992433 0.8423600482288789 0.45553035626607413 0.8337210226694394 0.4472112946162435 0.8279616722964798 0.4849670359500902 0.8188427008726271 0.49904544797288053 0.7833267069060423 0.5041648705266224 0.6849378047013147 0.49904544797288053 0.6143857626325588 0.4913663141422677 0.5875087942254137 0.4708886239272999 0.5587120423606153 0.4260936765820581 0.4900797837495127 0.4414519442432838 0.46128303188471437 0.4612897066390339
1 0.13812426695636648 0.5634995770264797 0.1416400251953326 0.5694208540605279 0.13978962612219253 0.5795363689936937 0.13627386788322643 0.5854576460277419
2 0.33373289006586454 0.3123528409399677 0.3629659563528568 0.3018812948073138 0.3908900793732672 0.302463047370239 0.40485214088347254 0.30944407812534164 0.40659739857224814 0.36005655109983564 0.4035431976168908 0.3716916023583401 0.3939442803286247 0.40368799331922717 0.39438059475081866 0.4071785086967784 0.37169224479673507 0.45255520860494547 0.33849454087620673 0.548332548288258 0.3341692044880585 0.600320359587951 0.3298060602661193 0.6323167505488382 0.2800662161360131 0.63697077105224 0.27483044306968624 0.6212634518532592 0.2774483296028497 0.6032291224025772 0.27090361326994095 0.5369093302291023 0.2726488709587166 0.4874603623804587 0.2800662161360131 0.4583727342341977 0.280938844980401 0.4473194355386185 0.29446459206841236 0.4217223227699089 0.3123534833783628 0.3658740767290879 0.3250066016219862 0.33155067551649997
4 0.197662330004344 0.638974590418258 0.19242655693801702 0.6261760340339032 0.1911176136714353 0.6058146943315206 0.18675446944949614 0.5650920149267552 0.18719078387169008 0.5266963457736907 0.19504444347118052 0.4912094394352524 0.2068249328704162 0.46852108948116894 0.21075176267016144 0.44234222414953406 0.23387642704643888 0.4068553178110957 0.25656477700052244 0.37253191659850776 0.2700905240885338 0.354497587147826 0.2901609875094539 0.33588150513421894 0.31241302304134344 0.31901068080938766 0.3331069888027538 0.310137056809295 0.2944574903296911 0.41953994560839375 0.2810382680664204 0.4460121735429551 0.27999598652576113 0.45592526223677754 0.2725392864837377 0.48642611438607064 0.27102266952603815 0.5363059609948594 0.27735898380938406 0.6008563593279415 0.2751721485411276 0.6199210770512027 0.2805551276629896 0.6358457236200443
17 0.3840004844311137 0.6254114369456145 0.3836213301916888 0.6306353397999134 0.38513794714938837 0.6296242618281136 0.3864017946141381 0.6252429239503146
17 0.37995617254391456 0.6454644833863099 0.3790714793185897 0.6510254122312087 0.38185194374103915 0.6530475681748082 0.38223109798046406 0.6466440743534098
17 0.3875392573324129 0.6579344450385072 0.387033718346513 0.6619787569257062 0.3899405675154373 0.6621472699210063 0.3904461065013372 0.6575974190479073
17 0.3920891082055118 0.6350166776777124 0.3909516454872371 0.6407461195179109 0.3932265709237866 0.640914632513211 0.39461680313501124 0.6356907296589122 0.3933529556702615 0.6353537036683122
17 0.16048447942552058 0.6252595877724892 0.1603649356670542 0.6289255963654591 0.1623374076817499 0.6284474213315935 0.16257649519868272 0.6254986752894222
17 0.16921117379356826 0.6235859751539596 0.16962957694820066 0.6288459005264815 0.17202045211752878 0.6283677254926158 0.17172159272136278 0.624303237704758 0.16980889258590026 0.6230281042811163
17 0.16096265445938623 0.6428723681865397 0.1599465325124218 0.6474150310082633 0.16257649519868272 0.6478932060421287 0.16365238902488033 0.643828718254271
17 0.1702272957405327 0.6423144973136966 0.16992843634436666 0.6469368559743975 0.17321588970219284 0.6470165518133753 0.17279748654756044 0.6431911515424501
46 0.1539590579446393 0.587065691598208 0.1442214609933715 0.6047098843646077 0.13872845758496402 0.6253502608083207 0.13897813955807342 0.640996997789845 0.14372209704715264 0.6609715556385994 0.15196160215976384 0.680946113487354 0.17018838619675228 0.6889359366268557 0.18042534709423902 0.679614476297437 0.18641771444886535 0.6686284694806219 0.18317184879844273 0.6639677393159126 0.182173120906005 0.6556450068789317 0.18167375695978613 0.6323413560553847 0.17967630117491068 0.6140313446940264 0.1789272552555824 0.5923922403578757 0.17218584198162776 0.5867327823007287 0.16269792700346936 0.5834036893259362
46 0.3897884057565056 0.5703193139370869 0.4008732553242352 0.5835074426535652 0.4083768458008523 0.6060182140834163 0.4105938157143981 0.6294385116316451 0.41093488800878997 0.6542230983574406 0.40479558670973964 0.6862838940302587 0.39319912870042245 0.7126601514632156 0.3775098031584051 0.7158434928775378 0.36710709817945875 0.6999267858059262 0.3619910137635835 0.6796898296720195 0.3592624354084501 0.6562695321237908 0.3592624354084501 0.6260277886877282 0.36659548973787115 0.5946491376036935 0.37409908021448823 0.5807788642984318 0.38092052610232197 0.5705466954666814
7 0.6862916757904872 0.6828397815893665 0.6718472641229996 0.679538201779655 0.6788631212186363 0.7051254453049189 0.6914503942431616 0.7268608457188529 0.7116725705776443 0.7425433498149823 0.7312757006978061 0.7422682181641731 0.7455137636997778 0.7439190064555709 0.7611962677777597 0.7375909752388111 0.7764660732180727 0.7230089981492831 0.7882279527238408 0.6976968877396788 0.7927676245810915 0.6622049090099931 0.7481963000536237 0.6550514893795567 0.7459264633537197 0.6627551761754191 0.7391169543610191 0.6866916288829498 0.7325137943241984 0.697421762754999 0.7177035027709769 0.7112849167912636 0.7011151994714373 0.701400573150768
7 0.40991192049897024 0.5338727555735422 0.4150297517745835 0.5470328931394048 0.4223409393111738 0.5684790432467366 0.42672765183312805 0.5874881308418715 0.4347699581233775 0.6303804310565349 0.4369633143843545 0.6576755311931389 0.4621869113855912 0.6615748312126538 0.46109023325510273 0.6859454563346216 0.4534134863416828 0.7171398564907405 0.4428122644136268 0.7405356566078295 0.43001768622459374 0.7493090816517379 0.404794089223357 0.7527209691688135 0.3792049328452907 0.7478468441444199 0.37152818593187087 0.737123769090754 0.3580024889891787 0.7015426564126811 0.35361577646722453 0.6703482562565622 0.3528846577135654 0.6245314810272626 0.35873360774283775 0.5792021183004024 0.3718937453087004 0.5523944306662377 0.3879783578891992 0.5343601680759815 0.40223517358555033 0.5343601680759815
7 0.17099168254900132 0.5577637800091156 0.16005519942933205 0.559139438263162 0.1476742750884708 0.5679436513013565 0.13735683823756561 0.5874779982965189 0.1321981197848914 0.6048112922975042 0.12992828366571477 0.633975247283289 0.1330235147373193 0.6603878857609808 0.13983302313114468 0.6823984177408051 0.14994411126209065 0.6997317118267092 0.15840440952447632 0.7071602663985601 0.17573770352546159 0.7085359246526066 0.18626148916891694 0.7079856613509881 0.20111859831261858 0.706059739795323 0.21143603521796694 0.6950544737629515 0.2192772872660317 0.6793719696668219 0.22216616959952928 0.6678164403328317 0.18935672024052144 0.6678164403328317 0.1833726068354194 0.6400281436010934 0.18172181693056363 0.621594322996871 0.18048372450192182 0.5957319478207976
8 0.3634054535187032 0.48918519211060774 0.37134987993582136 0.4831322957928035 0.378386371905269 0.47889526837034035 0.39336729029183487 0.48192171652924254 0.4042625036638827 0.48464551987225457 0.41742755315510727 0.508857105143472 0.48438771867081826 0.43955144230461185 0.47167663640342916 0.41564250184928453 0.4437576521375564 0.40777373663613886 0.4374021110038618 0.4035367092136758 0.43445132404893216 0.3935494302892985 0.43694814378002644 0.38840446841916487 0.4671369641650757 0.3799304135742387 0.5404526708144815 0.3723642931769832 0.5340971296807866 0.34906064235343626 0.47076870195575843 0.37206164836109296 0.3969990280825175 0.3971811680799812 0.37384669966691575 0.44772285233364784
47 0.40008449105041605 0.41772495494757644 0.39171271655171114 0.43384837250063785 0.3879919278856201 0.44521744898036053 0.38907715791323 0.4601006036447249 0.39109258510736267 0.465061655199513 0.3994643596060676 0.46464823423661394 0.4067509040771625 0.4503852110165981 0.4124871199373864 0.4336416620191883 0.4127971856595606 0.419171928317723 0.4092314298545566 0.41255719291133885
10 0.1494178768960128 0.5207532304204833 0.14064445185210445 0.5548721055912382 0.14941787731396036 0.5295266550130749 0.15599794567894412 0.5222154679278013 0.16184689570821642 0.5207532304204833 0.1702547613752953 0.5280644179570736 0.17500703311333 0.5378126680058607 0.17866262704237423 0.5548721055912382 0.1812215426801809 0.5733937806839339 0.1852426958253056 0.5958147557961443 0.18962940834725978 0.6153112558937185 0.1920709030394404 0.6128904584265443 0.18670493333262364 0.5777804932058881 0.1856082552021351 0.5339133679863459 0.18670493333262364 0.5222154679278013 0.19328500205125537 0.49540778021841725 0.20498290217409953 0.47006232994113156 0.19913395214482724 0.4734742176838656 0.19694059588385013 0.4700623301667901 0.16988920199846583 0.49297071778143997 0.15672906443260318 0.50808050535706
12 0.4324441255954817 0.33524308728274654 0.40678916852958613 0.36591108193623095 0.3966156513058283 0.3977586142540175 0.5337369721930358 0.35057708401788773 0.5178132068664789 0.3429100859461176 0.4917159229546197 0.3281658577473271 0.4594260631992684 0.3045750926292622 0.43200179804929506 0.2880615571376324 0.4510218531259578 0.2857024805348103 0.47977309811359936 0.2857024805348103 0.5200248410962977 0.2862922496627619 0.5478914323920118 0.2898308644304716 0.5903548096045285 0.29513878658203624 0.6279525915114443 0.3045750926292622 0.6447610116580657 0.3075239382690203 0.6510294904630595 0.30985324206407777 0.6750897533263318 0.3189325865407843 0.7152658526357584 0.33830185475775837 0.7331975579772539 0.3392097892054291 0.715492836247676 0.3307357343605028 0.688481786429474 0.32044581062023547 0.6637405727504111 0.31287969005951116 0.6190248011826688 0.2992606735079201 0.605301711897334 0.29597502832244477 0.5684659041030323 0.28960834549380005 0.5249791865680928 0.2834690441947498 0.4975228668695625 0.2827868996059664 0.4629040289888067 0.2798309397212385 0.436641462050681 0.2777845062005215 0.41549498006836294 0.2786940320732662 0.4004758939302173 0.28039726816921595 0.3792529262159157 0.2820618146566122 0.354534410878082 0.2897187284986347 0.3235738462125126 0.30469964688520057 0.3001037407402261 0.31934765597428716 0.2796298189452528 0.33898930452556236 0.2673954022628907 0.350974039234815 0.25615971347296634 0.36595495762138086 0.2488841448772501 0.37535274081885517 0.23350898510001428 0.3991143513836742 0.2219776152670874 0.4174402994009856 0.21452299234479122 0.4315730220245054 0.19696527063626668 0.4602896719049962 0.19096238080487613 0.46626845374509607 0.17908446918565202 0.4792077561185295 0.17179792471455702 0.48644262296926205 0.16776707032629165 0.4928506478941967 0.18249519212956883 0.480654729488676 0.19613808390523613 0.46887223204605427 0.20032397115458855 0.4610172337509731 0.21483739913882474 0.43464727358918315 0.22884195044316422 0.4132569104075942 0.23614009689753832 0.4014220783194201 0.2576692306291182 0.3700575893130827 0.29108937840087284 0.3342459334500924 0.32124124310818286 0.31398557756936696 0.34513117142417005 0.3037865911869088 0.3678522309771283 0.29746131453480323 0.3855796510678978 0.29746131453480323 0.4015592973469014 0.3014562261045542 0.4150421238948107 0.3121093236238899 0.4280255864965011 0.327423151307935
13 0.5113213762986693 0.33777805296099117 0.5352159411252417 0.3502288606867149 0.5382370929998658 0.3568204647768038 0.5420821953857512 0.3747642759109349 0.5591105060967422 0.4293281093156746 0.5797092698927648 0.46118752815196545 0.6014066323897889 0.484624343118355 0.6176109933141577 0.4934131487130907 0.6728156766507766 0.49817375155401683 0.7747108888139317 0.5040329553309353 0.8164577145487462 0.5018357539393157 0.825795820729513 0.4860891442815744 0.8326620747001666 0.4502015232566091 0.8348592770538695 0.42859570931332824 0.833760676372188 0.41028569795196995 0.8340353265426086 0.40515889477078965 0.8304648743271437 0.4025954931801995 0.8274437224525195 0.3846516820460683 0.8200281678511695 0.3696374727297546 0.8117886627385582 0.36158106773075693 0.7950350023429152 0.3538908629589864 0.7708657873459225 0.3480316593233519 0.7428514699630443 0.3425386559149443 0.7178583044547904 0.34070765477880854 0.7030271952520902 0.33851045341544556 0.6818791321297215 0.337411852733764 0.6566113164510472 0.33631325205208257 0.6349139529878375 0.33631325205208257 0.5981108301515073 0.337411852733764 0.5635049086785404 0.33558085159762824 0.5371384923181846 0.3359470518248554 0.5157157790253952 0.3352146513704011
15 0.43514915374129776 0.2885848227087322 0.5100537443166767 0.33700799131289455 0.5139124665976272 0.3330736106445944 0.5829154846205972 0.3345868347240455 0.7125231201385189 0.3379159271850788 0.668488306014119 0.31824401492285315 0.6444280404758709 0.30855938032395985 0.5885900747788012 0.29675623273776813 0.5568123689705908 0.2922165607562944 0.5270775155299016 0.2882821787101859 0.5012013845897505 0.2870715996334465 0.46806177695033396 0.2864663093010855
16 0.5639405250385103 0.2263110354761081 0.5668841107751078 0.22737178709290004 0.5495408218405601 0.2769088875970822 0.5520070693496013 0.27998506728577877 0.5527230767748967 0.2884710800482295 0.5419829656403519 0.2896379062783075 0.5280606022932008 0.2882589294056573 0.5268672560316331 0.28348554752297234 0.5307655182233434 0.2781817895372325 0.5418238538283989 0.2772271130821198 0.5446083268224777 0.27531776017189435
29 0.17879281625930152 0.5053908328171539 0.17861779224253083 0.5078411690519432 0.18185573655278817 0.5106415533202738 0.18343095270372417 0.5101748226088855 0.18658138500559612 0.5014236217703522
35 0.3486190009172929 0.4315420972572538 0.3479999547029719 0.43869552017829533 0.3513015345126835 0.4400711784323418 0.353777719369967 0.43814525687667677 0.36017453025128304 0.43429341376534664 0.3653332487039572 0.4367695986226303 0.3700792696804175 0.4359442036702024 0.3785395679428032 0.42356327938378435 0.3599681815131761 0.4238384110345937
35 0.2507115151578329 0.4714579500904531 0.24904806375877292 0.4750259328014803 0.2487587678632842 0.4801368269551141 0.25223031860914863 0.48148687446739463 0.2538937700082087 0.4777260278260415 0.25685905293696787 0.47618311638343513 0.26286194276835845 0.47714743603506415 0.2679246209394107 0.4762795483485981 0.2723363833456135 0.4640326887729096 0.2597520118918549 0.4651898723548644
64 0.339586985706934 0.3179681853030884 0.3277481126784625 0.34935059475951313 0.3183052020486101 0.3760350387284491 0.3099898031357551 0.4104241460968666 0.35368357598236044 0.3906755482000958 0.4014591911771606 0.3690820498069658 0.40019074049553865 0.34127009412103254 0.3976538391322948 0.3160889991080929 0.38426463749295187 0.31026352190360684 0.36171440315300596 0.31214270809860234
65 0.4062810250052545 0.31100385598455393 0.4074327060075077 0.36129392641627606 0.4282589374649193 0.33250190135994656
39 0.3235177017754524 0.32249011769150937 0.3144383572987458 0.34450064975625255 0.30412092039339744 0.3731143414404188 0.28926381124969575 0.42071211703042594 0.22385126126978705 0.4559289683340151 0.22137507641250345 0.45702949493725226 0.22591474865085673 0.4369448844281741 0.23272425700838664 0.41575974731585874 0.23540679060377723 0.40860632439481714 0.25108929469990676 0.38356934417117183 0.26718449627225027 0.36486039191614006 0.28224795415405884 0.34862762451839197 0.3024701304885417 0.33294512042226243
36 0.49923096883304796 0.412292445846689 0.49308937608456527 0.4211871663789742 0.48895968440886134 0.43304679375535443 0.5541876349789528 0.4210459803387792 0.5480460422304703 0.4087627948418139
37 0.8139700037341728 0.4260564751900773 0.8162771385006953 0.4301934064955657 0.834256878405318 0.4401644716934097 0.8334613146927242 0.43061770714228254
38 0.5667892753259747 0.3615357585069233 0.5631890313010021 0.3697245488382335 0.6211106042910021 0.3695833627980385 0.6223812786527572 0.36210050266770333
39 0.7151866117568815 0.36182013107712135 0.7075492001159795 0.36616921270596825 0.7041282761518258 0.37157904595160696 0.7059580726907919 0.37911038243082956 0.7126408078765807 0.3857931176166185 0.7247333763080087 0.38929359795203183 0.7356325991705455 0.38780854568852313 0.7380988466795867 0.3805954346943381 0.7394513049909963 0.37592812758045374 0.7353939300567673 0.36680566367604334 0.7261653909906777 0.361077604945367
59 0.6524166564098237 0.4094527394537618 0.6562170706454326 0.46027569126116885 0.7770079609914299 0.46471568283531584 0.7717646395561318 0.4171096532957844
73 0.8339166529595802 0.4017984412718932 0.8045757230513552 0.4006025955114415 0.7998350487867074 0.4079485051827875 0.8084195129956642 0.4298153990881896 0.8321228843189027 0.4445072184308817 0.8428854961629678 0.45475732494903887 0.8433980014888757 0.45766152179585007 0.8453198964610301 0.4535614791885872 0.8441667594777374 0.4322070906090929 0.8412198538537673 0.41666109572322113 0.8368635585835504 0.4048734732273404
72 0.631518995234726 0.3958131707287962 0.6203967982507604 0.3861285366203092 0.5879381417465345 0.3785624162230537 0.5441303046464252 0.37644390251182214 0.49305899262371333 0.3779571267313893 0.46877174548976064 0.38189150919784615 0.43790197426895827 0.3912734984904429 0.4397178435435872 0.4070110286131496 0.4662749257586663 0.4115507011550876 0.47671617270537914 0.4188141782076719 0.48624948360742076 0.43969666903287796 0.5563874196899791 0.4251697178701475 0.5938397156563938 0.4209326904476844 0.6117714209978892 0.4166956630252214 0.6203967982507604 0.40882689781207565
40 0.2039871723586427 0.42223197644789584 0.20795385161684612 0.4303464618710702 0.2077908374007556 0.4353455644978471 0.2074104708965443 0.4502704216154711 0.20621503331188026 0.4538205089881097 0.1959451376981754 0.4526612967847992 0.18594693244462138 0.44954591398840194 0.17975239201335255 0.44650298149070444 0.17676379827152022 0.43817114424341663 0.17774188356806356 0.43375164771829494 0.18203459125844812 0.4257096130578277 0.18937023098252304 0.4236085409393272 0.1962168280583263 0.4226666810241373
51 0.19729042766927185 0.6389856640020172 0.20203644864573214 0.6596205378127139 0.3310044099625869 0.6670490923845647 0.3287345738434102 0.6343084259382592
55 0.43783087635893275 0.6560066063151624 0.45303877835741635 0.6557039614992722 0.4421435643266057 0.5873062320805646 0.42875153188222626 0.5406989314609889 0.41672140045059003 0.5098291602401867 0.4037833345712832 0.48531493015307886 0.37836117003650477 0.47986732346705485 0.362018349978433 0.4892493127596517 0.34794536615931276 0.5216323082700793 0.3390930053943364 0.5470544725012728 0.3354612676835038 0.5842797846455957 0.33251048064872407 0.6221103850905961 0.3302406443099599 0.6336108899392863 0.33228349681721897 0.6659938852395397 0.351123136606385 0.6675071093189908 0.34499457908460807 0.6317950210439449 0.34272474296543154 0.606978146140947 0.3431787101892667 0.5857930090286316 0.3465834643680318 0.5621867133891946 0.3513501202183027 0.5458438933311226 0.35747867774007963 0.5301063629048313 0.36723897305253916 0.5146714772944301 0.37518339946965745 0.5068027120812844 0.3901643178562233 0.5065000672653942 0.4046912690189538 0.5198164391645639 0.416040449614837 0.5446333140675618 0.42443884325579057 0.5673316752593283 0.42920549910606165 0.5903326812669848 0.4341991385682501 0.6230183213831286
58 0.19054270063158196 0.6577681110829949 0.20030299594404152 0.6589786903465559 0.1966712581533589 0.6374909084183503 0.1907696842434996 0.6153978368583644 0.1835062088218344 0.5902783183771683 0.17851256898035822 0.5569873872981413 0.17397289668211735 0.5354996054866991 0.16920624077195892 0.5285387748613403 0.16285070001755195 0.5221832339611725 0.1569491262075052 0.522788524013301 0.15104755265697103 0.528841419793994 0.1408332903402637 0.5566847413846749 0.13856345350243685 0.5627376388934662 0.1419682076812018 0.5663693766841488 0.1483237488148964 0.5494212669942966 0.15218247021749667 0.541855146597041 0.15808404412735597 0.5385260536222487 0.16534751970872122 0.543065725860602 0.16943322472323918 0.5515397807055281 0.1751078150211808 0.5696984696589412 0.18078240537900986 0.6026867544508591 0.18191732321901063 0.6196348628563139 0.18554906116939335 0.6414252910249232
