0 0.9957257691478418 0.46585013140800213 0.9807659611652881 0.4829470548166348 0.8881576260351952 0.5446859449033636 0.9038298058264416 0.5665320137032831 0.9138030111481439 0.5893279115814599 0.9195019856176881 0.6216221002422104 0.9187896138089952 0.6539162889029609 0.916652498382916 0.6662640669203067 0.9821907047826742 0.6425183399638725 0.9900267946782975 0.6349197073378136 0.9914515382956837 0.6263712456334972 0.999287628191307 0.6092743222248647 0.999287628191307 0.4848467129731495
1 0.01839626243057733 0.5280628127246129 0.02722731791024293 0.5398375533641669 0.03311468823002 0.5382675879455598 0.05666416950912828 0.5649570000618825 0.047244376997484974 0.596356308434027 0.047244376997484974 0.6183358242945279 0.04901058809341809 0.6458102191201543 0.05195427325330662 0.6662197695620482 0.02958226603815376 0.6591549251783156 0.024872369782332104 0.6426702882829399 0.028993529006176057 0.6151958934573135 0.019573736494532742 0.5869365159223836 0.01074268101486714 0.5594621210967573 0.01309762914277797 0.5414075187827743
2 0.546194000354494 0.28144125539995946 0.532064311587029 0.41174838514435846 0.5285318893951628 0.4455026416444137 0.5244107301713188 0.505161327551488 0.5279431523631852 0.6472431979354414 0.6586427734622362 0.648028180644745 0.676893621453545 0.6331135091679764 0.7440096430990036 0.5412705321794542 0.7905198686252425 0.46591219208630763 0.8046495573927074 0.42587807391182353 0.7805113390816214 0.3795640940629106 0.7375335357472488 0.30891565022558576 0.6916120472529877 0.2932159960395136 0.6286171848313731 0.28301122081856667 0.5732759038254686 0.27987128998135224
4 0.545663622758199 0.28200529827670073 0.5309451969587563 0.41623734156761794 0.5244690896070016 0.5049403877189258 0.5244690896070016 0.5465444713120171 0.5268240377349125 0.5889335376144121 0.5291789858628232 0.6501621889400934 0.27425585101647615 0.6556570679052188 0.26777974366472135 0.6485922235214864 0.26777974366472135 0.6415273791377538 0.26071489928098895 0.6226877941144671 0.24835142160945703 0.5583192119515713 0.2436415253536354 0.5237799727422123 0.24717394754550162 0.4735410793467814 0.25600500302516727 0.4492066153583696 0.26424732147285507 0.40446260092806385 0.33018586915791337 0.35029879368326056 0.3790510427085079 0.31732952019536315 0.4302711644905684 0.2977049524627729 0.49797592316800476 0.28357526369530794 0.5244690896070016 0.28200529827670073
6 0.24270040428068065 0.3830624722896697 0.257681322607359 0.3776148655335878 0.2731162080380976 0.37277254864281306 0.24746706013095157 0.3767069311559752 0.22272584643192617 0.38336511710556004 0.1977576491209831 0.39123388231870565 0.1709735829146987 0.40122116124308294 0.14396253309649662 0.4127216642469113 0.12308004080007151 0.4224062983553983 0.10560230268241137 0.43148564283210483 0.08517377760982157 0.44328879065182336 0.06792302310407909 0.4541840040238714 0.05203417026984258 0.4638686381323583 0.043408793016971335 0.47173740334550407 0.035010399376017756 0.47839558929508885 0.029789776301911475 0.4823299719016617 0.027065972958899506 0.4920146060101487 0.03432944854026476 0.4880802234035759 0.05316908832943091 0.482632616717552 0.08040712175955063 0.47476385150440614 0.11581656521870626 0.4668950862912605 0.18504656685359389 0.45176284549674955 0.1907211571515355 0.4417755665723723 0.19548781300180643 0.43572267025456796 0.2034322394189247 0.42815654985731244 0.20706397720960731 0.4227089431712885 0.20048145246399504 0.42180100872361787 0.1982116163448184 0.4184719157488254 0.20138938691166572 0.40969521608800913 0.21024174777645463 0.40061587161130247 0.2256766333868558 0.3909312375028155
17 0.8025179227977752 0.6459465461802875 0.8027104492162229 0.649797074549242 0.8066572407944015 0.6490269688754511 0.8062721879575059 0.6464599499628146
17 0.7858643876020462 0.6571130784502557 0.7845167026729123 0.6617337124930015 0.7881747046234192 0.6614770106017377 0.7895223895525533 0.656984727504624
17 0.7927953386661648 0.6764940712406609 0.792602812247717 0.6798311958270881 0.7957794981521047 0.6798311958270881 0.7961645509890001 0.6766224221862926
17 0.8097376634895652 0.6660976446444833 0.8096414002803413 0.6718734371979151 0.8135881918585197 0.6716167353066517 0.8144545607415346 0.6648141351881649
17 0.13789422292940678 0.6524789346378712 0.13926747378150867 0.6561409369101427 0.14146467514487165 0.6550423362284613
17 0.15382393281378848 0.6660283430452761 0.15519718366589033 0.6693241450903209 0.15766903519967373 0.6656621428180491 0.15684508468841257 0.6634649414546859
17 0.16078314932984175 0.6467107546130983 0.16078314932984175 0.651323302546269 0.16488319193710463 0.651323302546269 0.16526757093153552 0.6482482705908218
17 0.14592049487851377 0.6344106267913097 0.14515173688965197 0.6383398342899366 0.14848302150805306 0.6407315258108399 0.14937990582839183 0.636802318312213
46 0.11910588975886156 0.5972584156951986 0.10714212833535006 0.6087790748437651 0.10049559421117703 0.6296048817661741 0.10082792091738567 0.6522030977883625 0.10880376186639333 0.6783461320101098 0.12442311705819999 0.7013874503072429 0.14569202625555375 0.7129081094558096 0.17227816275224597 0.7120219049059199 0.1902238048875132 0.6991719389325186 0.19753499242410352 0.6770168251852752 0.19720266571789488 0.6393531318149612 0.18690053782542665 0.6149825066929934 0.17061652922120266 0.5981446202450883 0.15267088708593546 0.5875101656464115 0.13339593812583359 0.5883963701963012
46 0.7672786129520961 0.6140976458556703 0.7543405470727893 0.6310457555455226 0.7470770714914239 0.6498097341307161 0.7452612025960826 0.673113384954263 0.7534326126251186 0.7003514183843826 0.7670516293401785 0.7191153969695763 0.7906579249796155 0.7315238344210752 0.8210737289765827 0.7242603588397101 0.839005434318078 0.7094307628610893 0.8528514346450555 0.6834033086945304 0.8569371396595735 0.6564679200803011 0.8510355657497144 0.6292298866501812 0.8340117948558895 0.6080447495378659 0.814037237007135 0.5968468913499277 0.7922468102630391 0.5974521809817083 0.7786277935479792 0.6028997876677321
7 0.7821027320554463 0.5609059841715581 0.7623279197851793 0.5689623891705559 0.746672860071218 0.5836103982596424 0.7334896518910401 0.596061205985366 0.7208557440517029 0.6209628214368133 0.7145387901320341 0.6436672355248975 0.7134401894503529 0.6685688509763448 0.7172852921985576 0.6920056658579642 0.7279966484826326 0.7136114789252861 0.7395319556402883 0.7278932877871455 0.7562856160359313 0.7429074971034592 0.775236477794937 0.7502315016480026 0.7903422371680575 0.753527303693047 0.8189058548917764 0.7494991011935482 0.8433497200591895 0.7348510921044616 0.8636738326702974 0.7106818771074689 0.8724626381237492 0.6898084641555203 0.8787795920434178 0.6561180432506211 0.8738358889758512 0.6173008191645416 0.8576315289210492 0.5861737998502325 0.8417018190366674 0.5678637884888743 0.8222016569368208 0.5576101821265136 0.8043493958594965 0.5546805803086964
7 0.20327442805044055 0.5784710074273174 0.2143966250344061 0.5936032482218283 0.22461088757070102 0.6087354890163393 0.23005849425672498 0.626288888337972 0.23187436315206625 0.6450528669231655 0.23369023204740758 0.6689618073784929 0.2332362648235723 0.6831861137253331 0.22574580563028931 0.6949892615450517 0.21416964142248843 0.7107267919713433 0.20123157554318155 0.7210167157116106 0.1792141651871681 0.729793415372427 0.15606183677156638 0.7319119290836585 0.13903806587774156 0.7310039946359879 0.12065239331241076 0.7204114260798302 0.1031746551947506 0.7046738956535387 0.08887468764393774 0.6783437966710898 0.08251914651024314 0.6532242769522015 0.08138422845065482 0.6166042542294851 0.09091754015119671 0.5881556415358045 0.10476354047817425 0.5678784388711597 0.12882380334144666 0.5521409084448683 0.14471265617568319 0.5494171051018564 0.1660491156959436 0.5488118154700758 0.18329987020168612 0.5591017392103433
47 0.8302660029683122 0.4464569790896633 0.8211190641641716 0.45699921364358803 0.8184835055256905 0.47374276264099785 0.82282442563613 0.49110644308275625 0.8325914958846191 0.4997882833036354 0.8488699462987676 0.501235256673782 0.8583269508250824 0.4904863116384077 0.8639081338242192 0.47477631504824536 0.861582640907912 0.46030658134678015 0.8539860307146427 0.4491442153485068 0.8429786975774567 0.44335632186792073
8 0.9771628754558315 0.4814767426636166 0.8882635834718648 0.5474152899422656 0.8688352615719332 0.5301456706404404 0.8441083062288697 0.5199408954194935 0.8158489286939397 0.5168009645822791 0.7875895511590096 0.5175859472915826 0.7652175439438568 0.5254357743846186 0.7493216440804586 0.5372105150241728 0.7905332375615605 0.4665620686428726 0.8040741880543856 0.4359477455240073 0.8046629250863632 0.4273129357216675 0.8023079769584522 0.4178931432100243 0.9595007644965001 0.40768836798907737 0.9496688558916062 0.42056208415514473 0.8882635836271975 0.4233880221751495 0.8923847428510414 0.4359477455240073 0.9041594834905956 0.44379757261704333 0.9559683423046337 0.4563572959659011 0.967743082944188 0.46813203660545516
10 0.032249716262811805 0.5401589429737689 0.0561168161254825 0.5671478995960813 0.06608661725860186 0.5526463707222152 0.07847333994456072 0.5381448417240196 0.09720448156723023 0.5248517734756734 0.11744619912721177 0.519212289976375 0.13617734074988128 0.5196151102263249 0.15430425199762596 0.5208235709761745 0.17817135180715643 0.5312968974748714 0.19750672380475073 0.5441871454732677 0.22046747805189404 0.5707732819699599 0.24161554117426284 0.6070271044654493 0.2520850275096337 0.6385684385142442 0.2553750619010993 0.6468544510557132 0.2637829274074291 0.6453922135860047 0.24196828909146315 0.5361707013308147 0.24323232974874512 0.49762988094363875 0.245109175434788 0.47503013733962424 0.2522783600867984 0.4524601235080101 0.23051702427669213 0.4538391000897279 0.21552908982668184 0.44701532505557684 0.16069518330225424 0.46017546262143955 0.11297832108238431 0.4706927097974192 0.09899613058825618 0.487005265373902 0.0747769791966414 0.5046494581403017 0.057548923052090674 0.5186316486344299
12 0.7855760855833993 0.38767741478820933 0.7998235217572599 0.41617228713593035 0.9615319223305767 0.4085736545098715 0.9857525638261394 0.39242656017949623 0.9123782675307579 0.35823271336223095 0.8333049967658321 0.3202395502319363 0.7656296749399947 0.29364433604073 0.7428337770618179 0.2850958743364137 0.7257368536531853 0.27084843816255316 0.6851316605576827 0.2613501473799795 0.6302790312883197 0.2528016856756632 0.5640284530798684 0.24995219844089112 0.49920261848880315 0.2547013438321779 0.4293901812368867 0.2698986090842958 0.4030324243152447 0.2793968998668695 0.3923468471848493 0.2907948488059579 0.3581530003675841 0.3078917722145905 0.32324678174162585 0.33353715732753936 0.2897653067330537 0.361082200597003 0.26198280619402564 0.3829282693969225 0.22351472852460227 0.4133227999011583 0.20801661702735036 0.42280352693036266 0.18704067092226193 0.4514535996592638 0.21534967135677152 0.4437226276530524 0.33353120914001666 0.34344738069897657 0.4014709670483145 0.30637516020166816 0.4671373259760948 0.28806514884030987 0.5445387376400183 0.28240569078316274 0.6582790715415223 0.28692484623640124 0.74269005491852 0.31218167590825885 0.7875541602566881 0.3338936873805574 0.8167989104030495 0.3511746761034074 0.8181282172278841 0.3573781079526356 0.8104847029850852 0.3688987671012022
13 0.8793332107985191 0.3415211714467406 0.9038622445594021 0.3415211712398871 0.9247722413384281 0.34420194021015704 0.9396505079753895 0.34688270897357354 0.9561372358704009 0.3517080927477232 0.9754387709669992 0.35921424528528934 0.9858937691443237 0.3661842440701721 0.991523383547498 0.37690731912383796 0.9935339601200603 0.38494962541408734 0.9935339601200603 0.3983534692311697 0.9919254989327401 0.40585962160325295 0.9919254989327401 0.413365774140819 0.9822747311015226 0.41765500420365614 0.9521160828313705 0.41979961937987215 0.9585499277574755 0.41068500554288534 0.9850895385860283 0.39299193191119025
16 0.7495321067677091 0.21917550195198687 0.7526223129240657 0.22136713752387094 0.718235550801204 0.2592386002060284 0.719616281211491 0.2614302357779125 0.719879277480117 0.26853113503081705 0.6881882271106728 0.260115254434782 0.6893717103194903 0.2575729571713965 0.6933824034160382 0.25476766363938486 0.7112661496826127 0.2567839683655182 0.7161973297193517 0.2558196487138892
29 0.20279201999054508 0.4986842596714974 0.21039681351923048 0.5045884031705611 0.22165960899842274 0.5061286145181431 0.22685782229651152 0.5012512785841338 0.2280129808071979 0.4947053803569109 0.21415107867896124 0.49355022184622455
35 0.7082979010644681 0.45703008577584114 0.7147810934372025 0.4639830746973244 0.7260562106071755 0.46511058641432174 0.7287340509350441 0.46304348159982667 0.7593178062585957 0.4626676443608277 0.7610090738340917 0.4652985050338213 0.7720023130748153 0.4624797257413281 0.7780626885536758 0.45872135335133707 0.7801767730230457 0.4534596320053497 0.7789083223414237 0.4485737478983614 0.7615728296925903 0.44688248032286554 0.759599684187845 0.44970125961535873 0.7276065392180469 0.4521442016688529 0.7111166803569613 0.45327171338585015
35 0.4468330620339229 0.4781525794201515 0.45077935304341354 0.48548140558063396 0.4616316533195125 0.48792434763412806 0.4631819819303837 0.4849176497221353 0.49165165278456546 0.48397805662463755 0.49432949311243407 0.48604516143913257 0.5084233895749002 0.48134719595164394 0.5123696805843908 0.47063583464016956 0.5096918402565223 0.4693204043036727 0.49306104243081206 0.4693204043036727 0.49094695796144217 0.47345461393266275 0.46233634814263574 0.4757096373666574 0.46078601953176446 0.4732666953131633
20 0.2887165836239619 0.3951671419700527 0.2868529278933879 0.3988944534312008 0.28661997092706615 0.4074362088629984 0.2859211000281009 0.4218795407749473 0.28650349244390527 0.4338379983794641 0.2887165836239619 0.44750480707034046 0.27322494536356523 0.44703889313769696 0.26367370974437326 0.4412926213017602 0.25703443620420324 0.43601226339846716 0.25843217800213375 0.42483032901502293 0.26239244642960363 0.41504613642950916 0.2693811554192563 0.4035535927576359 0.2729919883972435 0.3998262812964878 0.28091252525218313 0.3954777512584818
51 0.6564148025869827 0.6528037083023651 0.6710115881925752 0.6404185567063964 0.6705692613466114 0.6763944733294142 0.2848602516662506 0.6734456276896562 0.28309094436019827 0.6563423234796446 0.5276827423133179 0.6517696580061689
55 0.6722104019974222 0.6401498263757313 0.671304056435035 0.6764036488712207 0.6994007688690392 0.6772092893711205 0.7030261511185881 0.6486090516246789 0.7117874915549982 0.6151749708788387 0.7277995964905059 0.5865747331323969 0.7465307381131754 0.5648224396351034 0.7682830316104688 0.5507237308868576 0.7855035972958264 0.5430701461378098 0.8090685819178945 0.5406532246381105 0.835956833602049 0.5422645056379101 0.8568027815369554 0.552737832136607 0.8797635357840988 0.5724760243841512 0.8930566040324449 0.5994649811307933 0.8990989077816931 0.6216200948780367 0.8994010229691554 0.6453864896250798 0.8963798710945313 0.672375446371722 0.9154131279046632 0.6699585248720226 0.9190385101010721 0.6538457126360929 0.9184342797792874 0.6228285556278864 0.9129962064049638 0.5906029356318958 0.9048390961840584 0.5680450016036201 0.8894312217828958 0.5487096296371082 0.8688873889823117 0.5297770780759583 0.845322404493094 0.5209150332919565 0.8169235765793564 0.5180952910760711 0.7876184039269044 0.5184981118855045 0.7664703409108161 0.5265545165425954 0.7486455441862813 0.5386391243208337 0.6782527105824276 0.6324962367156611
57 0.053241443888364756 0.6708862494974676 0.07115385335301111 0.6723484870047857 0.06822937833837497 0.666012124473074 0.06896049709203401 0.6582135244340442 0.06384266581642077 0.6509023368974539 0.061649309555443656 0.6338428993120764 0.06311154706276173 0.6138589867120627 0.06603602207739788 0.5963121366242459 0.07627168462862437 0.571941511502278 0.09601189097741832 0.5490331238876283 0.11940769109450745 0.5387974613364017 0.14536240684940321 0.5383100488339624 0.16364037569087914 0.5436715863607954 0.1859394976774797 0.5558568989217793 0.20421746651895561 0.5753533990193536 0.21957096034579535 0.5967995491266853 0.23126886040433992 0.6201953492437744 0.23638669167995313 0.6523645744047719 0.2404078447607782 0.6840463868376717 0.25320242301411094 0.6772226120291792 0.25393354176777 0.6733233120096643 0.28354385129096094 0.6718610745023461 0.2813504950299838 0.6582135244340442 0.27111483247875734 0.6562638744242869 0.2663625602906252 0.6470030370283779 0.2557613386519175 0.6479778621084762 0.24516011755975678 0.6201953516131875 0.23492445478348156 0.5938750765190717 0.21701204438649055 0.5675547988674946 0.1958096008518767 0.5422093497185009 0.17387603795275722 0.5300240364429322 0.1555183362590221 0.5216485330187807 0.13255758201187878 0.5200372522365583 0.11533701595454007 0.5204400727662498 0.09769792442758521 0.5247565318624722 0.08995934108451063 0.5305105786109253 0.07696838781106619 0.5401782647651346 0.05672667160615949 0.5655559397038343 0.04675686967593725 0.5973787395120399 0.0476632145740721 0.6247705162910548 0.051288596903331325 0.6630384391349033
64 0.5615641715296698 0.29140691565184723 0.553574348390168 0.40958971625697776 0.7400867823029128 0.38795061192082714 0.7423339200608976 0.3406774916787749 0.7268536377281128 0.3130460199879979 0.6786650169179927 0.30139419457622446 0.6352203535969517 0.2927385528417642 0.5975183756574278 0.2907410970568888
65 0.8153945528616924 0.35197913990164204 0.8172549471947379 0.35694019145643013 0.7846980463664408 0.3852595274150121 0.7405136809566095 0.3127041484262362
68 0.5273292086368597 0.29294879164517745 0.5078540147343241 0.41512650382005895 0.2961237015375269 0.44142633832091893 0.30461288862324754 0.3781735717998632 0.34181550261655275 0.35087500940656546 0.3787684346367485 0.32657263069058085 0.42146405203846116 0.30826261932922255 0.46016475787042294 0.2996069775947623 0.49686800791750924 0.2952791567275322
70 0.025934138681659363 0.4925645550381074 0.017591688476370337 0.5259343558592635 0.02738499958692702 0.5397175344593061 0.0321002975290469 0.536574002497893 0.09920261439767604 0.48482663021001327 0.11226036254508492 0.46862535010119105
72 0.9788520681769703 0.4197926560111735 0.9913814028379323 0.4160445119470303 0.9981442694120591 0.41424108086059647 0.998820556069472 0.43948911607066954 0.9953576382935048 0.46457202783682466 0.979884529661917 0.4817765487074615 0.9684091030408212 0.46672803458862655 0.9605732568350757 0.4581798387278132 0.9468605259750208 0.45224359160224836 0.9044757214984878 0.444882645166548 0.8937904766724712 0.43609699942071195 0.8888040290869967 0.43111055183523755 0.8900506409833653 0.42588665436474044
