1 0.7777848101284781 0.676834244283281 0.7777848107874655 0.5562323663213347 0.7654748559352 0.5134151329182299 0.7644044249679678 0.5276875458146592 0.7585170546481907 0.5441008206455528 0.7397845127216273 0.541246338066267 0.693220765647027 0.5519506477385888 0.6776995166221602 0.567650301924661 0.6273892611622469 0.6404396076964499 0.6097271502029157 0.6647027096203797 0.567445126997244 0.6746933986478802 0.4657541851101856 0.677547881227166 0.40259875804348616 0.671125295423773 0.37476755289544916 0.6468621934998433 0.30786561744343716 0.5526642683834102 0.2586257929507562 0.5426735793559099 0.24096368199142496 0.5441008206455528 0.23614674263888014 0.5362509935525167 0.22437200199932597 0.5526642683834102 0.2238367865157099 0.6782615018719875 0.22918894135187087 0.7125152928234177 0.23400588070441572 0.7260740850750256 0.3132177722795981 0.7389192566818119 0.3506828561327249 0.7467690837748481 0.4919797438073744 0.7453418424852052 0.6407696482526494 0.748196325064491 0.6867981798436338 0.7396328773266333 0.7579818391645746 0.7382056360369902 0.7702917952877448 0.7232196024957398 0.7702917952877448 0.7010973625062743
6 0.2828299778292137 0.38953609636774433 0.272232711253615 0.3989558888793876 0.25869175951812773 0.4444848860189969 0.26340165577394936 0.46646440187949795 0.29342724440481244 0.4923688312865171 0.34817978837873914 0.4860889696120882 0.6443145154635258 0.48687395232139186 0.7037769556932741 0.49315381399582064 0.7326250702601818 0.4774541598097485 0.7432223368357804 0.4491947822748186 0.7355687554200702 0.4020958197166021 0.72026159258865 0.3848262001119227 0.7137854852368952 0.39110606178635143 0.5047838388848093 0.3863961655305299 0.36407568824213726 0.3879661309491371 0.29519345550074555 0.39032107907704794
1 0.297472487306671 0.4927489269070014 0.3455001365181257 0.4878748022587051 0.4891022621466309 0.4864259285766883 0.6472897720514623 0.4877552365298147 0.7041176412974458 0.49395866704560715 0.6363229958613204 0.5289637461850105 0.3668060371261032 0.5302930530098452
10 0.7422797306783265 0.43162754380419927 0.7549908129457158 0.46491847355212346 0.7627082557509164 0.4842877417690975 0.7647511082581753 0.5091046166720954 0.7781431413613175 0.5433034808676901 0.7785971085851529 0.49881469293182795 0.7649780918700929 0.4688528561586962 0.7524939932146214 0.439496309017345 0.7404638617829853 0.4246667130387242
11 0.25220327309907636 0.44205653224145863 0.2578309659565391 0.4475591652576445 0.2458252211939519 0.4650675430364175 0.23888440000308114 0.4868279554186068 0.23869681024116576 0.5035859741497181 0.2381340408564318 0.5346008145162056 0.22687865512500843 0.5483573967092747 0.22631588595474772 0.503836093832272 0.22837937333581737 0.49107999002202307 0.24038511809840454 0.46781885954451036
12 0.7194580702827622 0.37287190944601223 0.7209203077900803 0.3835949844996781 0.7329837672254542 0.39480547205578326 0.7322526484717955 0.375308971958209 0.7212858671669098 0.3421649217923327 0.7030078983254339 0.28513765900692795 0.6843643701071285 0.23785864627031036 0.6671830793961412 0.21153837113858504 0.6554851793375965 0.20373977109955532 0.6467117542936882 0.20568942110931274 0.6244126323070875 0.2022775335922372 0.5143792598814028 0.19691599606540433 0.3981313780496161 0.20081529608491916 0.36194099974349386 0.20666424611419146 0.35536093096056254 0.20422718360199466 0.34658750591665405 0.20715165861663082 0.33342736835079145 0.2198243836800541 0.3074726525958957 0.2714901089386259 0.2917535993922264 0.3163320591630468 0.2826146149714885 0.34508939680696893 0.27603454618855716 0.36946002192893673 0.26982003678245536 0.4001670093569578 0.28407685231805746 0.3860320470118749 0.29065692126173787 0.3504509343338018 0.2997959056824758 0.327542546719152 0.30418261820443004 0.3046341591045022 0.31368716200199753 0.27685164646545884 0.32501950268371255 0.24906913382641552 0.33342736835079145 0.2354215837581135 0.3531675746995854 0.23152228373859868 0.43541843448622686 0.2290852212264019 0.5026813598228582 0.22713557121664446 0.5757932351887617 0.22762298371908382 0.6525607043229605 0.232009696241038 0.6664519606424821 0.2329845212459167 0.6810743357156628 0.25248102134349104 0.7019112201949453 0.31389499665085
7 0.7092057750137709 0.7426223276811631 0.7622407638448206 0.7380811053959355 0.7709988353949021 0.7283499147847339 0.7734316330477027 0.7017513271141156 0.7778106688227434 0.6926688825436607 0.7748913116393829 0.791278280737172 0.7700257163337819 0.8074969317558414 0.719910084686093 0.806199439674348 0.7111520131360113 0.7932245188594124
7 0.22651188836584296 0.6988064137841214 0.2342020931376134 0.7310320337801122 0.2924279292667327 0.7387222385518827 0.2916039787554716 0.7907226708181401 0.29023072742027706 0.8050044794822022 0.23667394467139682 0.8079340814978166 0.2284344395587856 0.7980466753626834
14 0.6645408209313082 0.2341646192702408 0.6791631960044888 0.2527749148179253 0.719707053986582 0.37640044956173474 0.7167161138060666 0.3839331882016069 0.7133928467439802 0.3874780064011658 0.6176827552097526 0.3874780057173525 0.3966855059273937 0.3870349021431625 0.2916702598386359 0.3896935149380651 0.291005603474281 0.37728665387228977 0.3325464414288644 0.24214046021924843 0.34949510271482803 0.2319491082374231 0.4246009449817634 0.22973359775165594 0.5728186482348667 0.22796118902797383 0.6595559185845522 0.23283531292407544
16 0.5039860615989726 0.16919156480751185 0.5056384665792663 0.16919156480751185 0.5060515678243396 0.195171043108794 0.5024025068261914 0.195262843385477 0.503228709316338 0.16919156480751185
32 0.2622336315704919 0.6419191436484567 0.25634050125232327 0.6479432324181402 0.25594762589777864 0.6581579916362993 0.26557307208412084 0.6694204184665772 0.2746092052386462 0.6694204184665772 0.2763771443340967 0.6623486620847747 0.275198518270463 0.6474193986120809 0.2691089502750221 0.6427048943575459
33 0.7274956706256649 0.6467987302057554 0.7265134822393035 0.6575373232299739 0.7335852386211059 0.6693235838663112 0.743799997839265 0.6627756612905684 0.7461572499665324 0.656489655617855 0.7392819312620023 0.6431318935633396
39 0.47688593267007384 0.554591251297641 0.4708356522100875 0.5612177489442928 0.4686748377600922 0.5687085723709429 0.47429295533007976 0.5767756129842582 0.4892025750350465 0.5871475223442351 0.5218308732299738 0.5819615676642467 0.5296098052499564 0.5761993957975928 0.5304741310299544 0.5643869434709524 0.5192378958899795 0.5511339481776487 0.5034639504050147 0.5485409708376544
20 0.7542584841948416 0.3401421183441038 0.7472776411182231 0.3485840681111775 0.7446801181129696 0.3607058421356934 0.7451671536764547 0.37261115590977156 0.7454918440521113 0.3810531056768452 0.7540961390070131 0.39014443619523204 0.7657849925306536 0.3955559424561767 0.786565176572681 0.3931748797013611 0.8027996953555148 0.38668107218822756 0.80815708655385 0.3756415994159006 0.8089688124929917 0.366117348396638 0.8032867309189998 0.35637663712693773 0.7883509736387927 0.3472853066085508 0.7622133983984302 0.3399256580936661
21 0.25896467443786875 0.34148910000243554 0.26231891385580963 0.3464980975332273 0.262184744279092 0.3722586562630132 0.2554762654432102 0.38299222240042397 0.2411201207344233 0.3947991451515758 0.21307867920043763 0.38871679100704304 0.20757772655501455 0.3824555440935534 0.20328430010005025 0.36796522980804885 0.20757772655501455 0.3568738781327243 0.22220221041723678 0.34614031199531353 0.24796276914702267 0.33952127954391026
44 0.32521504934245354 0.6075276687490971 0.33619256016480553 0.6236280179552133 0.34558443053504 0.6099671155985087 0.33716833890457015 0.5977698813514509
59 0.41324559288421925 0.5942269114106304 0.4127098537643858 0.6523248426281321 0.5876213262438559 0.6525059918998459 0.586195188706859 0.5935589737039773
60 0.3509475613421474 0.6842442314542808 0.31981022511771684 0.707696270951562 0.3723396243970997 0.7140346600048812 0.3842241038720733 0.7197392101528685 0.6150206952760588 0.7172038545315407 0.6901527536489018 0.7090373631561236 0.6568030903853307 0.6843339088868118 0.6104841136303708 0.6892745997406741 0.5257203861687944 0.6942152905945365 0.4492940745231106 0.6973032223782005 0.3913953535794107 0.6917449451676053
63 0.6848483255899649 0.5528218208810407 0.6336921303759973 0.5342617500551113 0.36781911579455984 0.5337977482844631 0.31596691792461984 0.5537498244223372 0.38626318617782707 0.6572222192768931 0.4012272432812326 0.6683582617724507 0.46003946771089604 0.6748542865615259 0.5519118182992462 0.6734622812495811 0.5981959949214074 0.6683582617724507 0.6187280732725917 0.6525822015704107
70 0.25779217610855687 0.44917865716774685 0.24655594096858188 0.4653127383943776 0.24028957906359585 0.4877852086743275 0.2394252532835978 0.5209176969075869 0.23877700894859924 0.5344588007942235 0.24136998628859346 0.541373407034208 0.2614655606735487 0.5399328640675445 0.3098678043534408 0.5520334249875176 0.3638881656033204 0.5324420406408946 0.2973350805434687 0.4952760321009774 0.26924449269353135 0.47626086494101977 0.2614655606735487 0.4635840868343814
71 0.7455473951908007 0.44298721947663033 0.752154844335414 0.4596546587603397 0.7616195687858061 0.4860844553387932 0.7650125832114185 0.5132285707436914 0.7639411049717514 0.5263244158951773 0.7584051340668051 0.5413251112505157 0.7425115347019643 0.5406108022505777 0.6914375619957656 0.5525162765242659 0.6408996816402073 0.5332294749556269 0.640542522226985 0.5298959870988851 0.7146531004706215 0.48894170771605616 0.7391184833103375 0.47084570284050675 0.7435830129416314 0.4570354668015268
