1 0.30280542498713703 0.5849947410540981 0.3115634965372186 0.5798047727281239 0.3115634965372186 0.5882384712578319 0.32129468714842035 0.5901847093800725 0.35535385428762645 0.6148370589284501 0.3611925686543475 0.6154858049691968 0.4195797123215581 0.7056615046329999 0.43320337917724056 0.7225289016924162 0.6039857744038315 0.7303138541813777 0.6258809532790355 0.7166901873256952 0.6609132394793619 0.666087996147446 0.6901068113129674 0.6252169955803987 0.7270853356355339 0.603159630195008 0.7353568476550554 0.5999158999912741 0.7373030857772958 0.5921309475023127 0.7402224429606563 0.6128908208062098 0.7387627643689761 0.6557080594954975 0.7353568476550554 0.711500218999721 0.7343837285939352 0.7303138541813777 0.7189631235612086 0.7497211363248623 0.6993514423936088 0.7601561720557299 0.65020892980704 0.7737798389114122 0.5431658330838204 0.7763748230743994 0.40984852171035635 0.7705361087076784 0.325187163392901 0.7452350131185537 0.3066979012316177 0.7179876794071889 0.30134574639545675 0.6732242025956607
6 0.35494129178767264 0.42825546610792214 0.3641899440214595 0.4228939285810892 0.3678089818520717 0.42557469734450565 0.416867050222593 0.4309362348713386 0.46873992579470153 0.43361700363475497 0.5286551076570596 0.4362977723981715 0.5970147111241794 0.4384423874089047 0.6589404695590997 0.43683392615085476 0.6722102749380112 0.43468931114012166 0.6742208515105736 0.4304000811186553 0.6830673884298478 0.44005084866695454 0.695130847865222 0.46578622879575265 0.706390076671571 0.4883046864084509 0.7140302676473081 0.5102869902684659 0.7148344982763329 0.5344139091392142 0.7023689235264464 0.5649746730421619 0.6783224268627726 0.5637951371526627 0.6397595693291637 0.5636879078583747 0.4399082552933771 0.5600956775788734 0.3517243692715729 0.558004674257279 0.3316186035459495 0.5183292965587153 0.3352376413765617 0.4888408401611342 0.3456926395538859 0.45613546124745336
1 0.6959486894035268 0.5682023278918381 0.6440758138314182 0.6121669356118682 0.4116531620432109 0.6068053980850352 0.3553570180114651 0.5606961753542721
10 0.32492113713341914 0.49475869696942454 0.34854463064788166 0.4459080307253497 0.3412996685443119 0.4703180505026928 0.33808859059688134 0.47798806158338203 0.325746532085847 0.5005364616364197 0.31728623382346127 0.5269491001141116 0.31460370022807077 0.5445575257659062 0.31088942294214533 0.5756474023073559 0.30284182215597355 0.5836262201808253 0.30841323808486165 0.5352030496383903 0.3141910027518568 0.5186951505898328
12 0.355088728604997 0.42523569737503275 0.36354795385394456 0.42161031512548386 0.4040313889739076 0.3043896223900682 0.40765677122345656 0.3003614198905694 0.41460542053509203 0.2979444983908701 0.6164183657599828 0.3047924426400181 0.6257839365713176 0.30841782488956704 0.6303156643832537 0.3168770501385145 0.6714033298781417 0.4264441581248824 0.679862555127089 0.43168082137423086 0.6641525653790437 0.38455085213009466 0.6360558529450394 0.3176826906384143 0.6236691302590807 0.29713885789097033 0.6052401038238736 0.28022040739307535 0.5668714750161473 0.2761922048935765 0.5197414978806928 0.2729696430183071 0.4961765211499431 0.27256682264402754 0.45448462528013034 0.2737752833938772 0.42910694953328776 0.2761922048935765 0.42034560909687785 0.2757893846436266 0.4158138812849417 0.27981758714312543 0.40675042566106934 0.29190219464162187 0.3943637029751105 0.3144601286388153 0.37835159803960267 0.3519224118841543
14 0.6256776906338386 0.31187362206289976 0.6361143971098128 0.3393386391049371 0.6520441069941942 0.3785220634182438 0.667973816878576 0.4242970918216395 0.6718189192644612 0.43015629545727413 0.6629870128729699 0.4344815782052558 0.5990366241030624 0.4371140997745902 0.4578317878919229 0.4323786084097819 0.41391273295551023 0.4301254062343275 0.4115322643150373 0.43000327981045317 0.37190093316541306 0.4246632920488666 0.36778118778303326 0.41880408906313726 0.37382348568686047 0.39243767473726715 0.4067815050020377 0.30454961768789685 0.4130984589217064 0.302718616551761 0.444408578349629 0.3005214151883981 0.5470812849961124 0.3044894424984072 0.6149663341806813 0.307113019278487
20 0.6829103200646438 0.3851173256840844 0.6788102774573808 0.39980914502677645 0.6789384037888577 0.41091342708811346 0.6752227401760258 0.4133051186090168 0.6802196671036275 0.42850944327761664 0.7136606396191154 0.41808850165082345 0.7196825771985328 0.40664254937221467 0.7172481769004705 0.39605077263678545 0.7063574387249284 0.38750901720498776 0.6914947842736003 0.3847756554668125
21 0.35498004227829966 0.3769956409497691 0.35720372241137094 0.38419612899971434 0.3564624957003472 0.39182017517024453 0.35561537945917715 0.4005737096623347 0.3587920653635648 0.40438573274759987 0.3606980769061973 0.40255031422506476 0.35508593180844594 0.42104568549061017 0.3369788221534368 0.41398638348086003 0.325330973837349 0.407633011672085 0.31918938108886635 0.3956321982555096 0.31940116014915887 0.39026712872809954 0.3254368633674952 0.37981936175366926 0.3356022582615354 0.3764308967889892 0.3486266704695245 0.37516022242723407
22 0.5902271667583476 0.429463118833055 0.5503741981396671 0.4292064169417913 0.5231317099293131 0.4301048735612141 0.47692536950185754 0.433056945310746 0.4699944184377392 0.43254354152821867 0.4705719976930824 0.4312600320719005 0.4793319497324542 0.43048992639810957 0.49964348687868987 0.4286930131592641 0.5228429203016415 0.42715280181168225 0.548352670745966 0.42638269613789137 0.5909972724321385 0.4270244508660504 0.592152430942825 0.4283079603223686
23 0.5796597900976856 0.43560728745347405 0.5996474978080922 0.43526561723620216 0.5609533457020487 0.43082390441166735 0.548268838885829 0.43048223419439546 0.5400687536713032 0.4239905000662291 0.5337905634289319 0.4243321702835011 0.526102983540314 0.4256988511525887 0.5258467308773601 0.43287392571529876 0.5440406699470892 0.4347531119102943
30 0.41203372920947356 0.42575165195258896 0.4066499058753603 0.4250058885468119 0.37497559741004965 0.4209038441833869 0.37476583377782907 0.4188528220016743 0.4091670694620075 0.4226751815221385 0.43461839017144027 0.42668399760457665 0.46286655931048115 0.43153186821589723 0.46202750478159876 0.4325573793067534 0.4390234264480729 0.4303199005630671
31 0.4231452750727604 0.4300977358909296 0.4379595361011123 0.4308682175519787 0.4261921798232725 0.42414401396464163 0.4200983703222483 0.4216224376193902 0.41274377264859846 0.421482350044654 0.41132538595439455 0.4270858530341016
32 0.7265882280596933 0.6727319737151202 0.7110077955132502 0.6911651615165456 0.7147383216159198 0.7008206408411018 0.7287826551789106 0.6990650991457279
33 0.31730934373046604 0.6634018536410867 0.3230798132400533 0.6647208181004209 0.3293448944218909 0.6739535693157606 0.33297204668506014 0.681207873842099 0.3328071761276433 0.6893414880079934 0.3267069655032225 0.6943975184354413 0.3138470620247137 0.6864837316794358 0.31417680313954727 0.6739535693157606
39 0.5169139548080335 0.6277541801217272 0.5032882889058203 0.633749473118701 0.4993368457941785 0.6413798460239404 0.5017894656565769 0.6511903254735338 0.5076485019945286 0.6575489695612333 0.5280870008478483 0.6622725337406672 0.5430752333402827 0.657912320651959 0.5517956595176992 0.6519170276549852 0.5545208083676642 0.6410164899347858 0.5428027200222385 0.6304793133021699 0.5342184178352218 0.6275723171352766 0.5256343809854499 0.6263007757588245
45 0.3834562134787003 0.6595392043056152 0.3757762926974529 0.666806226120129 0.3834562134787003 0.6815054293358497 0.392498700850169 0.6727519712410949
59 0.4472380884508402 0.6651194916059544 0.4443363819348033 0.7103379997994932 0.45485512349799384 0.715899633269686 0.47099595106909653 0.7188013550802212 0.5935936975642135 0.7238793682486581 0.6033870086747702 0.7168668738731977 0.6022988629958195 0.6687466538484871 0.5881529691694598 0.6660867421888298
63 0.3636351047452047 0.6158648913697414 0.40620055643276987 0.6108797483793059 0.6454874199736765 0.6158648913697414 0.6848892232250037 0.625068232275161 0.6244922985331883 0.7144173335652753 0.6029219682861113 0.727071927310227 0.43294776593914525 0.7201694216311623
70 0.7163015731969995 0.5125436765292156 0.7165392627864989 0.5372633938371605 0.7082201271540175 0.557546238807782 0.692294924657553 0.5781460032310695 0.6485600401896505 0.6123733041189932 0.6911064767100557 0.621880887698972 0.7239076400609826 0.6019149621810164 0.7334152236409613 0.5943088953170333 0.7350790507674576 0.5711737752724183 0.7277106734929739 0.5366295549318286
71 0.3352170272721881 0.48319039131738334 0.326966644826752 0.5004769069173448 0.31989488844494957 0.5206445084506331 0.3153768218676869 0.5423836114020999 0.31125163064496886 0.5772185595050525 0.3124302567086026 0.5853379834989739 0.3599681746084966 0.6117915907049755 0.40593459109021235 0.6055055850322623 0.3550572326766893 0.5633369636444774 0.3395386561721785 0.5439551128202782 0.33168114908128693 0.5250970958021384 0.33069896069492544 0.5059771618809689
