0 0.30619854494237647 0.6105943462915973 0.3508331952698832 0.6167702098589252 0.37651917328854273 0.6695457712524552 0.3916781111356205 0.6852661512420174 0.4169430075474168 0.6964949940917046 0.47210469804650534 0.7037937419440011 0.6295892190133687 0.7021094155165483 0.6746449509477388 0.6948106676642515 0.6948568680771757 0.670668655537424 0.7188585196683822 0.6229460734262532 0.7618088435684358 0.6201388627138313 0.7626510067821625 0.7066009526564231 0.7592823539272561 0.8143978440134205 0.6864352359399103 0.8368555297127949 0.6430638304329935 0.8250652447206234 0.42747004771899855 0.8233809182931704 0.39462568238366347 0.8396627404252167 0.3251472172512237 0.8222580340082015 0.3074617897629663 0.8020461168787645 0.30282989208747035 0.7442175762028753 0.3019877288737438 0.6897576883818922
12 0.40928423474345815 0.37768055986031757 0.4020078433401108 0.3827423973582983 0.3640440621052554 0.4835573275264143 0.34474580664420396 0.5265829462592504 0.343163982426085 0.5552666920811411 0.320069348841548 0.5413466389616941 0.31912025431067653 0.5320666035487295 0.34759309023681806 0.48651006606690295 0.3944150870931397 0.3802114786093079 0.4194079097394196 0.3439349765404461 0.4257352066118954 0.34013859841696054 0.4314297737971237 0.3405604182084589 0.4342770573897379 0.3405604182084589 0.49185545892926863 0.33718585987647176 0.5674666565553556 0.3376076796679701 0.6256777877821339 0.3426695171659509 0.6320050846546098 0.34182587758295413 0.6465578674613045 0.35321501195341076 0.6620597447988702 0.37472782131982885 0.688634391663269 0.42787711504862636 0.7161581330585391 0.4860882462754046 0.7234345244618866 0.5021173983523436 0.7477946174209187 0.5341757025062215 0.7493764416390377 0.5464084764596749 0.728812726803491 0.5607503493706202 0.727547252876207 0.5379720342076908 0.7158417682149154 0.5135065327228002 0.7035035393135874 0.4848227869009094 0.6819907299471695 0.43420441192110226 0.6585797315190085 0.3869605952732822 0.6541506237082754 0.38063329840080634 0.6503542455847898 0.3802114786093079 0.5307683346949953 0.37472782131982885 0.43206250348437136 0.375993280694324
13 0.3639842841937543 0.48672219157004376 0.7056592954167432 0.49337643645098717 0.726877748548347 0.5410598979875153 0.7279217525323053 0.5679720006851128 0.7268782634745269 0.5934921491349834 0.7223542702228083 0.6111243313141067 0.7192222395948535 0.6222603801926916 0.7174820435261207 0.6269002510895474 0.7167857100367481 0.6269002255574384 0.7035618836862223 0.6603078551679867 0.6757215533343792 0.696036489384025 0.6304820343589438 0.7053165184139627 0.5671451363346819 0.7090285900263935 0.47875280169420475 0.7048525230263415 0.41924457460856884 0.6988205000079144 0.38722846310588616 0.6862925479458206 0.36948038470654604 0.6603084296404377 0.3520342927450024 0.6204039262981921 0.3433169903096748 0.5605901485311389 0.3445824593860292 0.5367995296988856 0.3457529996055782 0.5272663733972618
15 0.4119275816713052 0.37900997187651797 0.4024199798684503 0.38439761565091984 0.36747962479032914 0.48454418449183073 0.7064249794165738 0.4915164124504819 0.6576986299697709 0.38439764616877425 0.6538955856040538 0.3815453362172326 0.572820737383319 0.3766029566629644 0.49083909018916655 0.3748936818983942
16 0.5314493378008199 0.32168905748443444 0.5330873096379687 0.32130923792799415 0.5333721743052989 0.3365020201856065 0.5328082173385857 0.3556561439203129 0.5373518615328077 0.3568541838880715 0.5393490219097566 0.36327776136448464 0.5375465004502535 0.3716868385656323 0.524612586323533 0.37144541668913883 0.5225247002043814 0.3640334131616121 0.5247833670827687 0.3580140339383281 0.5290753901791568 0.3547973112987984
36 0.35044258534658446 0.5989312084992482 0.35274885931316985 0.6100354905605853 0.38823985313228915 0.6122563469728526 0.3978493279930617 0.607131293713774
37 0.672329331587802 0.6125649419625547 0.6814903642884049 0.6185783377865404 0.7209532743833102 0.6172629074500435 0.7247586264281761 0.6050481971825727
39 0.5346933207691607 0.5542443340958622 0.5222441820238642 0.5578824385693735 0.511841477044918 0.5635669768092347 0.5115004047505263 0.5712979488154463 0.5154227361360306 0.5781193947032799 0.5273602664397394 0.5838039329431413 0.5425379835401694 0.5858503667094913 0.5546460499910741 0.5792563023512521 0.5582273090821868 0.5699336596378796 0.5541344415494865 0.5612931615132902 0.5452665618953028 0.5553812417438345
40 0.37943814077864807 0.4113587988975436 0.37567379770182335 0.41347798462968194 0.37266232324036364 0.41834839394389467 0.3718815706022074 0.4203560435848679 0.3717700345110422 0.42329316065221745 0.37266232324036364 0.42656488599306264 0.373080583582233 0.4272712812371088 0.3801352413484304 0.41087547583582784
59 0.451227728085059 0.5966945568683975 0.4524658205137008 0.6492447021729718 0.61651306730874 0.6555727301415856 0.6181638572135958 0.5977950834716346
72 0.3178054753545242 0.5350970070834642 0.31984832786178313 0.5429657722966098 0.34345462350122025 0.5587033027229013 0.4110957398526842 0.5817043087305579 0.4179052482102142 0.590178363575484 0.41972111710555543 0.5968365495250688 0.4006544937044717 0.6125740799513603 0.39429895257077713 0.6159031729261526 0.35208000075409146 0.6156005281102624 0.3096340653254882 0.6098502766083482 0.3060023275348056 0.605310604369995 0.3087261308778176 0.5638482645930349
73 0.7504429577134836 0.5410845562278089 0.7549826299518368 0.5465871892439947 0.7584905584996552 0.5644707465465986 0.7619984870474736 0.5969362813420949 0.7617921383093667 0.6126187854382243 0.75952230219019 0.6164706285495544 0.728569991474145 0.6203224716608845 0.6906018236624629 0.6230737881689774 0.6716177397566218 0.6192219450576473 0.6567606306129202 0.6079415473744665 0.6524273071126738 0.5936347015323834 0.6586177692558829 0.5870315419129604 0.6963795883294579 0.5765765391822074 0.7244430167120055 0.5669469314038822 0.7415699619748838 0.5581427185779849 0.7494112140229486 0.5504390323553248
