0 0.6423444976076554 0.7866028708133971 0.6732057416267943 0.8583732057416268 0.6983253588516746 0.9645933014354067 0.7098086124401913 0.9598086124401913 0.767224880382775 0.8947368421052632 0.8174641148325358 0.782775119617225 0.8260765550239235 0.755023923444976 0.7973684210526315 0.7435406698564593 0.7815789473684209 0.7722488038277511 0.7679426091726068 0.7866028708133971 0.7657894940366503 0.7569377990430622 0.7521531100478468 0.7387559808612439 0.7241626794258373 0.75311004784689 0.7055023923444975 0.7502392344497608 0.6947368421052631 0.7693779904306219
74 0.6961715873495338 0.8593301435406698 0.6954538840002517 0.8870813397129187 0.7019630885992568 0.9096374417404488 0.7133964677323089 0.890909090909091 0.7218523111895304 0.888091647911163 0.7148318744308736 0.8641148325358853 0.702431888567158 0.8473173932132757
74 0.7535879112613272 0.8755980861244019 0.7442577677206573 0.8918660287081339 0.7686596815962554 0.8822966507177032 0.7697368426140743 0.8722490460217833
74 0.7148318031973343 0.7779904306220097 0.7098078797523582 0.7923444976076556 0.7392337170729324 0.785645933014354 0.7503978077208199 0.7731055593998895
74 0.661003741626455 0.8421052631578948 0.6782286779784397 0.8784688995215312 0.6803817778500665 0.8641148325358853 0.661270716943265 0.8309961744435514
4 0.36889952153110045 0.8363636363636363 0.3713667619759298 0.774682625242903 0.37177033492822964 0.7645933014354067 0.3753588516746411 0.7358851674641148 0.3767942583732056 0.7062200956937797 0.377511961722488 0.600956937799043 0.38253588516746406 0.5263157894736842 0.38253588516746406 0.3435406698564593 0.34449753642196307 0.3406698564593302 0.28564593301435404 0.34736842105263155 0.2476076555023923 0.3712918660287081 0.1944976076555024 0.4382775119617225 0.17081339712918658 0.47081339712918663 0.169377990430622 0.5119617224880383 0.14928229665071768 0.5263157894736842 0.13636363636363635 0.5779904306220096 0.14282296650717702 0.6784688995215311 0.15071770334928228 0.7272727272727273 0.15789473684210525 0.7406698564593301 0.3337320574162679 0.8229665071770335
6 0.057416267942583726 0.523444976076555 0.12129186602870812 0.5186602870813397 0.12488038277511962 0.5138755980861244 0.11913875598086122 0.49569377990430624 0.12200956937799042 0.48229665071770333 0.06746411483253588 0.5043062200956938
7 0.7995215311004784 0.538755980861244 0.7909090552923214 0.6602870813397129 0.7973684210526315 0.7397129186602871 0.8440191387559808 0.7598086124401914 0.8669856459330143 0.7626794258373206 0.8834928229665071 0.7406698564593301 0.8906698564593301 0.6976076555023922 0.9028708133971289 0.5827751196172248 0.9028708133971289 0.5014354066985646 0.8942583732057414 0.4593301435406698 0.8605263157894736 0.45167464114832534 0.8239234449760765 0.45645933014354073 0.8066985645933014 0.507177033492823
7 0.4636363636363636 0.999043062200957 0.43995215311004787 0.9272727272727272 0.43421052631578944 0.8736842105263158 0.44425837320574163 0.830622009569378 0.4794258373205741 0.7789473684210526 0.508133971291866 0.7636363636363638 0.5483253588516745 0.7483253588516746 0.5741626794258372 0.755980861244019 0.612200956937799 0.7961722488038278 0.6351674641148325 0.8392344497607656 0.6423444976076554 0.8602870813397129 0.6480861244019138 0.9272727272727272 0.6459330143540669 0.9923444976076555 0.6452153110047846 0.9980861244019139
7 0.1672248803827751 0.7626794258373206 0.16435406698564592 0.783732057416268 0.11411483253588516 0.8086124401913876 0.09043062200956936 0.7923444976076555 0.06818181818181818 0.7626794258373206 0.057416267942583726 0.7358851674641148 0.07248803827751195 0.7224880382775118 0.07751196172248803 0.7062200956937797 0.07177046721908842 0.662200956937799 0.05023923444976076 0.6392344497607656 0.06100478468899521 0.6162679425837321 0.09545454545454544 0.6019138755980862 0.10765550239234449 0.6287081339712919 0.12200956937799042 0.6736842105263158 0.13133971291866028 0.7406698564593301 0.13851674641148323 0.7741626794258373
8 0.40263157894736845 0.8555023923444977 0.37177033492822964 0.8373205741626795 0.37392335847820735 0.7425837320574163 0.37966507177033487 0.6746411483253588 0.3839712918660287 0.5339712918660288 0.38325356307619657 0.34545454545454546 0.43133971291866025 0.34258373205741627 0.4277511961722487 0.3531100478468899 0.48732053854590973 0.5339712918660288 0.5016746411483253 0.538755980861244 0.5555023923444975 0.5454545454545454 0.6466507177033491 0.5569377990430622 0.6531100478468899 0.6363636363636364 0.6631578947368421 0.6746411483253588 0.6961722488038277 0.7397129186602871 0.7033492822966507 0.7511961722488039 0.6925837320574162 0.7674641148325358 0.6416267942583731 0.783732057416268 0.5842105263157894 0.7215311004784689 0.5389952153110047 0.7014354066985646 0.4952153110047846 0.6909090909090909 0.46220095693779906 0.69377990430622 0.4220095693779904 0.7263157894736842 0.41124401913875597 0.7645933014354067 0.40550239234449764 0.8114832535885167
10 0.15358851674641147 0.7387559808612439 0.14928229665071768 0.7368421052631579 0.13277511961722488 0.6775119617224881 0.1255980861244019 0.6382775119617224 0.10047846889952151 0.5856459330143541 0.08612440191387559 0.5645933014354066 0.058851689905478184 0.5569377990430622 0.039473684210526314 0.5626794258373206 0.04880382775119616 0.5454545454545454 0.05598086124401913 0.5253588516746411 0.12272727272727271 0.5205741626794258 0.1284688995215311 0.5196172248803828 0.13564593301435404 0.5263157894736842 0.15000002544054974 0.5253588516746411 0.1392344548488755 0.554066985645933 0.13564593301435404 0.5732057416267943 0.13851674641148323 0.6602870813397129 0.1471293239818395 0.7138755980861246
12 0.648803827751196 0.5578947368421052 0.704066985645933 0.5569377990430622 0.7377990430622009 0.5502392344497608 0.6717703349282296 0.3559808612440191 0.7004784688995216 0.3397129186602871 0.7241626794258373 0.3368421052631579 0.7535885167464113 0.32918660287081347 0.7708133971291865 0.33014354066985646 0.7607655502392343 0.3138755980861244 0.7428229665071769 0.30813397129186604 0.7320574162679425 0.3062200956937799 0.7062200956937797 0.2909090909090909 0.6717703349282296 0.291866028708134 0.6308612440191387 0.291866028708134 0.5275119617224879 0.2966507177033493 0.4952153110047846 0.3014354066985646 0.36602870813397126 0.3033492822966507 0.3186602870813397 0.31100478468899523 0.28779904306220094 0.32344497607655504 0.2784688995215311 0.33492822966507174 0.19449782135612037 0.4143540669856459 0.16291866537519126 0.4641148325358851 0.17224887506129047 0.4708133971291867 0.18229665071770332 0.4478468899521531 0.26626769326634436 0.3531100478468899 0.2949760765550239 0.3435406698564593 0.38325377168870456 0.3397129186602871 0.43421052631578944 0.3397129186602871 0.5045454545454545 0.34449760765550236 0.5799043062200956 0.36076555023923446 0.5956937799043062 0.3655502392344497 0.6287081339712918 0.4688995215311004 0.6430622009569378 0.5339712918660288
13 0.79377990430622 0.7406698564593301 0.7758373205741625 0.7741626794258373 0.7686602870813395 0.7894736842105263 0.7665071668572729 0.7598086124401914 0.7535885167464113 0.7320574162679426 0.7485645933014353 0.6392344497607656 0.7471291866028708 0.5913875598086125 0.7428229665071769 0.5636363636363636 0.7363636363636362 0.5550239234449761 0.7535885167464113 0.5349282296650718 0.8145933014354066 0.4755980861244019 0.7995215311004784 0.5349282296650718 0.7930622009569377 0.5923444976076555 0.7894736842105261 0.6574162679425838 0.7923444976076555 0.7033492822966507
15 0.7399521531100478 0.5454545454545454 0.8167464114832534 0.4717703349282296 0.8296650717703349 0.45167464114832534 0.8102870813397128 0.4019138755980861 0.7722488038277511 0.33301435406698565 0.7485645678608855 0.3330143540669856 0.705502336375288 0.3397129186602871 0.6732056246002653 0.3559808612440192 0.72559827947258 0.5043062200956938 0.7349284891586794 0.539712918660287
20 0.13564593301435404 0.47655502392344495 0.13636363636363635 0.5148325358851674 0.14066985645933014 0.523444976076555 0.13205746206093213 0.5244019138755981 0.11770329840119714 0.49856459330143543 0.12416266416150744 0.47846889952153115 0.15717723701722103 0.4583732057416268 0.16363638907691336 0.46602870813397135
28 0.4880391628430933 0.9282296650717703 0.48014442600098806 0.939712918660287 0.48732145949381106 0.939712918660287
17 0.5483280453737293 0.9349282296650717 0.5433041219287531 0.9464114832535886 0.5540696721679876 0.9444976076555024
17 0.5332559901046438 0.9090909090909092 0.5289497700089499 0.9234449760765551 0.5368445068510552 0.921531100478469
17 0.5447396863587263 0.9540669856459332 0.536844949516621 0.9712918660287082 0.548328187840808 0.9674641148325359
17 0.09688936702046556 0.7157894736842105 0.09617166367118324 0.724401913875598 0.10334869716400624 0.7253588516746412
17 0.5167478158016005 0.9167464114832536 0.5145947057537534 0.9301435406698565 0.5217717392465765 0.9301435406698565
17 0.5203365106318601 0.9464114832535886 0.5174656972347309 0.9598086124401913 0.5253604340768362 0.9598086124401913 0.5275135441246831 0.9511961722488037
17 0.09688919402472716 0.6985645933014354 0.09401838062759797 0.7071770334928229 0.10119541412042096 0.7071770334928229
17 0.08684131660611531 0.6880382775119617 0.08684131660611531 0.6966507177033493 0.09258294340037367 0.6966507177033493
17 0.08540605746273933 0.7023923444976077 0.08540605746273933 0.7119617224880382 0.09258309095556229 0.7081339712918662
17 0.08971234370386248 0.7148325358851675 0.08684153030673329 0.724401913875598 0.09473626714883857 0.724401913875598
16 0.6983253588516746 0.2516746411483254 0.6667464114832535 0.28708133971291866 0.6653110861944481 0.31004784688995213 0.6475979614838995 0.3048239202741847 0.6603782480841616 0.2856814533412512 0.6982600484743163 0.24197545036435625
29 0.12488008257663247 0.5636363636363637 0.11770304908380946 0.570334928229665 0.12272697252878555 0.5751196172248804 0.13277481941873773 0.5760765550239235 0.13277481941873773 0.5655502392344498
36 0.7686601089974913 0.8564593301435407 0.7708132190453381 0.8727272727272728 0.7815787336678028 0.8555023923444978 0.7815787489321326 0.8401913875598087
35 0.31937844836051765 0.5712918660287081 0.31866074501123537 0.5856459330143541 0.3645938763918313 0.5942583732057415 0.36890011175185483 0.5799043062200957 0.3437804436458749 0.5760765550239233
40 0.13779893112378197 0.47846889952153115 0.13564584651648484 0.5043062200956938 0.14210506980971652 0.5253588516746411 0.1598275803689901 0.5238011165757661 0.16937781743488362 0.5138755980861244 0.17093653175723747 0.4734055516366812 0.16507159225107984 0.4641148325358852
46 0.49449900688573917 0.8555023923444974 0.473984060822897 0.8696614453302522 0.4693793896608588 0.8995215311004785 0.47296772323531205 0.9502392344497607 0.4949369477339144 0.9991063648231981 0.5951485616582131 1.0 0.5957801292833511 0.9763877606093007 0.5887257753272789 0.9350188171926073 0.5662693418139688 0.892822966507177 0.5301667280129178 0.8524132463400841
46 0.07392303283917043 0.7148325358851675 0.07176992279132355 0.7416267942583733 0.09186561657122785 0.767464114832536 0.10925192988591466 0.7729543507567749 0.12272684532603675 0.7406698564593303 0.11247925914699504 0.6948554568610682 0.09976024656302411 0.6717703349282299 0.08267558575733254 0.6510278225353694 0.06529079219502643 0.6554921416015148 0.07535853356346589 0.6765547230495345
55 0.682535885167464 0.9665071770334929 0.6947368421052631 0.9655502392344498 0.6732057416267943 0.8708133971291866 0.6559808612440192 0.8210526315789474 0.6301434999649768 0.7674641148325358 0.5842103380557211 0.7167464114832537 0.5081334115997713 0.6918660287081339 0.4614832739409566 0.6928229665071771 0.42200939129414194 0.723444976076555 0.4098085208542122 0.7885167464114832 0.4040669296767235 0.8602870813397129 0.42344497607655496 0.8679425837320575 0.4299043062200956 0.8641148325358852 0.4263157894736842 0.8344497607655502 0.4270334928229665 0.7923444976076555 0.4370813397129186 0.7636363636363638 0.4543062200956937 0.7358851674641148 0.48516746411483247 0.7253588516746412 0.5239234449760765 0.7311004784688994 0.573444976076555 0.7502392344497608 0.6021531100478468 0.7770334928229665 0.6157894736842104 0.7971291866028707 0.6380382775119616 0.8401913875598086 0.6452153110047846 0.8641148325358852 0.6631578947368421 0.8736842105263158 0.6696172248803827 0.8928229665071771 0.6767942583732056 0.9454545454545454
57 0.14712919169098074 0.7397129186602871 0.12272724728672296 0.6746411483253587 0.10334962828812745 0.6076555023923444 0.08181818690629175 0.5837320574162679 0.05885167972925826 0.5770334928229665 0.057416273030693674 0.5990430622009569 0.05526316298284678 0.6229665071770336 0.04952153618858841 0.6363636363636364 0.03660287590150707 0.6325358851674641 0.03301435915509559 0.598086124401914 0.03588517255222478 0.5741626794258373 0.041626784082153284 0.5607655502392346 0.06459339810949577 0.5569377990430623 0.08756005792982784 0.5684210526315789 0.11052677371936934 0.5990430622009569 0.12631637460632866 0.6488038277511962 0.14856438468892735 0.724401913875598
35 0.7858844551287214 0.583732057416268 0.7696649343913663 0.5978943569298959 0.7535878094991282 0.6086124401913877 0.7571763211574296 0.6258373205741626 0.7719907123938974 0.6176984115581187 0.7909083683974775 0.5971291866028708
72 0.7499999999999999 0.7339712918660287 0.7255980861244018 0.7502392344497608 0.7033492822966507 0.7444976076555023 0.6739234449760765 0.6813397129186601 0.6610047846889952 0.6555023923444976 0.6502392344497607 0.5684210526315789 0.6574162679425837 0.5636363636363636 0.7076555023923444 0.5645933014354066 0.728468899521531 0.5578947368421052 0.7363636363636362 0.5588516746411484 0.7435406698564593 0.5875598086124402 0.7471291866028708 0.6784688995215311
68 0.22894759738600043 0.40095693779904307 0.19306230271913677 0.45167464114832534 0.18730867321176534 0.5098751805729085 0.24832561325717217 0.5110047846889952 0.36602924238551615 0.5196172248803828 0.36674693047046875 0.35789473684210527 0.28558603125586535 0.36138243651659385 0.2541632931554418 0.3764095246587454
65 0.48803827751196166 0.5291866028708134 0.507533397170893 0.5402665574596747 0.6380382775119616 0.5521531100478468 0.6452153110047846 0.55311004784689 0.616482504621098 0.42151591709556135 0.5942583732057416 0.3684210526315789 0.5533492161512213 0.34928229665071775 0.48803809942811344 0.34449760765550236 0.4334924667988105 0.3416267942583733 0.427033335091558 0.3502392344497608 0.44712921204342054 0.41435406698564586 0.47153105977358933 0.49282296650717705 0.4808611931380392 0.5148325358851674
