0 0.5138755980861244 0.7014354066985646 0.5167464114832535 0.7119617224880382 0.5425837320574162 0.7291866028708134 0.5526315789473684 0.7741626794258373 0.5727272727272726 0.8449760765550239 0.5978468899521531 0.8507177033492823 0.6559808612440192 0.8105263157894737 0.7112440191387559 0.7607655502392344 0.7880382775119616 0.6746411483253588 0.8490430622009568 0.5952153110047846 0.854066985645933 0.5789473684210527 0.8289473684210527 0.5626794258373206 0.8095693779904305 0.5502392344497608 0.7112440191387559 0.6488038277511962 0.7090909090909091 0.6669856459330145 0.7079509931085134 0.5948906076065247 0.6889954951570522 0.5349282296650717 0.6337324390245143 0.5665071770334928 0.6092094164822205 0.5560058739317614 0.5857229628619397 0.5890681623521087 0.5061218308400335 0.6007881488565202 0.5487170837125742 0.7066387867112115 0.5389952153110047 0.7052631578947368
74 0.6143540669856459 0.6019138755980862 0.6129186602870813 0.6124401913875598 0.6093301435406698 0.6210526315789474 0.6200956937799043 0.6191387559808612
74 0.6459330143540669 0.6019138755980862 0.6459330143540669 0.6114832535885167 0.6552631578947367 0.6114832535885167 0.6681818181818181 0.6019138755980862
74 0.5892335898701835 0.6966507177033493 0.5770326329323846 0.7397129186602872 0.5892335135485343 0.7741626794258374 0.6186594271907578 0.7492822966507177 0.6165063171429108 0.7224880382775121
74 0.5303827751196172 0.6631578947368421 0.5454545454545454 0.6966507177033493 0.5576554311588051 0.7349282296650718 0.5547846635546655 0.7052631578947367 0.537559722114571 0.661244019138756
74 0.6602865165595082 0.7473684210526317 0.6581334065116613 0.7636363636363638 0.6703808276408432 0.7695592191883471 0.7090904715134532 0.7406698564593303 0.6718031678956179 0.7557229716452956
4 0.26267942583732057 0.614354066985646 0.2504784688995215 0.5760765550239234 0.24832535885167462 0.5339712918660288 0.24330143540669855 0.5014354066985646 0.24401913875598083 0.4574162679425837 0.2289473684210526 0.28995215311004785 0.23899521531100476 0.22296650717703348 0.23612440191387557 0.0 0.13205741626794257 0.0 0.09401913875598085 0.07464114832535886 0.05669856459330143 0.17607655502392344 0.05669856459330143 0.21052631578947367 0.0416267942583732 0.2535885167464115 0.0423444976076555 0.2851674641148325 0.06818181818181818 0.4095693779904306 0.06818181818181818 0.430622009569378 0.08899521531100478 0.47655502392344495
7 0.8045454545454543 0.40574162679425835 0.7937797567510316 0.5177033492822967 0.8074162679425837 0.5444976076555024 0.8705741626794257 0.583732057416268 0.8863636363636362 0.5875598086124402 0.9043062200956937 0.5923444976076555 0.9258373205741626 0.5827751196172248 0.9574162679425836 0.5349282296650718 0.9997607655502391 0.3990430622009569 1.0004784688995214 0.11674641148325358 0.958133971291866 0.11196172248803828 0.9330143540669854 0.10909090909090909 0.8899521531100477 0.12248803827751197 0.8655502392344496 0.1569377990430622 0.8296650717703349 0.2516746411483254 0.8074162679425837 0.35119617224880384
7 0.4169856459330143 0.5358851674641149 0.3344497607655502 0.5856459330143541 0.3165071770334928 0.6344497607655503 0.319377990430622 0.6822966507177034 0.32583732057416265 0.7416267942583733 0.36315789473684207 0.8401913875598086 0.4004784688995215 0.8995215311004785 0.45502392344497605 0.9521531100478469 0.4693779904306219 0.9636363636363636 0.4959329176799778 0.9607655502392345 0.5375600121368381 0.9311004784688995 0.5533492822966507 0.9014354066985646 0.5354066985645932 0.9071770334928231 0.5246411483253588 0.8985645933014355 0.5224880382775119 0.8392344497607656 0.5066985645933014 0.7100478468899522 0.513157894736842 0.6976076555023922 0.4758373205741626 0.6028708133971292 0.4377990430622009 0.55311004784689
8 0.5066985645933014 0.5971291866028708 0.584738774851029 0.5885889681321659 0.6071770334928229 0.5588516746411484 0.5411480098960346 0.4105263157894737 0.5354066985645932 0.3923444976076555 0.5368421052631578 0.2507177033492823 0.353827761372392 0.22870813397129186 0.2949760765550239 0.0019138755980861245 0.23899521531100476 0.0 0.24043062200956936 0.2296650717703349 0.22894724121830382 0.29377990430622014 0.2461721724821784 0.46411483253588515 0.24904302658418723 0.5712918660287082 0.26267939022055087 0.615311004784689 0.28062200956937794 0.6296650717703349 0.27918660287081337 0.5291866028708134 0.28421052631578947 0.48133971291866035 0.3078947368421052 0.44688995215311 0.35167464114832536 0.45263157894736844 0.45143540669856447 0.509090909090909 0.48803827751196166 0.5626794258373206
12 0.5382775119617225 0.24401913875598086 0.6215311004784688 0.2555023923444976 0.6782296650717703 0.24401913875598086 0.6351674641148325 0.0 0.508133971291866 0.0028708133971291866
10 0.08540669856459329 0.47655502392344495 0.053827751196172245 0.3923444976076555 0.02440191387559808 0.3043062200956938 0.005741626794258372 0.2727272727272727 0.0 0.2602870813397129 0.0007177033492822965 0.23349282296650717 0.002870813397129186 0.2220095693779904 0.01866028708133971 0.21913875598086124 0.02942583732057416 0.21818181818181817 0.055263188423396545 0.21148325358851675 0.047368421052631574 0.2296650717703349 0.0423444976076555 0.2966507177033493 0.057416298471243445 0.3578947368421053 0.06818200135377646 0.4105263157894738
12 0.053827751196172245 0.16172248803827752 0.05669856459330143 0.17224880382775118 0.09043062200956936 0.08038277511961722 0.12918660287081338 0.0 0.11913875598086122 0.0019138755980861245 0.09976076555023923 0.041148325358851684 0.06531100478468899 0.12822966507177033
13 0.7126794003967709 0.647846889952153 0.8066985645933014 0.5492822966507177 0.7923444976076555 0.5004784688995215 0.7894736842105261 0.4143540669856459 0.805980861244019 0.31483253588516746 0.820334928229665 0.24688995215311002 0.839712918660287 0.21818181818181817 0.8547846889952152 0.17607655502392344 0.7076555023923444 0.23349282296650717 0.6803827751196172 0.2430622009569378 0.6918660287081339 0.2679425837320574 0.6947368421052631 0.3416267942583733 0.6954545454545453 0.5062200956937799 0.689712918660287 0.5377990430622009 0.7090909090909091 0.5971291866028708
15 0.6811004784688994 0.23923444976076558 0.8562200956937798 0.17416267942583732 0.864114832535885 0.1521531100478469 0.8885167464114833 0.11961722488038279 0.9215311004784688 0.10909090909090909 0.8820574162679425 0.0 0.6373205741626794 0.0 0.6746411483253588 0.20861244019138755
12 0.9358851674641148 0.10430622009569378 0.9136363636363636 0.03732057416267943 0.8956937799043061 0.0019138755980861245 0.8856459330143539 0.0028708133971291866 0.8999999999999999 0.043062200956937795 0.9179425837320572 0.09282296650717703 0.9251196172248802 0.10813397129186603
17 0.39617332239502756 0.736842105263158 0.3918671022993338 0.7531100478468901 0.40119724584000366 0.7492822966507177
17 0.4105272723541446 0.7301435406698564 0.4076564589570154 0.7435406698564593 0.4169866024976853 0.7473684210526317
17 0.4277521374725899 0.7626794258373206 0.42703443412330766 0.7770334928229664 0.4363645776639775 0.7770334928229664
17 0.42416382425057647 0.7894736842105261 0.4220107142027295 0.8047846889952153 0.430623154394117 0.8038277511961722
17 0.4076566726576334 0.7722488038277511 0.40119734251409267 0.7856459330143539 0.4098097827054803 0.7866028708133971
17 0.04019109753754133 0.4191387559808612 0.03803798748969446 0.4363636363636364 0.05095664777677578 0.4325358851674641
17 0.05095666812921561 0.4449760765550239 0.047368151382804126 0.4564593301435406 0.05598059157419168 0.4555023923444976
7 0.12057416267942582 0.5043062200956938 0.13851674641148323 0.5263157894736842 0.07751196172248803 0.5454545454545454 0.05956937799043061 0.5330143540669856 0.02727272727272727 0.4631578947368421 0.009330143540669855 0.3990430622009569 0.002870813397129186 0.35119617224880384 0.009330143540669855 0.33301435406698565 0.021531100478468897 0.32344497607655504 0.03660287081339712 0.3665071770334929 0.05023923444976076 0.4038277511961723 0.05669856459330143 0.4354066985645933 0.07894736842105263 0.507177033492823 0.08684210526315789 0.5119617224880383
28 0.3760772724474266 0.7425837320574162 0.36244090881106295 0.755980861244019 0.3782303824952734 0.75311004784689
29 0.031578306266567095 0.2708133971291866 0.027272086170873316 0.27942583732057413 0.03373141631441399 0.28421052631578947 0.042343856505801566 0.2832535885167465 0.042343856505801566 0.2708133971291866
35 0.18444971497256066 0.276555023923445 0.17454304155612452 0.2795826852804191 0.17368417490954605 0.2937799043062202 0.19090906546854114 0.30334928229665076 0.210933332584524 0.30790428510662926 0.22320569583380467 0.3014354066985646 0.22177035528066946 0.2870813397129186
35 0.7162670012833907 0.3425837320574162 0.7155493793438678 0.3588516746411483 0.720573251907744 0.3665071770334928 0.7471155507429846 0.3611805401044023 0.7808605316837454 0.3435406698564592 0.7844490687825966 0.3100478468899521 0.7507170062782187 0.3311004784688995
46 0.4342080891111223 0.7110047846889951 0.46391913850689226 0.7761156822724015 0.47368205825580595 0.8382775119617224 0.47116654294718474 0.8799090760356804 0.4447812934240462 0.8884398139569655 0.4139022702682125 0.8731742883802656 0.39360148211167956 0.843719723783787 0.3674616776278687 0.7904306220095694 0.3516722039436581 0.7387559808612439 0.3492976561048861 0.6782104239194033 0.3659361454196779 0.6578423325310038 0.3955664181060958 0.6620900038542827
46 0.055980678072060856 0.43732057416267944 0.0647175658637944 0.5006310588618369 0.05813380338423759 0.5062200956937799 0.044261688443392073 0.4835150868677522 0.026554876368256364 0.4449760765550239 0.0222486868012223 0.4133971291866029 0.017312696601778567 0.3917412828420026 0.023839260667942043 0.37253319642508664 0.037320365550171396 0.39234449760765544
57 0.07751196172248803 0.4688995215311004 0.0832535986929663 0.47081339712918663 0.057416298471243445 0.40765550239234455 0.026554835663376755 0.30909090909090914 0.0 0.2631578947368421 0.0007177033492822965 0.291866028708134 0.017942583732057413 0.3138755980861244 0.05311023101884823 0.4133971291866029 0.07392321092301872 0.4574162679425837
55 0.5138755980861244 0.69377990430622 0.5447368421052631 0.7033492822966507 0.5052631578947367 0.6 0.45143540669856447 0.5119617224880383 0.41116602462085267 0.4806003877385785 0.35382796489679014 0.44976076555023925 0.3100477044228735 0.44880382775119615 0.2820572330959843 0.48133971291866035 0.2820573094176336 0.5665071770334928 0.27990423498655626 0.630622009569378 0.3057416267942583 0.6574162679425838 0.3143540669856459 0.6507177033492824 0.29999998982378007 0.584688995215311 0.3007177033492823 0.5578947368421052 0.3057416267942583 0.5148325358851674 0.3222488038277512 0.5004784688995215 0.3308612440191388 0.49282296650717705 0.3811004784688995 0.509090909090909 0.4083732057416267 0.5244019138755981 0.4370813397129186 0.5492822966507177 0.4765550239234449 0.600956937799043 0.500956937799043 0.6574162679425838
40 0.049521531100478466 0.2095693779904306 0.053110047846889955 0.18851674641148325 0.05023923444976076 0.15598086124401914 0.043062200956937795 0.13875598086124402 0.022248803827751195 0.13779904306220095 -0.0007177033492822965 0.14545454545454545 0.00215311004784689 0.18947368421052635 0.0007177033492822965 0.21435406698564596 0.01866028708133971 0.21435406698564596 0.03803827751196172 0.21244019138755982
72 0.6889952153110047 0.5330143540669856 0.6911483253588515 0.4133971291866029 0.6911483253588515 0.2698564593301435 0.6782296650717703 0.24688995215311002 0.6337320574162679 0.2574162679425837 0.5418660287081339 0.2507177033492823 0.5404306220095694 0.2985645933014354 0.5418660287081339 0.4 0.566267942583732 0.4631578947368421 0.5978468899521531 0.5291866028708134 0.6165071770334928 0.5550239234449761 0.6344497607655502 0.5588516746411484
65 0.534688995215311 0.24688995215311002 0.5045454545454545 0.0028708133971291866 0.2978468899521531 0.0019138755980861245 0.35454545454545455 0.2220095693779904
68 0.2267945891003526 0.0 0.2196175047264301 0.20478468899521537 0.0825359716653333 0.19904306220095705 0.08612448332363482 0.12344497607655498 0.1220743529249612 0.03346089216997383 0.13631079933812654 0.0
36 0.7198564491539235 0.7148325358851675 0.7169856154043547 0.736842105263158 0.7406698462831102 0.7148325358851675 0.7399521429338278 0.6976076555023922
