10 0.520706 0.534432 0.255838 0.333144
4 0.721181 0.468783 0.176120 0.455774
8 0.911455 0.451688 0.092893 0.304280
7 0.543971 0.719657 0.185342 0.280940
2 0.845420 0.436533 0.151058 0.386745
1 0.291034 0.681622 0.460489 0.248645
7 0.900273 0.588188 0.083443 0.182501
0 0.952694 0.515373 0.022585 0.124510
6 0.334820 0.456414 0.482188 0.151859
65 0.872954 0.322163 0.051428 0.094925
49 0.623009 0.382748 0.031833 0.071907
59 0.137972 0.644751 0.110431 0.094695
70 0.352486 0.548641 0.206681 0.110056
26 0.764763 0.388724 0.062803 0.017325
12 0.592691 0.299214 0.573639 0.155754
35 0.792015 0.441692 0.027013 0.016556
14 0.487646 0.314259 0.375128 0.143558
35 0.894401 0.419182 0.020042 0.013942
40 0.686761 0.366631 0.104320 0.099180
64 0.824080 0.314212 0.096224 0.126664
68 0.720126 0.319421 0.124555 0.142395
53 0.781135 0.311272 0.038197 0.139262
55 0.926310 0.514916 0.036361 0.083321
57 0.579975 0.610057 0.106727 0.127867
72 0.959614 0.425084 0.007474 0.060444
46 0.540085 0.725063 0.135662 0.200429
71 0.087890 0.532276 0.017530 0.055331
63 0.183313 0.560812 0.200773 0.106986
61 0.335207 0.725815 0.152369 0.092922
60 0.167511 0.702973 0.201437 0.136614
62 0.068057 0.667053 0.011838 0.072445
51 0.760671 0.661650 0.250114 0.127519
20 0.697988 0.365870 0.081865 0.040136
29 0.631167 0.474803 0.018484 0.019186
24 0.843558 0.375142 0.097563 0.021121
39 0.149249 0.563255 0.026747 0.057446
19 0.917966 0.589594 0.005725 0.015697
32 0.340565 0.714122 0.098604 0.037683
19 0.537764 0.725596 0.019139 0.024854
46 0.919271 0.589072 0.035750 0.125816
16 0.749725 0.218316 0.009629 0.019963
18 0.064651 0.614683 0.005267 0.020006
23 0.443635 0.377490 0.088515 0.013282
