3 0.258291 0.422472 0.071948 0.271931
5 0.315363 0.455395 0.098266 0.337534
17 0.408502 0.640551 0.002992 0.007160
46 0.224584 0.524337 0.019478 0.081940
11 0.431844 0.511396 0.158261 0.233225
27 0.283758 0.391995 0.017040 0.013589
9 0.232339 0.439770 0.054071 0.211799
7 0.424673 0.653090 0.097173 0.206978
7 0.236095 0.522325 0.049965 0.120957
69 0.317407 0.346392 0.065266 0.108755
0 0.205745 0.456222 0.003645 0.032910
35 0.235200 0.402048 0.009721 0.010162
56 0.214301 0.459454 0.016517 0.028706
54 0.286278 0.337833 0.023619 0.103084
45 0.371570 0.637724 0.021447 0.096622
70 0.772200 0.499287 0.017088 0.064443
1 0.604717 0.627857 0.366637 0.212880
59 0.716100 0.607352 0.105283 0.088678
63 0.685550 0.533002 0.170087 0.087858
67 0.244052 0.331797 0.024906 0.070181
17 0.403360 0.650084 0.003677 0.008742
21 0.317865 0.398442 0.052807 0.031931
50 0.368204 0.406829 0.016445 0.048275
66 0.267198 0.337619 0.049391 0.093808
58 0.388942 0.563946 0.045120 0.060364
17 0.406819 0.669691 0.003615 0.007160
6 0.581280 0.457595 0.369253 0.157645
14 0.487324 0.348042 0.283212 0.123229
12 0.426191 0.335246 0.392850 0.134210
16 0.331051 0.256096 0.009514 0.027912
22 0.530418 0.392238 0.071507 0.019002
35 0.274717 0.435499 0.014581 0.014961
41 0.326861 0.392230 0.070899 0.075228
43 0.208959 0.502041 0.008357 0.057870
46 0.409375 0.658710 0.048315 0.135360
31 0.467674 0.398018 0.059314 0.008483
18 0.617914 0.640175 0.015622 0.019511
30 0.445066 0.401068 0.096909 0.012894
71 0.543594 0.547776 0.154113 0.088753
60 0.696249 0.651536 0.177174 0.123995
52 0.302421 0.589048 0.123700 0.110871
62 0.568673 0.680113 0.147347 0.070769
25 0.255147 0.377249 0.039293 0.025564
17 0.413177 0.673604 0.002369 0.008659
19 0.409593 0.657785 0.007168 0.020315
23 0.576142 0.386735 0.061854 0.007974
39 0.706377 0.535385 0.025402 0.044451
