5 0.240343 0.679722 0.119037 0.270185
11 0.379930 0.726064 0.194614 0.185476
3 0.169927 0.649896 0.098640 0.210769
7 0.135711 0.715284 0.051309 0.088525
7 0.375979 0.847632 0.104442 0.167955
0 0.105707 0.654500 0.010808 0.045856
9 0.129378 0.650546 0.053948 0.162654
12 0.412525 0.578135 0.533096 0.121536
14 0.477686 0.587526 0.389817 0.112492
6 0.591999 0.675767 0.505194 0.149704
1 0.635254 0.816342 0.543049 0.213775
41 0.252150 0.627801 0.093972 0.062561
56 0.114439 0.667029 0.017389 0.019382
45 0.312352 0.822107 0.037714 0.073309
35 0.192023 0.659129 0.018629 0.008525
35 0.132776 0.631449 0.013013 0.009034
40 0.650782 0.582082 0.034064 0.015687
50 0.304837 0.641482 0.018387 0.038965
54 0.208982 0.583879 0.030767 0.077683
69 0.243845 0.593937 0.079812 0.091311
67 0.151859 0.581150 0.027375 0.041144
66 0.184639 0.583396 0.061213 0.071891
52 0.221394 0.779270 0.154025 0.104576
58 0.325276 0.769376 0.052049 0.043441
43 0.108799 0.701124 0.011279 0.049161
46 0.125600 0.718439 0.022558 0.067216
46 0.348771 0.851504 0.036775 0.120626
21 0.241046 0.632688 0.072706 0.023669
33 0.536225 0.868066 0.106342 0.022723
70 0.854520 0.698263 0.030331 0.060651
63 0.730856 0.748434 0.267115 0.096984
71 0.523975 0.761765 0.207965 0.068969
59 0.780032 0.808010 0.163015 0.087279
60 0.759355 0.840255 0.265595 0.121615
61 0.891965 0.796407 0.011812 0.046452
62 0.548577 0.875925 0.179850 0.058246
30 0.407154 0.637201 0.133474 0.012588
47 0.108675 0.614951 0.007405 0.020448
20 0.651098 0.581411 0.032398 0.012675
27 0.203695 0.625610 0.017725 0.007746
25 0.167131 0.611923 0.057283 0.026142
29 0.293709 0.697403 0.014304 0.011714
16 0.282348 0.513668 0.013272 0.022508
18 0.630939 0.835684 0.025576 0.018429
22 0.543223 0.621535 0.132274 0.017830
39 0.759217 0.749515 0.040361 0.037312
23 0.589768 0.613035 0.087541 0.005014
31 0.461902 0.630457 0.125480 0.007192
