5.0 0.847763790047849 0.658369173596199 0.19698331817019835 0.2967758795996695
11.0 0.7117290113270115 0.7273012146781812 0.2550493107859418 0.22081035733010848
3.0 0.9147018570151717 0.616942569911613 0.15979988996377936 0.2323868126809155
7.0 0.9646560697572397 0.6792309529346 0.07068786048552048 0.09909931956558972
7.0 0.7477076844348812 0.8521328140745065 0.15476372313051368 0.18909070066455558
0.0 0.9840658777875111 0.6119769727916283 0.023460666351986757 0.048947646618545
9.0 0.9540079493231377 0.6114785756297577 0.09198410135372459 0.17598215115848126
12.0 0.6384564908537307 0.5796049173424418 0.5975811482393467 0.20604839718344534
14.0 0.5717528601671089 0.5991523582872122 0.4431465339584124 0.17504040336280563
6.0 0.4734977786020934 0.7074905697262217 0.5753321171995635 0.23088988646878963
1.0 0.46434367352137507 0.8538565788758758 0.6322617954374548 0.29228684224824825
41.0 0.8216570630495657 0.6065852960849382 0.11609487870907355 0.07876503215864437
56.0 0.9780739635833486 0.6262249440187241 0.02352354119149351 0.022628404572896114
45.0 0.8085647572381942 0.8161709408823342 0.05919540853075247 0.08134330322843299
35.0 0.8936642080440311 0.629811736723028 0.022000976824975725 0.011614235512754728
35.0 0.9493091078528906 0.5922890572219378 0.01617340631801266 0.011289710650929692
40.0 0.3866131043070735 0.6197231436612077 0.04025553601806273 0.021338789953771562
50.0 0.7693144895489594 0.6286718485796734 0.029703042387845338 0.042984397922485235
54.0 0.855989775131065 0.5547373235756979 0.05296573552138398 0.0848051204217224
69.0 0.821617486584979 0.5703892038195172 0.10858312592518006 0.10628600881250451
67.0 0.9159040242421704 0.5432795107681887 0.039812195246542816 0.04659242492564753
66.0 0.881700075645673 0.5505561216601595 0.08376544487103645 0.08343537312330145
52.0 0.8939033199424872 0.7582122974922249 0.1908177534163766 0.1312000943438194
58.0 0.7810607232606017 0.7637203279662325 0.06660058335756486 0.05269528713325713
43.0 0.990281094345552 0.6605496656203947 0.01943781130889605 0.05242883607297156
46.0 0.9794558526250883 0.680956458703484 0.041088294749823506 0.07276373043937687
46.0 0.7775973798125273 0.852011482159229 0.07057031718357604 0.13002111969783756
21.0 0.8347201264326517 0.6099475777562611 0.08335546540345132 0.03542049022314649
33.0 0.5829724090827164 0.897459460205024 0.11880776910645055 0.03953317332858685
70.0 0.20075150111968346 0.7704178881318429 0.04804992592349354 0.06716628869299775
63.0 0.3451206951089712 0.803473345780218 0.3088614533690316 0.14047631930969764
71.0 0.5681805005654214 0.7859287438244408 0.2387574126234936 0.10262266278441971
59.0 0.3085042681369955 0.8723814780817485 0.19583695800169354 0.1147137792360099
60.0 0.3388807436579317 0.9025224160763169 0.31368824866378725 0.16565966969948276
61.0 0.1866698192244245 0.8773442529715698 0.024682058192373856 0.04971439428290233
62.0 0.5719173849934563 0.9074368370870742 0.20611377556686183 0.08730550202556149
30.0 0.6596004478405993 0.6397344313653093 0.14495461011579225 0.03318113080883967
47.0 0.9705752330775781 0.571620769067715 0.013205724538428412 0.022217759373724246
20.0 0.3861022901256242 0.6190786691539902 0.037699772026975956 0.017979007332920925
27.0 0.8725121813756793 0.596993971460784 0.020837799962330757 0.010673688960687792
25.0 0.9077409520564872 0.5773404555917218 0.0676327894417318 0.03563875191540862
29.0 0.7957463845867387 0.6846855132863108 0.018244355296881083 0.014250097649670957
16.0 0.7597649376629444 0.49339578822542973 0.019971261610059493 0.025230857857675724
18.0 0.47398058664433074 0.8783781884325691 0.031963660491169235 0.022883664516928092
22.0 0.5110868721672697 0.6441567019613151 0.14505153719780126 0.038408069205574595
39.0 0.315302232706356 0.8088793740329588 0.05259296817014072 0.04460331034887089
23.0 0.4594636693401016 0.6424285016483067 0.09422305645326451 0.01841733417121557
31.0 0.5997300757755311 0.641059050757123 0.13505921591880543 0.02640424887534828
