11 0.485507 0.514249 0.210180 0.288627
5 0.320181 0.445337 0.150810 0.417765
12 0.438777 0.297120 0.521980 0.161474
6 0.662009 0.450392 0.438061 0.162308
3 0.219858 0.408068 0.118305 0.343217
9 0.152961 0.418131 0.091615 0.277622
7 0.165204 0.540409 0.073445 0.155129
14 0.534407 0.316901 0.343401 0.142923
7 0.464291 0.677335 0.115542 0.241666
35 0.171693 0.387645 0.018131 0.013135
41 0.350292 0.366851 0.088745 0.091846
35 0.260514 0.419575 0.025782 0.016629
50 0.402740 0.383808 0.025450 0.061311
69 0.323021 0.310970 0.103974 0.135736
54 0.270599 0.300842 0.033862 0.128213
66 0.227729 0.302571 0.098765 0.120110
58 0.439478 0.567771 0.090880 0.071087
43 0.127524 0.519340 0.012897 0.076096
67 0.190069 0.298520 0.043412 0.082487
45 0.400926 0.653925 0.022017 0.106844
46 0.149128 0.542600 0.033141 0.113776
56 0.142428 0.458574 0.034877 0.046624
73 0.112471 0.389354 0.008772 0.045510
46 0.451053 0.684213 0.072806 0.172929
70 0.887907 0.517925 0.016113 0.060670
71 0.626464 0.541594 0.177806 0.097433
63 0.791614 0.551258 0.208028 0.101246
59 0.827711 0.633608 0.124361 0.098218
62 0.642099 0.698001 0.142605 0.083898
52 0.284561 0.612377 0.212080 0.127816
60 0.805136 0.679440 0.199126 0.117832
47 0.133795 0.379007 0.012902 0.041828
21 0.338901 0.365779 0.070781 0.037121
29 0.394408 0.464486 0.017991 0.017530
27 0.282195 0.374224 0.050052 0.022143
17 0.151913 0.553947 0.002914 0.007894
17 0.152083 0.537778 0.002500 0.006667
25 0.216113 0.353619 0.082113 0.030139
17 0.442269 0.667619 0.004382 0.008611
17 0.453688 0.703443 0.006458 0.011379
16 0.308972 0.203050 0.013649 0.032530
17 0.452187 0.663004 0.005305 0.011691
17 0.443307 0.693145 0.005997 0.011071
19 0.147278 0.542531 0.005828 0.014481
19 0.447685 0.683620 0.011074 0.021558
18 0.718151 0.648896 0.016354 0.023862
39 0.816867 0.554270 0.029931 0.052662
33 0.632128 0.687727 0.087635 0.038008
17 0.457494 0.684375 0.007150 0.013224
30 0.497037 0.380450 0.096889 0.010285
17 0.148337 0.528580 0.003708 0.007770
22 0.613213 0.372839 0.122504 0.017280
28 0.477361 0.654827 0.007088 0.015356
28 0.141144 0.507614 0.005316 0.006202
17 0.147683 0.555454 0.003322 0.006202
40 0.689319 0.343756 0.021151 0.019041
1 0.698473 0.653255 0.432681 0.228388
