11.0 0.48550698161125183 0.5142489969730377 0.21017998456954956 0.2886269688606262
5.0 0.3201809898018837 0.4453370049595833 0.15080998837947845 0.4177650064229965
12.0 0.43877699971199036 0.29712000489234924 0.5219799876213074 0.16147398948669434
6.0 0.6620090305805206 0.4503920078277588 0.43806105852127075 0.1623079776763916
3.0 0.21985800564289093 0.4080680087208748 0.11830499768257141 0.34321700036525726
9.0 0.15296099707484245 0.4181309938430786 0.09161499887704849 0.2776219844818115
7.0 0.1652039960026741 0.5404090136289597 0.07344500720500946 0.15512898564338684
14.0 0.5344070047140121 0.31690099835395813 0.3434009850025177 0.1429229974746704
7.0 0.4642910063266754 0.6773349940776825 0.11554199457168579 0.2416660189628601
35.0 0.17169300466775894 0.38764500617980957 0.01813100278377533 0.013135015964508057
41.0 0.35029199719429016 0.3668510168790817 0.08874499797821045 0.09184601902961731
35.0 0.260513998568058 0.4195750057697296 0.02578197419643402 0.01662898063659668
50.0 0.4027400016784668 0.3838080018758774 0.02544999122619629 0.06131097674369812
69.0 0.3230210095643997 0.3109700009226799 0.10397401452064514 0.13573600351810455
54.0 0.27059900760650635 0.3008419945836067 0.03386199474334717 0.12821297347545624
66.0 0.22772900015115738 0.30257101356983185 0.09876500070095062 0.12011000514030457
58.0 0.4394780099391937 0.5677709877490997 0.09087997674942017 0.07108694314956665
43.0 0.1275239996612072 0.5193400084972382 0.012896992266178131 0.07609599828720093
67.0 0.19006900489330292 0.2985199987888336 0.04341199994087219 0.08248698711395264
45.0 0.40092599391937256 0.653924971818924 0.02201700210571289 0.10684400796890259
46.0 0.1491279974579811 0.5425999909639359 0.03314100205898285 0.11377593874931335
56.0 0.14242799580097198 0.45857401192188263 0.034877002239227295 0.04662397503852844
73.0 0.11247099563479424 0.38935399055480957 0.008771993219852448 0.04550999402999878
46.0 0.4510529935359955 0.6842129826545715 0.07280600070953369 0.172929048538208
70.0 0.8879069983959198 0.5179249793291092 0.016113102436065674 0.06066998839378357
71.0 0.6264640092849731 0.5415940135717392 0.17780601978302002 0.09743300080299377
63.0 0.7916139960289001 0.551257997751236 0.20802795886993408 0.1012459397315979
59.0 0.8277109861373901 0.6336079835891724 0.12436091899871826 0.09821808338165283
62.0 0.642098993062973 0.6980009973049164 0.1426050066947937 0.08389800786972046
52.0 0.28456099331378937 0.6123769879341125 0.2120799720287323 0.12781596183776855
60.0 0.8051359951496124 0.6794400215148926 0.19912594556808472 0.11783194541931152
47.0 0.13379500061273575 0.3790069967508316 0.01290200650691986 0.041828006505966187
21.0 0.33890099823474884 0.36577899754047394 0.07078102231025696 0.03712102770805359
29.0 0.3944079875946045 0.4644860029220581 0.01799100637435913 0.01753002405166626
27.0 0.28219500184059143 0.3742240071296692 0.050051987171173096 0.022143006324768066
17.0 0.15191300213336945 0.5539470016956329 0.0029140114784240723 0.007893979549407959
17.0 0.15208300203084946 0.5377779901027679 0.002500012516975403 0.006666958332061768
25.0 0.21611299365758896 0.3536189943552017 0.08211298286914825 0.030138999223709106
17.0 0.4422690123319626 0.6676190197467804 0.00438198447227478 0.008611023426055908
17.0 0.45368799567222595 0.7034429907798767 0.0064580440521240234 0.011379003524780273
16.0 0.30897200107574463 0.20305000245571136 0.01364898681640625 0.032529979944229126
17.0 0.4521869868040085 0.6630039811134338 0.005304962396621704 0.011690974235534668
17.0 0.44330698251724243 0.6931450068950653 0.005997002124786377 0.01107090711593628
19.0 0.14727799594402313 0.5425309836864471 0.005827993154525757 0.014481008052825928
19.0 0.44768498837947845 0.6836200058460236 0.011074036359786987 0.021557986736297607
18.0 0.7181510031223297 0.6488960087299347 0.016354024410247803 0.023862063884735107
39.0 0.8168669939041138 0.5542699992656708 0.029930949211120605 0.0526619553565979
33.0 0.632127970457077 0.6877270042896271 0.08763498067855835 0.038008034229278564
17.0 0.45749400556087494 0.684374988079071 0.0071499645709991455 0.013224005699157715
30.0 0.49703699350357056 0.3804500252008438 0.09688901901245117 0.010284990072250366
17.0 0.1483370065689087 0.528579980134964 0.0037080049514770508 0.0077700018882751465
22.0 0.6132130026817322 0.3728390038013458 0.12250399589538574 0.017279982566833496
28.0 0.4773609936237335 0.6548269987106323 0.007088005542755127 0.015356063842773438
28.0 0.14114399254322052 0.507614016532898 0.005315989255905151 0.006201982498168945
17.0 0.14768299460411072 0.5554540157318115 0.003322005271911621 0.006201982498168945
40.0 0.689318984746933 0.3437559902667999 0.02115100622177124 0.019041001796722412
1.0 0.6984730213880539 0.6532550156116486 0.43268099427223206 0.2283880114555359
