3 0.342991 0.669029 0.234342 0.347609
5 0.577767 0.675003 0.260888 0.360089
11 0.807545 0.730005 0.226361 0.250852
9 0.191407 0.694322 0.289496 0.289105
7 0.810175 0.839587 0.157001 0.204323
7 0.210651 0.831060 0.145688 0.199331
13 0.107880 0.579826 0.106262 0.043080
0 0.090727 0.767163 0.112393 0.142421
6 0.826256 0.621432 0.244029 0.121246
1 0.919035 0.794539 0.111684 0.167084
12 0.449611 0.538596 0.534508 0.149776
14 0.661263 0.550066 0.174508 0.131509
35 0.487953 0.675939 0.046649 0.013096
15 0.198468 0.538017 0.126936 0.093549
50 0.703318 0.618519 0.045138 0.052383
35 0.268214 0.664986 0.045516 0.011333
41 0.662430 0.604162 0.063458 0.083105
54 0.448639 0.557559 0.033807 0.125418
67 0.342582 0.556438 0.191184 0.123609
66 0.547005 0.564605 0.199817 0.138012
68 0.243589 0.564487 0.086141 0.095984
46 0.202615 0.844914 0.094373 0.127471
45 0.722382 0.855060 0.019618 0.081645
46 0.814609 0.852166 0.106368 0.136306
58 0.835457 0.807380 0.137544 0.143247
56 0.187263 0.750470 0.106168 0.052282
43 0.131654 0.827562 0.032933 0.106278
52 0.499608 0.855223 0.431666 0.032234
71 0.927083 0.709346 0.070525 0.059449
73 0.062062 0.667681 0.039808 0.078968
21 0.654808 0.616013 0.043452 0.033109
47 0.146199 0.663242 0.036284 0.049600
27 0.541791 0.630613 0.180940 0.020787
25 0.345537 0.616270 0.212752 0.018947
17 0.813050 0.835722 0.007258 0.007258
29 0.724611 0.689810 0.021305 0.013416
17 0.801669 0.847159 0.006268 0.009898
17 0.825504 0.847159 0.007752 0.007698
17 0.820308 0.863875 0.006598 0.009018
62 0.952586 0.804252 0.036618 0.057420
19 0.204165 0.843847 0.012866 0.017376
17 0.805958 0.864425 0.006598 0.007918
19 0.812968 0.851228 0.014020 0.017596
17 0.207382 0.831200 0.005773 0.007038
17 0.214722 0.846156 0.004618 0.006598
17 0.207134 0.857703 0.004948 0.005939
17 0.195258 0.834169 0.007258 0.006379
17 0.194846 0.850555 0.005773 0.005719
28 0.234185 0.877059 0.004948 0.008138
33 0.952503 0.809744 0.005443 0.027933
28 0.812284 0.905770 0.005773 0.008798
16 0.285661 0.438584 0.060040 0.089519
30 0.736773 0.597767 0.013382 0.028444
22 0.724327 0.579600 0.028865 0.027933
31 0.745079 0.586390 0.008999 0.015836
