3.0 0.6424347180974426 0.6210355081181763 0.2478064975065025 0.3288663146077874
5.0 0.39865051302545396 0.6204736928625968 0.2755256637660581 0.34114518164565405
11.0 0.15941245680567073 0.6655663853163666 0.238255149081886 0.23881592116896386
9.0 0.7994532614918571 0.6484652592867427 0.30429242079744245 0.27597818524609297
7.0 0.15524776922345984 0.7672491849146897 0.1656478232990657 0.1938072145586188
7.0 0.7776870511834513 0.77493120520076 0.1538391390694926 0.18887751683174908
13.0 0.8876563388869425 0.5443245725988745 0.11086779572850626 0.04276639917810131
0.0 0.9030090848702126 0.7187206971376886 0.11853259857468373 0.1351680112422332
6.0 0.14141129860079735 0.5642652348124337 0.2548982714804758 0.11893133218847651
1.0 0.05094836857264401 0.7225877950484333 0.10189673714528802 0.15805011001359212
12.0 0.5334669543843983 0.49714904086730577 0.5567995998109183 0.15298089725201067
14.0 0.3136143534227324 0.5022922037118094 0.18286737166554082 0.1266520483803925
35.0 0.4918684552912866 0.6236797566225142 0.04859485125736967 0.013373940499150952
15.0 0.794170084832042 0.503146179205309 0.1329889688474387 0.09016686856649869
50.0 0.2690635156739997 0.5647592227867234 0.0475406999613116 0.04981418649207367
35.0 0.7201088955791015 0.6192271243953282 0.0473956488747234 0.011707456702160168
41.0 0.31169472106236923 0.5524921143340563 0.06695971139003021 0.07881748615542064
54.0 0.534227658175674 0.5147822093766321 0.036734889572486606 0.11733524328452802
67.0 0.644333365265523 0.5165009375748832 0.20007430520968436 0.11975047011877393
66.0 0.43202794223020113 0.5187652125137986 0.20922425928051788 0.13334881608165655
68.0 0.7469863123868157 0.5265505363228133 0.09067412930668023 0.09136631811845916
46.0 0.7858473161143608 0.7880042864704688 0.09963148046312341 0.12081742980892664
45.0 0.24617750091391202 0.7839008617586207 0.02143315764320339 0.07632108740460858
46.0 0.15048043809295236 0.7788139339670095 0.1121983538540218 0.1293332579749593
58.0 0.12942580631897752 0.7366859162301175 0.14465120157098985 0.13658941925964654
56.0 0.8030197560632945 0.7007087196788468 0.11089076181598301 0.05130837943997095
43.0 0.8597345848677788 0.7737386611170424 0.03557707562885535 0.09954024979584801
52.0 0.47742288748606987 0.789848790194304 0.44850699858253296 0.04116251963253717
71.0 0.03629555888851055 0.6432733330042553 0.0725911177770211 0.05703577267993549
73.0 0.9340668553391149 0.627093614109773 0.04235599991395967 0.07436070805181619
21.0 0.3194514491782087 0.5636945174059572 0.045538190586671114 0.031873647170811335
47.0 0.846787723169004 0.6207825556078665 0.038313458052491284 0.04699967822580169
27.0 0.4365760679836551 0.5801919373970885 0.18809440318991372 0.024009561053895255
25.0 0.6404826060141304 0.5719803792765167 0.22109233635372705 0.023128857340459365
17.0 0.15231401598724212 0.763585623838572 0.00762908871636886 0.006928136426646587
29.0 0.24602722627737109 0.6304017209216238 0.022291035268201684 0.013011637270638705
17.0 0.1639781699864677 0.7745014363033443 0.006636025025579997 0.009353785427399038
17.0 0.13923657174650658 0.7738812764862653 0.00814758240230591 0.007349658345961972
17.0 0.14441133085672045 0.7895379191419345 0.006967025892037313 0.008545253691934249
62.0 0.013631917380845007 0.7307337232641101 0.027263834761690014 0.05426950167717526
19.0 0.784252371996505 0.786973193096607 0.013582888602519555 0.01646908332150613
17.0 0.1593000096071628 0.7904219788650774 0.006952625018762006 0.0075239120387585795
19.0 0.15219614169904822 0.7779856644240477 0.014783668519302656 0.01670338997900343
17.0 0.7810785768097775 0.7751462158117935 0.006084734789908358 0.006685217540307854
17.0 0.7732635663067328 0.7888424918048869 0.004880023502455989 0.006246660462844728
17.0 0.7809890073727522 0.7997617499672396 0.005213979837645582 0.00564335054761159
17.0 0.7936248593274354 0.778218513726507 0.007617581440042898 0.006112015042787991
17.0 0.7938379847351498 0.7934443407919427 0.006067466852126036 0.005460537357070179
28.0 0.7526556705089578 0.8170307057983365 0.005242708787290079 0.007685257469237412
33.0 0.007896865184546013 0.7358354247412935 0.006015778468982417 0.02607852564465904
28.0 0.15219209826903252 0.8286478735351311 0.006107778216100381 0.008319508083096581
16.0 0.7049624208231118 0.40854992020724 0.06349571027903864 0.08468419990404799
30.0 0.23460772123765308 0.544619685465065 0.01426341955985393 0.026759628529362974
22.0 0.24776492429752145 0.5280747610871802 0.03032860408385408 0.0266879099508394
31.0 0.22613474707278794 0.5338395897016072 0.009548608765389351 0.014938507285466408
