2 0.635647 0.144759 0.081834 0.133887
10 0.552456 0.424616 0.186972 0.350302
7 0.596217 0.689906 0.041109 0.152764
6 0.282473 0.450675 0.564947 0.356493
1 0.313635 0.743337 0.627271 0.401540
4 0.628161 0.257401 0.096249 0.359970
14 0.283193 0.181322 0.566386 0.205815
49 0.606241 0.271839 0.015015 0.050276
12 0.304835 0.152991 0.609669 0.209851
64 0.622176 0.140972 0.050511 0.117494
68 0.611767 0.165419 0.055630 0.164851
40 0.668703 0.234399 0.151817 0.109395
70 0.351307 0.598637 0.393580 0.235016
61 0.372342 0.820338 0.326354 0.192921
60 0.112108 0.881971 0.224215 0.069657
63 0.115868 0.683766 0.231736 0.126710
32 0.404162 0.800256 0.186554 0.098953
31 0.081039 0.271646 0.162078 0.013961
22 0.165005 0.267485 0.237098 0.019968
23 0.263725 0.269005 0.236506 0.028299
20 0.687148 0.231730 0.114789 0.043988
26 0.639949 0.213571 0.011875 0.019892
24 0.646898 0.185696 0.009929 0.043086
26 0.627250 0.242649 0.009084 0.013781
29 0.636858 0.356211 0.010320 0.020450
16 0.434170 0.035377 0.006193 0.028791
