2.0 0.26867752097685127 0.18662717212567015 0.11247366237169192 0.1333062432994544
10.0 0.41224867087355327 0.43220268787023847 0.26600591176804017 0.3452527991171154
7.0 0.4206109066677663 0.6809440576855175 0.07388900685276338 0.14530395896683923
6.0 0.6841444952803654 0.42096258841509604 0.6317110094392693 0.40008492802687107
1.0 0.6791500038959573 0.6931426118821125 0.6416999922080854 0.44946143780796566
4.0 0.29938217842875936 0.2888523182296837 0.17346528497363478 0.3423107004036686
14.0 0.6432663047831668 0.17428406360591872 0.6318614398080955 0.2622260453328678
49.0 0.32515242297337915 0.29922895639867875 0.02586514707536737 0.04801403761051609
12.0 0.614960424928455 0.15114297078768818 0.6777704009038684 0.27155319484017115
64.0 0.281940240418275 0.181405577610442 0.0765107306056954 0.11421359130538371
68.0 0.29775476902588816 0.2024492761787085 0.09147358091351512 0.15826625906837566
40.0 0.2524717288135879 0.2730516396467509 0.18039484843013812 0.11996962992024209
70.0 0.6571750536032713 0.5654730463224276 0.4577866220157905 0.2665035494782517
61.0 0.6803470127494766 0.7713238476566316 0.37919662984813923 0.21919400628846789
60.0 0.9200510579657796 0.7939433508892911 0.15989788406844077 0.09297933069073312
63.0 0.8930803774834098 0.6128436390869488 0.21383924503318044 0.14622747256979096
32.0 0.6431161000198629 0.757063977970024 0.2144571415328305 0.11492099602389746
31.0 0.872219264673359 0.23074330427963383 0.17167671819231078 0.033870807955589756
22.0 0.7839052244793641 0.2378519363215718 0.25104708063552833 0.04913146052661366
23.0 0.6813770857923505 0.25208422737364744 0.25212455078294854 0.05668701883272866
20.0 0.232714684579284 0.2730053751458355 0.12852156595346126 0.05522997918851849
26.0 0.27818943984841643 0.2502299189161084 0.016415391937952908 0.0197688679599626
24.0 0.2652820673975289 0.22559558884843514 0.019104900431537116 0.04076533011251298
26.0 0.297331230614147 0.27521855143881413 0.012265295418524778 0.013807178404540316
29.0 0.3104160302060753 0.3805098302004037 0.014909044841777073 0.020077836499050237
16.0 0.4563138670544524 0.06021056437357591 0.012306090883852431 0.02718281422735913
