6 0.468718 0.396271 0.936650 0.330321
12 0.373301 0.111417 0.746602 0.204142
10 0.771903 0.242496 0.067633 0.063279
61 0.891546 0.699977 0.092451 0.103440
62 0.088220 0.770678 0.176441 0.110920
70 0.899453 0.493242 0.116537 0.173495
39 0.549721 0.605268 0.104129 0.078994
60 0.513348 0.757549 0.724767 0.137205
18 0.155629 0.733948 0.041290 0.026601
59 0.545269 0.716392 0.441397 0.117531
31 0.297175 0.237064 0.359269 0.029647
14 0.375117 0.147935 0.749768 0.205612
1 0.486132 0.674237 0.972264 0.348826
71 0.096979 0.561514 0.193228 0.152650
40 0.748936 0.204906 0.050594 0.048911
63 0.498000 0.590013 0.748519 0.153442
33 0.043090 0.741952 0.086179 0.051614
22 0.363874 0.237579 0.208334 0.009795
20 0.748416 0.199056 0.045381 0.037123
30 0.129670 0.235646 0.238102 0.026811
23 0.546944 0.239771 0.220718 0.015984
