6.0 0.5179708861820841 0.4358121445344899 0.9092925723481009 0.3981842735412374
12.0 0.46904344680557836 0.14292130028814987 0.716678468944008 0.25797108828839477
10.0 0.8187293339334685 0.30283780295894525 0.0710675455522672 0.06835557844104512
61.0 0.8663163871286839 0.7708447799113148 0.099470380675514 0.11045525201060374
62.0 0.11562550732279267 0.7849256727064284 0.1779687597790532 0.1239214277639788
70.0 0.9019764283278849 0.5637455512157232 0.1312996540349734 0.18253061471450488
39.0 0.5640113178541747 0.6514850768837732 0.10688777870824491 0.08672757782104781
60.0 0.5095659483581494 0.8018692752095539 0.6873532563758912 0.18918711681620784
18.0 0.18284332891324526 0.7528090448916073 0.04173598403267213 0.029646397464280706
59.0 0.5446572355827943 0.7627905195547887 0.4232725064634468 0.14934104817245675
31.0 0.3815843147764391 0.2637347898333713 0.3354586205497957 0.05524308151816529
14.0 0.46570781981273013 0.1797313442027971 0.7198005099671765 0.2596720481126516
1.0 0.49589325595521155 0.7162556346184197 0.944682107040087 0.4192961427539385
71.0 0.15240447265111284 0.5754469379047433 0.1991794894705562 0.16702798079884967
40.0 0.8027023642372283 0.2634518818740572 0.05337925794524465 0.05271564878694268
63.0 0.5183969034220692 0.6324960746961066 0.7114900372353242 0.20718014030348803
33.0 0.07793880549760047 0.7528725653777285 0.08657380599597321 0.057952787378454405
22.0 0.4430369874536991 0.2689794434883187 0.19351183361456467 0.024604655119761232
20.0 0.8030253887812087 0.257538849700021 0.04695323975818846 0.040505447000313194
30.0 0.22727182239572483 0.2504383983109928 0.22330472320824618 0.04380658760227757
23.0 0.6116004937788726 0.28415647589883236 0.20578409657463284 0.031699038258456845
