6 0.857031 0.464218 0.285938 0.300516
5 0.341311 0.811052 0.682621 0.377896
6 0.959082 0.821696 0.081836 0.086782
11 0.831202 0.912166 0.336450 0.174510
14 0.468759 0.509537 0.936416 0.653899
12 0.402651 0.711770 0.805302 0.315611
12 0.131588 0.331579 0.263177 0.350355
41 0.440744 0.880670 0.440820 0.238051
69 0.216137 0.789515 0.429250 0.289108
23 0.819497 0.406633 0.083447 0.107788
21 0.398727 0.937982 0.357167 0.121989
22 0.844302 0.479571 0.127794 0.203829
50 0.714424 0.892898 0.211948 0.113065
31 0.894869 0.552398 0.083447 0.254735
27 0.127562 0.946269 0.255124 0.025318
30 0.887601 0.703585 0.061374 0.242220
