6.0 0.18524112097868642 0.44823747795458196 0.3348758192305313 0.30668553329899384
5.0 0.6470856995003316 0.8056691359606225 0.705828600999337 0.388661728078755
6.0 0.04026217127610992 0.7769699733305413 0.08052434255221984 0.0885035833708725
11.0 0.16882628590435672 0.8727082559217225 0.33765257180871344 0.19199852341693638
14.0 0.5267049561275313 0.5226527869091638 0.9465900877449374 0.6929666080870305
12.0 0.5924388452795112 0.718729737687192 0.8151223094409776 0.36330077472023775
12.0 0.896176097879358 0.38237369773212276 0.20764780424128393 0.35182048989121945
41.0 0.5595648127277323 0.8723303042056749 0.4864050413892601 0.2553393915886502
69.0 0.7813926610584234 0.8072546837477652 0.43721467788315294 0.30762407033037686
23.0 0.23160344721278825 0.3970044577489272 0.10039174307336328 0.10844125748775109
21.0 0.5953208951163819 0.9301288586209152 0.3847038687965798 0.13974228275816963
22.0 0.1963398110220772 0.4637523436055386 0.15888193652274063 0.20261568127188645
50.0 0.2755554812552531 0.8640703709259159 0.23368109333073306 0.12390303916641894
31.0 0.13450905707712787 0.5282932241576462 0.11987248646076502 0.24699519369492287
27.0 0.8703582118725898 0.962283654526717 0.25928357625482057 0.04469122621119848
30.0 0.12196541870073058 0.6714381578251594 0.09543813169623383 0.23339385618115596
