2 0.829146 0.383623 0.078010 0.159819
4 0.811418 0.410267 0.076805 0.212497
7 0.846831 0.455472 0.034563 0.067570
55 0.866637 0.437678 0.006214 0.031982
8 0.849913 0.351465 0.034448 0.046796
51 0.822462 0.493309 0.055731 0.070077
35 0.861729 0.377749 0.009730 0.007955
35 0.840878 0.401194 0.011752 0.010797
49 0.774356 0.393770 0.007329 0.028339
40 0.805883 0.383753 0.064066 0.043402
53 0.808041 0.340420 0.032475 0.065706
68 0.798161 0.350333 0.040788 0.084900
64 0.817032 0.337483 0.045208 0.060052
20 0.813649 0.383653 0.047233 0.019339
10 0.744726 0.451236 0.124157 0.130864
12 0.557264 0.340074 0.514492 0.099075
7 0.740327 0.558594 0.097764 0.125166
14 0.524637 0.354106 0.462274 0.088847
6 0.457220 0.439676 0.583442 0.113672
41 0.299948 0.373272 0.029823 0.019503
63 0.381309 0.507919 0.384550 0.057171
1 0.453410 0.553297 0.642881 0.137296
70 0.632253 0.497398 0.190617 0.064183
71 0.181217 0.477733 0.064276 0.058057
18 0.181091 0.539357 0.018762 0.010880
60 0.370141 0.581329 0.376852 0.065186
59 0.355958 0.556183 0.221669 0.049909
61 0.631355 0.584941 0.162723 0.057870
33 0.152975 0.546012 0.022526 0.024014
39 0.360903 0.510495 0.051322 0.031905
32 0.647636 0.576361 0.091139 0.023287
62 0.163615 0.555964 0.052671 0.057496
46 0.772491 0.557225 0.023404 0.090908
29 0.795239 0.434753 0.017332 0.013802
23 0.562471 0.392088 0.107095 0.009553
31 0.394613 0.385689 0.119600 0.014059
30 0.344272 0.384968 0.081764 0.010454
22 0.477820 0.389655 0.103247 0.004326
