2.0 0.8887706297492878 0.4048973251526727 0.12647179976668768 0.15261510293135258
4.0 0.8627127942249608 0.42720594311346455 0.13981176775319462 0.20017335259435104
7.0 0.88746888514465 0.4717346151167157 0.05513613871353972 0.06468550932801198
55.0 0.9132607646149659 0.45764843099702096 0.015413169611511186 0.029582021585856575
8.0 0.9195580176973435 0.3779076838065387 0.04925394609992125 0.04587032788202723
51.0 0.8513134438055703 0.5034971960961424 0.07812285894878807 0.06911355984577869
35.0 0.9247119474420404 0.40290353983921184 0.012452503439532516 0.00819275831529031
35.0 0.8962524963399213 0.4219981148093109 0.015370004096710925 0.010971404147323748
49.0 0.8282587331972898 0.4084939563907689 0.015577028459318517 0.026398317238555742
40.0 0.8642369650183845 0.4026424792052977 0.0795026365987109 0.04581893132316206
53.0 0.8785267270319673 0.36363999150994397 0.052420444875953424 0.06278539114930291
68.0 0.8653732464207242 0.37160503253944915 0.06649752338654379 0.08100650277038476
64.0 0.8888093935278544 0.36189852842575615 0.06426116404624568 0.05896626634089178
20.0 0.872442846416219 0.4033440037671936 0.05510300416724831 0.022321729820556645
10.0 0.7811194871277035 0.4574870460019294 0.16703810611543937 0.13111301891573576
12.0 0.6145358524858061 0.33775087455254516 0.56927409222493 0.1421484668641193
7.0 0.7467141426030779 0.5542128265024012 0.13766420402105428 0.12326381296977362
14.0 0.5762857787852812 0.34712432898589485 0.5114481638060038 0.12756507951932186
6.0 0.4815601468351677 0.41770180441555244 0.6459316738168916 0.16239280644756302
41.0 0.33435640969923475 0.3415570014660444 0.03681447402715007 0.020694560958254064
63.0 0.382694834321231 0.4717295841829875 0.4208145412695484 0.09096697114125878
1.0 0.4460381942632247 0.5201565158539282 0.7150768218713495 0.18983787942179434
70.0 0.6498752478089205 0.48779954037650136 0.21853327329611727 0.07753524871780851
71.0 0.18035437656559206 0.42400018181239263 0.0837879534091492 0.05910521992320033
18.0 0.163131925490709 0.47976590737510383 0.022775046778303318 0.011761429011352725
60.0 0.35057582342439797 0.5370371651136268 0.4149307538356829 0.0974366107253651
59.0 0.3426136481070087 0.5128299448974266 0.24727484289738488 0.06778209882230776
61.0 0.6246519157717306 0.566946924208792 0.18740810285987114 0.06897621345395774
33.0 0.1316781130578987 0.48292215754589257 0.030381200908000235 0.02403346493655944
39.0 0.36049142384595556 0.47198011450343275 0.06289386556014592 0.03411278565986246
32.0 0.6441764606138721 0.5608412417471895 0.10243416867073911 0.03037299161199687
62.0 0.1401229050120481 0.49301526421565023 0.07141145348775375 0.05741387973049042
46.0 0.7809648969353189 0.55625396139045 0.04985709027713094 0.08467161874673877
29.0 0.8388845733921373 0.44771924609587604 0.022079451812343026 0.014260412091309465
23.0 0.6055945014077959 0.38536202621521803 0.11542826348072552 0.0195690934983779
31.0 0.4306021639931246 0.36245073195468686 0.12984657679268932 0.024923033190958108
30.0 0.3777892976337612 0.3566640289741868 0.08900271930245673 0.017801214523929996
22.0 0.5171254519536301 0.37452654547527564 0.10992647974233744 0.014445465708043028
