1 0.500687 0.734270 0.998626 0.357619
70 0.459289 0.544768 0.683867 0.188853
6 0.500000 0.352195 1.000000 0.371014
10 0.797243 0.443731 0.405515 0.281546
12 0.316628 0.073256 0.317290 0.146513
7 0.921577 0.723512 0.156846 0.317213
61 0.344189 0.801120 0.686242 0.151842
63 0.107283 0.593070 0.210681 0.116953
14 0.548320 0.120314 0.902919 0.240316
32 0.458001 0.783606 0.328347 0.073104
30 0.218508 0.176976 0.164652 0.038055
22 0.459637 0.207405 0.302145 0.031478
23 0.671933 0.216088 0.348527 0.038760
31 0.321938 0.190365 0.262858 0.050740
