1.0 0.4454508231861135 0.6632129046039866 0.890901646372227 0.428039695931488
70.0 0.4186465688159763 0.4906916117996804 0.6690146934886596 0.24346282780646036
6.0 0.5083952597132697 0.3245891721017344 0.9832094805734605 0.440061606008768
10.0 0.7519930629943155 0.43878465144525636 0.456804571410912 0.29461092121674076
12.0 0.4601635732107511 0.06979325752231783 0.3312717722602682 0.13958651504463565
7.0 0.7622956405124638 0.7005320092145217 0.25051687757522023 0.29853397016479727
61.0 0.27772393611568275 0.7050264308289312 0.5554478722313655 0.21093272582214215
63.0 0.10254354187504791 0.49430718636168924 0.20508708375009582 0.12708114465014816
14.0 0.6037066652635783 0.1406136471961716 0.7925866694728434 0.2812272943923432
32.0 0.3328619484252845 0.7021766985299531 0.3149884027151167 0.10132570327359544
30.0 0.33701712278002516 0.13799759724853392 0.1584482020631226 0.05204786980334831
22.0 0.5385234858358312 0.1918013289694382 0.27716669758969054 0.061525236843631384
23.0 0.7223525182187395 0.22312690015211673 0.3205825482509424 0.07314066046692798
31.0 0.4233320097434792 0.16137459754173752 0.24940518938015196 0.07421957744516107
