9 0.558451 0.398310 0.622616 0.217350
3 0.847002 0.358226 0.301142 0.291220
0 0.376811 0.454567 0.332407 0.165453
7 0.659610 0.511579 0.268212 0.122900
12 0.771038 0.230697 0.456705 0.131967
15 0.521915 0.267082 0.315161 0.115000
66 0.858983 0.270884 0.282033 0.116538
35 0.789584 0.377701 0.091969 0.012029
13 0.330661 0.321354 0.228949 0.102401
56 0.659300 0.486002 0.303530 0.101470
46 0.661102 0.522329 0.181065 0.092240
67 0.701129 0.288201 0.155837 0.087974
73 0.326544 0.412530 0.128657 0.060613
47 0.533524 0.392046 0.076704 0.041502
52 0.903761 0.508950 0.190461 0.020285
39 0.218917 0.329023 0.008041 0.017613
25 0.853562 0.328535 0.292119 0.015052
19 0.659325 0.524011 0.024151 0.013994
16 0.639470 0.185651 0.113833 0.044153
