9.0 0.44599514618529756 0.3880215148244848 0.6388753853357685 0.22133080566798782
3.0 0.15403296284563772 0.3503001257678757 0.30806592569127544 0.29246117332640514
0.0 0.6322085712562742 0.4426771896479448 0.34226245763687557 0.1673966125801412
7.0 0.34572696022765625 0.5016506612315299 0.27591215446861567 0.12450722339087911
12.0 0.22981265483245877 0.22265684083428863 0.45962530966491755 0.1349880074116842
15.0 0.4800621600975241 0.25699550553946654 0.32350976350970745 0.11699673479794608
66.0 0.1409968525704048 0.26337124828093783 0.2819937051408096 0.11827474426997124
35.0 0.21025453813551048 0.3692627278335547 0.09389337388571109 0.012690856068463176
13.0 0.6760136565898 0.30959965693393354 0.23546225178648234 0.10378217155513422
56.0 0.34543439913877944 0.4761653111379961 0.31134987052734603 0.10342714153450774
46.0 0.344463966015269 0.5123726165788106 0.18648363289123115 0.09329093430754364
67.0 0.2981575494938727 0.2794127119701374 0.16070480808072563 0.08884694589680221
73.0 0.6823717026161058 0.40040884264851445 0.1323900758398603 0.06137784291465727
47.0 0.471217317566642 0.38158917555405336 0.07905715251239745 0.04193827830611434
52.0 0.09716602862558964 0.5009057330408554 0.19433205725117927 0.021672599795746175
39.0 0.7899307291931765 0.3163825996400519 0.008602959853503438 0.01760996813034473
25.0 0.14640415514905594 0.3207686716405629 0.2928083102981119 0.01723929538535199
19.0 0.3463126049643818 0.5140347588075718 0.024914045103218513 0.014127998371201708
16.0 0.35847688356834234 0.17676638228191374 0.11691068014703859 0.04486456840222811
