7 0.455515 0.774138 0.213637 0.180544
5 0.415806 0.504680 0.332228 0.331117
3 0.343680 0.368561 0.311972 0.228730
11 0.536834 0.700258 0.333745 0.259754
7 0.146140 0.335656 0.130070 0.117116
12 0.531474 0.427840 0.382439 0.417190
6 0.713280 0.743309 0.204093 0.277852
13 0.259333 0.192313 0.069739 0.030570
9 0.259402 0.283880 0.180424 0.213843
35 0.278820 0.291563 0.023592 0.025394
14 0.657340 0.547620 0.130067 0.227156
1 0.636230 0.874334 0.316485 0.218645
35 0.381162 0.426480 0.032111 0.034405
50 0.561929 0.567011 0.039715 0.050713
0 0.140133 0.246314 0.068289 0.076955
54 0.454607 0.362011 0.109215 0.065743
41 0.533963 0.528220 0.095242 0.085521
67 0.349474 0.247691 0.091320 0.024773
16 0.487681 0.273550 0.018537 0.035839
69 0.497521 0.428974 0.161356 0.173067
45 0.385783 0.689051 0.072619 0.042988
59 0.748056 0.930905 0.083995 0.057542
66 0.409096 0.315088 0.168790 0.114757
17 0.426357 0.774304 0.010423 0.007817
29 0.521308 0.610428 0.019321 0.019829
17 0.440340 0.785267 0.009915 0.007627
63 0.763310 0.893579 0.085164 0.046131
39 0.787411 0.895564 0.025859 0.027790
22 0.696152 0.652389 0.050231 0.017904
19 0.442035 0.771058 0.017643 0.015942
46 0.440944 0.771794 0.137149 0.120977
17 0.129989 0.335752 0.007015 0.004623
62 0.627700 0.927633 0.123265 0.088631
43 0.129432 0.285579 0.073347 0.044810
56 0.182256 0.282756 0.058532 0.039527
21 0.525991 0.512673 0.062935 0.052446
17 0.150502 0.329056 0.005952 0.004942
46 0.139422 0.329490 0.085974 0.072157
17 0.139767 0.338223 0.005739 0.005420
71 0.695172 0.841074 0.116731 0.128472
30 0.645921 0.626000 0.061172 0.041589
58 0.473825 0.710181 0.175840 0.084520
23 0.718531 0.661622 0.027353 0.019582
52 0.270898 0.530685 0.212907 0.316925
31 0.682102 0.643438 0.070373 0.049236
73 0.184775 0.198508 0.038682 0.030809
47 0.230164 0.229806 0.036180 0.024855
27 0.446949 0.440927 0.088214 0.111348
25 0.355303 0.323478 0.101179 0.126601
17 0.452669 0.760004 0.009660 0.009724
17 0.145400 0.322201 0.005527 0.004304
17 0.456864 0.775925 0.010931 0.009533
17 0.434365 0.759241 0.010677 0.008580
28 0.416102 0.816494 0.009565 0.005420
33 0.621914 0.922093 0.054790 0.047439
17 0.134241 0.326346 0.004889 0.004304
19 0.140830 0.330331 0.011266 0.009087
