7.0 0.6381158884678498 0.7584011828736978 0.24857787433555964 0.21925726736311604
5.0 0.6078575272646451 0.4665354361260178 0.3992703934827788 0.3945671462309694
3.0 0.6420513834923895 0.31249937822186147 0.35418505232686326 0.28301095326244413
11.0 0.5421955006551376 0.6900613217604158 0.38270455358472993 0.3187945686923435
7.0 0.8214713377861985 0.2524414070796341 0.15315861618045523 0.14114996045904007
12.0 0.4785482321905406 0.3993971797556495 0.468705455038886 0.49255305859476706
6.0 0.3853814827515067 0.7582466423224431 0.26406253472865204 0.3216308272530504
13.0 0.6777329225686667 0.11419804168477653 0.07398715268625673 0.04137822695912075
9.0 0.700773020313972 0.21167850302039917 0.22541799832244772 0.2504949806990073
35.0 0.6842587164997771 0.22231748714011496 0.02882745402162881 0.030021008896173006
14.0 0.38916208029618266 0.54285017044463 0.1809228470093052 0.25828552204949623
1.0 0.49166475400473425 0.8757669138722235 0.3559289126409639 0.2484661722555528
35.0 0.6210471536512421 0.3789028092583483 0.03919688161368413 0.04069253101058053
50.0 0.4847245897177338 0.5514016875965145 0.05053809629306796 0.05901570160737183
0.0 0.804635586223199 0.1565769946017505 0.08431381888491699 0.09057063104199121
54.0 0.5349841969771499 0.31958303107017394 0.1203768079425017 0.08382153661627295
41.0 0.5015123930064592 0.5065655882730815 0.11208891196559298 0.1031043335057057
67.0 0.6060454694343902 0.18456924320106527 0.09303286591576175 0.03794202288524196
16.0 0.48123194015518234 0.22960852580531083 0.0266592438341119 0.04049897615591751
69.0 0.5111000323519665 0.3963019702044518 0.1970083519184805 0.2046733922808771
45.0 0.6829119449543188 0.6589912978167138 0.07985758889593289 0.05496201197164055
59.0 0.39967092748473093 0.9623464305853084 0.0943407455711293 0.07189593158760545
66.0 0.5663931509337334 0.26386730218018445 0.18935919396014209 0.14354521485450258
17.0 0.6658666878638756 0.7548831969215305 0.011877470635577756 0.009641783838098565
29.0 0.5342825599856748 0.5924712338997372 0.023364357481991227 0.023555890700564533
17.0 0.6553449919535701 0.768324978458634 0.01134682919187147 0.009375209693239918
63.0 0.37575633387903434 0.9245463674021057 0.09257222352209477 0.05989726593354653
39.0 0.35335390102977543 0.9297133272670736 0.031586348766504166 0.03285881945920096
22.0 0.3787158587573639 0.659293316292374 0.052252524161389396 0.025423499570809503
19.0 0.6501488110479696 0.7534145137772513 0.02078892690450714 0.019205613871978357
46.0 0.6513712507482072 0.7540597033200171 0.16086008815622377 0.1461569268001943
17.0 0.8368438706310903 0.25049702170991267 0.007832921960619523 0.005810009067229076
62.0 0.5132201330671233 0.9436126631415352 0.13950404907533892 0.1099657829965588
43.0 0.8247127664568676 0.19701803342718166 0.08100916087989996 0.05699368442792159
56.0 0.7738015721505217 0.20070653993501936 0.06559728463933559 0.049492737469444326
21.0 0.5051651506192302 0.48900587863054046 0.07304140883320946 0.06380278542797953
17.0 0.8156606506570542 0.2459685448684952 0.00690324774801512 0.006014856768550203
46.0 0.8262995574577912 0.2450265321888617 0.0999092417901905 0.08770420557974862
17.0 0.8281753309445581 0.25436639005834516 0.006821488028852366 0.006496725907111656
71.0 0.4272592037067399 0.8600214775121084 0.14334811927996724 0.15154805361171547
30.0 0.4197917110857894 0.6248375993106222 0.06862641856851884 0.05202225658879052
58.0 0.6045771275636924 0.6926400626740277 0.18842886704608308 0.1122516767335253
23.0 0.35977886283336297 0.6719574032345598 0.03093490969032675 0.024310795046129544
52.0 0.7521261333729559 0.4758554823962508 0.282298020085912 0.364340305817343
31.0 0.3898090022517159 0.6479847621346575 0.07929976538685128 0.061328247086807626
73.0 0.7501489310489478 0.11134497859689488 0.044533868845123496 0.03769727945363938
47.0 0.7149132024641467 0.15041266850549112 0.04065382941676801 0.031042286830651845
27.0 0.5621750121908828 0.4026175538100615 0.1119272246772821 0.12970626478611058
25.0 0.6196299379941812 0.2659819995361724 0.1280968235721952 0.14758571783405763
17.0 0.6372538906889258 0.7429951693052295 0.011633648944103545 0.011575072540920247
17.0 0.8187793391910505 0.23802497432393163 0.006338344859498277 0.00528187959235396
17.0 0.637284831927604 0.7604743984477338 0.012793304869915707 0.011532839083790679
17.0 0.6544557632073806 0.7398635554592574 0.012311443426969989 0.010486301818926904
28.0 0.6862581577677085 0.7984943898274476 0.010457323135270532 0.006981560954272557
33.0 0.5173206198629369 0.9369822363587882 0.0640377032656377 0.057440818352830166
17.0 0.8304297488452721 0.24102327134205273 0.005732107343086244 0.0052010742577026136
19.0 0.8251737318122997 0.24610017030342912 0.012999160236027752 0.011100573140516209
