3.0 0.7417089939117432 0.4224719852209091 0.07194805145263672 0.2719309628009796
5.0 0.6846370100975037 0.45539499819278717 0.09826600551605225 0.3375340402126312
17.0 0.5914979875087738 0.6405510008335114 0.002991974353790283 0.007160007953643799
46.0 0.7754159867763519 0.5243370085954666 0.019478023052215576 0.08194002509117126
11.0 0.5681560337543488 0.5113960355520248 0.1582610011100769 0.233225017786026
27.0 0.7162419557571411 0.39199498295783997 0.017040014266967773 0.013589024543762207
9.0 0.7676610052585602 0.43976999819278717 0.054071009159088135 0.2117989957332611
7.0 0.5753270387649536 0.6530900001525879 0.09717297554016113 0.20697808265686035
7.0 0.7639049887657166 0.5223249942064285 0.0499650239944458 0.12095698714256287
69.0 0.6825930178165436 0.3463920056819916 0.065265953540802 0.10875499248504639
0.0 0.7942549884319305 0.4562220126390457 0.003645002841949463 0.03291001915931702
35.0 0.7647999823093414 0.4020480066537857 0.009720981121063232 0.01016196608543396
56.0 0.7856989800930023 0.4594539999961853 0.01651698350906372 0.028706014156341553
54.0 0.7137219905853271 0.3378330022096634 0.02361893653869629 0.10308399796485901
45.0 0.6284300088882446 0.6377240121364594 0.021446943283081055 0.0966220498085022
70.0 0.22779998183250427 0.4992869943380356 0.017087996006011963 0.06444302201271057
1.0 0.3952830135822296 0.627856969833374 0.3666369318962097 0.21288001537322998
59.0 0.2838999927043915 0.6073519885540009 0.10528296232223511 0.08867794275283813
63.0 0.3144499957561493 0.5330020040273666 0.1700870394706726 0.08785799145698547
67.0 0.755948007106781 0.3317969888448715 0.024906039237976074 0.0701809823513031
17.0 0.596640020608902 0.650083988904953 0.0036769509315490723 0.008741915225982666
21.0 0.6821350157260895 0.39844200015068054 0.0528070330619812 0.03193098306655884
50.0 0.6317960023880005 0.40682898461818695 0.016444921493530273 0.04827502369880676
66.0 0.732802003622055 0.33761900663375854 0.049390971660614014 0.09380799531936646
58.0 0.6110579967498779 0.5639459788799286 0.0451200008392334 0.060363948345184326
17.0 0.5931809842586517 0.6696909964084625 0.003614962100982666 0.007160007953643799
6.0 0.41871997714042664 0.45759499073028564 0.3692529797554016 0.15764498710632324
14.0 0.5126759707927704 0.34804201126098633 0.28321200609207153 0.1232290267944336
12.0 0.5738089978694916 0.3352459967136383 0.39284998178482056 0.1342099905014038
16.0 0.6689489781856537 0.2560960128903389 0.009514033794403076 0.02791200578212738
22.0 0.4695819616317749 0.39223799109458923 0.07150697708129883 0.019002020359039307
35.0 0.7252830266952515 0.43549901247024536 0.014580965042114258 0.014961004257202148
41.0 0.6731389760971069 0.39222998917102814 0.07089900970458984 0.0752280056476593
43.0 0.7910409867763519 0.5020409971475601 0.008356988430023193 0.05787000060081482
46.0 0.5906250178813934 0.6587100028991699 0.04831498861312866 0.1353600025177002
31.0 0.5323259830474854 0.3980180025100708 0.05931401252746582 0.00848299264907837
18.0 0.38208600878715515 0.6401749849319458 0.015621960163116455 0.019510984420776367
30.0 0.5549339950084686 0.4010680019855499 0.09690898656845093 0.012893974781036377
71.0 0.45640602707862854 0.5477759838104248 0.15411299467086792 0.08875298500061035
60.0 0.30375099182128906 0.6515360176563263 0.17717397212982178 0.12399500608444214
52.0 0.6975789666175842 0.5890479683876038 0.12370002269744873 0.11087095737457275
62.0 0.4313269853591919 0.6801130175590515 0.14734697341918945 0.07076907157897949
25.0 0.7448530197143555 0.37724898755550385 0.03929305076599121 0.025563985109329224
17.0 0.5868230164051056 0.6736040115356445 0.0023689866065979004 0.008659005165100098
19.0 0.5904070138931274 0.657785028219223 0.0071680545806884766 0.02031499147415161
23.0 0.42385798692703247 0.3867349922657013 0.061854004859924316 0.007973968982696533
39.0 0.2936230003833771 0.535385012626648 0.0254020094871521 0.044450998306274414
