3 0.703467 0.597578 0.107199 0.364892
15 0.447120 0.459196 0.345599 0.099317
11 0.790509 0.623481 0.029553 0.153599
7 0.655442 0.846907 0.104271 0.272591
9 0.601432 0.629921 0.238422 0.333873
5 0.742149 0.578239 0.098464 0.314126
7 0.795677 0.684256 0.060806 0.127129
13 0.369766 0.630187 0.409982 0.257484
8 0.164327 0.553039 0.010673 0.027730
0 0.401248 0.805654 0.534241 0.278188
12 0.512630 0.455690 0.499964 0.118639
46 0.794442 0.688758 0.043139 0.091177
35 0.757324 0.581438 0.009203 0.010241
35 0.703405 0.591511 0.016976 0.015600
66 0.689925 0.477949 0.070159 0.113436
41 0.778413 0.526949 0.046193 0.040847
69 0.730611 0.485359 0.064606 0.114305
54 0.711360 0.477843 0.044451 0.116000
58 0.799352 0.611480 0.010008 0.024634
56 0.693204 0.741157 0.038336 0.127245
39 0.283771 0.563718 0.029674 0.050024
67 0.651836 0.480396 0.030960 0.111443
46 0.683215 0.846748 0.036633 0.185951
73 0.529902 0.645114 0.148651 0.134952
72 0.159240 0.618614 0.017027 0.103596
59 0.298241 0.637554 0.156348 0.079253
52 0.747156 0.759290 0.080728 0.121781
47 0.647805 0.609666 0.023741 0.070692
48 0.349271 0.861330 0.414462 0.110337
21 0.791750 0.524450 0.020174 0.021088
27 0.749486 0.541390 0.032114 0.010740
29 0.785509 0.575529 0.004176 0.008466
17 0.792261 0.694344 0.003266 0.005478
25 0.700050 0.535040 0.067229 0.010584
17 0.793443 0.681774 0.003829 0.005103
16 0.487681 0.369929 0.036946 0.069738
37 0.506379 0.902236 0.101688 0.010786
38 0.180443 0.667824 0.024513 0.016410
36 0.148124 0.814120 0.010790 0.015320
