3 0.587055 0.497719 0.165217 0.339732
5 0.696523 0.477487 0.145560 0.301157
11 0.789668 0.499008 0.062836 0.161303
58 0.804172 0.515151 0.032795 0.067667
7 0.784035 0.555856 0.061591 0.119072
7 0.477196 0.723961 0.135298 0.208572
69 0.684570 0.385356 0.112426 0.105840
9 0.408513 0.547596 0.352473 0.275468
15 0.349832 0.391799 0.252239 0.119357
35 0.549450 0.512343 0.034841 0.017685
0 0.282355 0.669534 0.333738 0.257249
67 0.492788 0.408847 0.052898 0.098307
12 0.503554 0.357502 0.501223 0.106166
13 0.245798 0.532794 0.245744 0.240423
41 0.753856 0.408864 0.046186 0.053826
66 0.580084 0.393128 0.120461 0.120791
54 0.637130 0.383209 0.043828 0.113185
1 0.819903 0.517287 0.006675 0.068505
56 0.507969 0.647470 0.096139 0.106845
35 0.684361 0.483308 0.022766 0.012406
46 0.793046 0.556924 0.026739 0.075401
46 0.486549 0.731085 0.069613 0.127854
71 0.816530 0.460198 0.006528 0.026549
73 0.285625 0.583151 0.133386 0.110233
59 0.163133 0.549445 0.054683 0.081266
27 0.697968 0.439154 0.087870 0.013266
21 0.768424 0.415869 0.017516 0.028291
47 0.433773 0.542419 0.040870 0.061519
29 0.774827 0.461773 0.006947 0.009366
52 0.659627 0.639824 0.210901 0.123038
25 0.580734 0.451604 0.147541 0.024458
17 0.477855 0.727003 0.008594 0.010458
17 0.493667 0.734179 0.008678 0.010124
17 0.496963 0.714987 0.007426 0.009123
17 0.482402 0.743246 0.008845 0.008455
16 0.394602 0.293239 0.038085 0.058065
17 0.487784 0.710370 0.005924 0.008789
39 0.145092 0.484723 0.009786 0.037405
48 0.206114 0.719445 0.164138 0.128865
37 0.254347 0.767327 0.066608 0.016637
