3.0 0.44224149949000624 0.4704948161104377 0.20187736069833426 0.35777751327940716
5.0 0.33682215956584427 0.4786696458013366 0.1781138692410945 0.316931835889011
11.0 0.25248042110032004 0.5217641847205275 0.08121845469992892 0.16601405000829889
58.0 0.24111669907937422 0.5404088007218867 0.04010397724711699 0.07123347456581977
7.0 0.26562480600689703 0.5734083408628688 0.0742095319673605 0.1263071744709957
7.0 0.5765245915909456 0.6544195919616365 0.15568665233762857 0.2280192340375612
69.0 0.33528308111072336 0.389762769987903 0.12003439819556912 0.126524032521461
9.0 0.6165149813349369 0.4729086260337468 0.36853079607933004 0.34409473513924654
15.0 0.6499741808467255 0.31305810217637975 0.2529717822385723 0.1736832569865491
35.0 0.4795171955711904 0.4748458522515165 0.03510801807309482 0.025108547531721242
0.0 0.7516492766713596 0.5554958289288444 0.3484474280173368 0.3224679224889093
67.0 0.51831844238129 0.36428817318327056 0.06318789928565215 0.10478646697083181
12.0 0.5011233553957495 0.31904642381005777 0.48455690363533893 0.2229020925237049
13.0 0.7670044914343422 0.41889137722280845 0.2636300101550583 0.28502631388727084
41.0 0.27358280040682037 0.42881540435490906 0.05074270964320599 0.06162957881040818
66.0 0.43430847591423555 0.3711945357835065 0.1296349124179818 0.14245800253921043
54.0 0.3794586711891238 0.376037057907473 0.05674326096894618 0.11642558013229361
1.0 0.22666514570738136 0.5462887574116098 0.01573371576854967 0.06556086595535172
56.0 0.5370955392483678 0.5906617653711352 0.10490521250205603 0.12343703596455953
35.0 0.34902860094863203 0.4810950220706463 0.023058132583866495 0.01719976361283816
46.0 0.25732519239313134 0.5766314335312603 0.0354966129076872 0.07695240305480038
46.0 0.5687420722272477 0.6633770572102337 0.08294456548597405 0.1364825866562641
71.0 0.22193011514302052 0.4921943397173224 0.009792189395696435 0.02638189628895961
73.0 0.7366345273772371 0.4757132022409597 0.14029098516354774 0.1358017725400186
59.0 0.8468020448867017 0.4139988905740356 0.0625040164633047 0.08932923481159194
27.0 0.3301649481248918 0.44326409948355694 0.08420873824210502 0.034089652367404584
21.0 0.26089506664407763 0.43895053581490945 0.020333848205048688 0.030722288296673683
47.0 0.5921188893446694 0.47432068997956095 0.046823433146662034 0.06749311987993943
29.0 0.26124244180915773 0.48335868796876547 0.007808029112980298 0.010454584775617755
52.0 0.3938661872924605 0.6210040437948767 0.2147287298839374 0.166902590721049
25.0 0.44178808304812717 0.4259100990521044 0.1416954281205291 0.05927618169771487
17.0 0.576327645805576 0.657420429082608 0.009503109099912971 0.011880317998307847
17.0 0.5624973144163977 0.6680225019033403 0.00953558588945422 0.011589484879507507
17.0 0.5567526465634403 0.6509318352217262 0.008223492020149574 0.010346245472320055
17.0 0.5743119145705677 0.6736978447863736 0.009461337281213483 0.010073692541778883
16.0 0.594370856265188 0.23216988755533818 0.043734930613501984 0.06358253154517371
17.0 0.5647188501906645 0.6443562310198309 0.006769267444400858 0.009663527387570588
39.0 0.8547616085981818 0.34915873542022685 0.014348086938976507 0.037314996915617626
48.0 0.8300254997205061 0.5832204923426921 0.17169678139512645 0.1607834596767696
37.0 0.7914329917807863 0.6398104623478563 0.06474300281464745 0.03198060014355115
