56 0.672486 0.664094 0.065423 0.108712
7 0.610919 0.797277 0.161407 0.305081
29 0.880042 0.382804 0.006786 0.013114
48 0.252334 0.890574 0.307605 0.158709
41 0.873976 0.316657 0.065145 0.068733
17 0.638438 0.828866 0.003934 0.008786
69 0.802222 0.288963 0.094224 0.145774
9 0.513170 0.534874 0.415774 0.387156
72 0.040623 0.510909 0.016947 0.076094
52 0.777680 0.636591 0.171599 0.212515
7 0.873519 0.496955 0.061768 0.149762
17 0.651962 0.787296 0.004229 0.009311
21 0.887403 0.320875 0.037241 0.031748
66 0.718521 0.307510 0.114342 0.180854
17 0.648470 0.814900 0.004721 0.010753
67 0.633488 0.331564 0.046941 0.155569
3 0.731384 0.449112 0.150775 0.483332
54 0.765303 0.287830 0.048712 0.161132
12 0.589265 0.258478 0.528767 0.163081
59 0.142405 0.581945 0.124869 0.139082
0 0.318019 0.766828 0.581931 0.429683
46 0.885080 0.500805 0.026456 0.108445
73 0.387864 0.650199 0.217556 0.178991
58 0.896176 0.424211 0.020994 0.038407
5 0.812724 0.405212 0.127792 0.398546
47 0.590268 0.549963 0.045938 0.093403
11 0.889079 0.422591 0.040771 0.144774
35 0.709301 0.481522 0.033494 0.027385
39 0.105694 0.483710 0.024988 0.064784
13 0.260823 0.554190 0.459196 0.421682
28 0.669860 0.744118 0.008329 0.011800
37 0.345932 0.946957 0.120887 0.025780
25 0.722978 0.391099 0.134439 0.050953
17 0.634209 0.810310 0.004131 0.010229
15 0.388593 0.315597 0.426989 0.193637
35 0.819579 0.421064 0.020539 0.017274
46 0.640449 0.805173 0.081337 0.210411
27 0.819446 0.359678 0.061634 0.025999
17 0.643700 0.781919 0.004426 0.009311
19 0.642618 0.804212 0.011311 0.028719
16 0.441498 0.156090 0.048588 0.093936
