56.0 0.6659992588108556 0.6566642333185823 0.08337606898518712 0.12361101656622475
7.0 0.6140233035389875 0.804087655084251 0.2098468751962853 0.3421009901350364
29.0 0.8600833274651964 0.3285591202468016 0.008854873614124625 0.01467244096723086
48.0 0.23454789768509426 0.9311726166848997 0.35237744139544824 0.1376547666302006
41.0 0.846046653130043 0.2632514727310263 0.07857719088808512 0.08328770272920916
17.0 0.647503696477493 0.8299595310827702 0.005266532596613471 0.009697984621580188
69.0 0.7648978525863261 0.25085337578678213 0.11886619653236419 0.16715515480200638
9.0 0.47820597331555614 0.5609241963699111 0.4957075906703683 0.4796816257270045
52.0 0.777306626475534 0.6062525281569807 0.21051969299872442 0.25107725174205026
7.0 0.8658282709308656 0.4449303181055549 0.08401817164484005 0.1641637511817935
17.0 0.6575358626873603 0.7851738415814699 0.005646367894215132 0.010290287511976063
21.0 0.8611232301532186 0.264600338084565 0.044071147582051995 0.04001470830787538
66.0 0.6759572583514748 0.28760470302455027 0.14469050067429323 0.20682847531437307
17.0 0.6568429441810766 0.813728139501062 0.006343590653885678 0.011848783337447877
67.0 0.5861874869739645 0.3301897601852898 0.06854667310590079 0.16681064817029045
3.0 0.7058724403726608 0.4274363603799869 0.21833277916477567 0.5193240102558843
54.0 0.7246202282933498 0.2576837463714359 0.07109833307560198 0.1727956121449767
12.0 0.5298738321149626 0.26613249703511427 0.5933875196648593 0.278410187335433
59.0 0.0802853732744614 0.6883841910527706 0.15144063403179983 0.16703228857276078
0.0 0.31632931065823033 0.7787352599511799 0.6326586213164607 0.4425294800976404
46.0 0.8788341328354916 0.44631150005994163 0.0409685777669454 0.11492844350897331
73.0 0.3549039680433575 0.7041249906886408 0.2567284058347853 0.22723780444794972
58.0 0.8822865503384542 0.3667769654278033 0.027151174986430382 0.04321307722459844
5.0 0.7893938390883855 0.36566151407453784 0.18380213172022952 0.42897260652956204
47.0 0.563748803936814 0.5594738001787455 0.06046386979511431 0.10398598181751284
11.0 0.8743861679140299 0.36667781628840107 0.06062248516752755 0.15460667145937515
35.0 0.6855019385221133 0.4648449148785405 0.03950550107196571 0.03481164499001732
39.0 0.02931260766048062 0.5973771056891842 0.03446142976409641 0.07064004755445419
13.0 0.23967618755180636 0.6348634533030075 0.4793523751036127 0.5238287282782678
28.0 0.6721439535894151 0.7378242915187889 0.010385173536716752 0.013682220849971394
37.0 0.342679251559975 0.993007377582594 0.13436673827039758 0.013985244834811894
25.0 0.6902058328515006 0.3708257993540554 0.15193609220844728 0.08034295729003545
17.0 0.640817544861752 0.8121846778201377 0.0056430552185211535 0.01119368913882468
15.0 0.3180631166445525 0.3669860501592998 0.48613852180941197 0.287207962269776
35.0 0.7986317297913268 0.38014614031144056 0.024279507042479165 0.02183158130705472
46.0 0.6470258799090998 0.8056638059523218 0.11212122836657457 0.2294693844257273
27.0 0.7915828198271194 0.3183523106602804 0.06995246843036362 0.03949165967629997
17.0 0.6479459869891699 0.7815425113878453 0.005860615753730425 0.010332941654208838
19.0 0.6492766472422133 0.8042277007659252 0.015531114706388682 0.03136542355305346
16.0 0.3576582157244659 0.1949216726904263 0.06340574364752921 0.10509497111907277
