4 0.236798 0.434742 0.137434 0.365783
8 0.567659 0.536279 0.430583 0.365893
2 0.340470 0.473047 0.173948 0.443367
10 0.152242 0.466344 0.055587 0.173345
12 0.459978 0.288835 0.481036 0.148421
13 0.791804 0.537369 0.387941 0.375335
7 0.468197 0.778989 0.157016 0.283519
7 0.164024 0.527369 0.061886 0.145267
0 0.743066 0.731031 0.506893 0.393968
35 0.240615 0.451082 0.023332 0.015965
15 0.659529 0.338720 0.376768 0.181199
53 0.293993 0.325202 0.048505 0.148192
35 0.376307 0.500615 0.039910 0.024972
68 0.250553 0.327249 0.105914 0.138367
44 0.182556 0.550543 0.036917 0.080711
40 0.171655 0.354472 0.066618 0.067546
64 0.353090 0.340144 0.129860 0.165794
65 0.449333 0.364296 0.058943 0.148601
57 0.137492 0.471617 0.020639 0.062939
55 0.418807 0.678813 0.082734 0.129708
46 0.447618 0.787008 0.090452 0.195283
46 0.152653 0.529801 0.028894 0.103622
72 0.706632 0.629499 0.195619 0.159861
24 0.350225 0.418540 0.155864 0.042183
51 0.280999 0.650474 0.202244 0.184660
17 0.436809 0.764763 0.005154 0.010309
48 0.837175 0.807116 0.278113 0.206188
59 0.910581 0.564241 0.096053 0.122773
26 0.234301 0.393698 0.080122 0.021243
17 0.445361 0.808186 0.005388 0.009060
17 0.436458 0.785694 0.003983 0.007185
29 0.161949 0.417755 0.008434 0.011871
17 0.450280 0.772417 0.005388 0.011246
16 0.599795 0.193393 0.046149 0.084968
17 0.455434 0.799595 0.004920 0.006248
36 0.750138 0.892090 0.100737 0.028741
19 0.445475 0.785222 0.014052 0.025617
39 0.936284 0.475553 0.020851 0.057481
