4.0 0.21700908787412743 0.4324950690179286 0.17323039537070115 0.4135092697924973
8.0 0.5364347582728868 0.595482575420184 0.4651997774680748 0.46190118390578117
2.0 0.31645297409868034 0.49050016568739424 0.2173070770663535 0.5024288538122361
10.0 0.1296556379665228 0.4523407725526179 0.07258971772028992 0.19439101390798053
12.0 0.45378414414320906 0.3133304595369734 0.49383367910304854 0.2378180763943002
13.0 0.7595611038770302 0.6335584934713602 0.4236693600298015 0.4649688546706876
7.0 0.41325415822230294 0.8370257195757848 0.1845567962811911 0.32594856084843055
7.0 0.13532461312644375 0.5194925616697973 0.07607250041764672 0.16542398066606623
0.0 0.6917732619862902 0.7901231398532266 0.54399013657947 0.4197537202935471
35.0 0.21918658947970746 0.4505846002739377 0.024823988644851747 0.020902459199291457
15.0 0.6475667153617652 0.39949892680362636 0.39324690364622095 0.25567443985133664
53.0 0.2848588028150195 0.324858735841781 0.06303657077191932 0.16634616947344671
35.0 0.3494044836985186 0.5258609159331821 0.04222982217149868 0.033257337427936205
68.0 0.24139178681668588 0.3198926897594603 0.11923592868454438 0.1653010236934935
44.0 0.1514781208394262 0.5473081797363251 0.044788802488537366 0.09232744651773157
40.0 0.16010856639933915 0.3359907342088637 0.07306072009037885 0.0831502655380673
64.0 0.3422307340746029 0.350557648548701 0.14581059788181583 0.1985529047662464
65.0 0.4356824233857268 0.3922154259826292 0.0734728240501023 0.16850211704847143
57.0 0.11444146521139531 0.45554659202376024 0.02681058278753573 0.07065560589204363
55.0 0.3740210748549139 0.723282739023494 0.0952894350559923 0.15223069925100052
46.0 0.391961728491389 0.8436448762630006 0.10949348439154366 0.22357545455442165
46.0 0.12375808040646372 0.5202188870003103 0.03907546310378303 0.11548902758112518
72.0 0.6655783687778989 0.7179832930882482 0.21071283348833336 0.2030418060450975
24.0 0.33158571762154165 0.43386015995390964 0.1594234778952971 0.07074387806213152
51.0 0.2395893239418881 0.6703060106976696 0.21977566347248123 0.23063302401766617
17.0 0.38340753433580244 0.8180937792236054 0.006157674047970241 0.01186496001878871
48.0 0.777938119268857 0.8981084620043182 0.29747617418186256 0.2037830759913636
59.0 0.8751849154519573 0.681833728733055 0.10786510483521317 0.14701330603721408
26.0 0.21860153109773678 0.38822407008330667 0.08190789431799264 0.03589445484668352
17.0 0.38760905803938034 0.8659041140534539 0.006266564225111404 0.010568787351318202
17.0 0.3809776646770415 0.8404029400735826 0.004680930082141932 0.008333930576777485
29.0 0.1441523857479391 0.40201688881188624 0.009579587324983874 0.014074315452275332
17.0 0.3960630995548738 0.8284911971907203 0.006483833141080808 0.012904820304595313
16.0 0.602519098511439 0.23436514254146087 0.05440641797943069 0.09839677342501674
17.0 0.39849498132144356 0.8583825445015679 0.005521002092343075 0.007486840296038189
36.0 0.6828091524576515 0.9910513287490783 0.10318437352962095 0.017897342501843383
19.0 0.3900049433473397 0.841383457313519 0.016540971285095185 0.02968852152932359
39.0 0.9095980957546905 0.5912939916142221 0.026479274035911438 0.06485808020330149
