6 0.492794 0.435182 0.509398 0.212997
1 0.492168 0.674908 0.603383 0.293184
14 0.489852 0.259081 0.416667 0.162880
70 0.720865 0.533745 0.113409 0.142833
71 0.266917 0.532075 0.119048 0.144504
63 0.492794 0.583027 0.405388 0.102740
60 0.491228 0.749248 0.402256 0.096057
61 0.732769 0.720849 0.108396 0.142833
41 0.248434 0.314901 0.053258 0.057634
32 0.746744 0.703989 0.058682 0.069311
59 0.494361 0.695790 0.239348 0.092716
62 0.252820 0.720849 0.109649 0.139492
39 0.493480 0.588081 0.053877 0.071050
40 0.738095 0.313231 0.062657 0.055964
18 0.298743 0.680834 0.020255 0.028801
33 0.241517 0.704070 0.058414 0.065202
21 0.249874 0.306647 0.049259 0.039140
16 0.490688 0.140151 0.003540 0.028913
11 0.240790 0.432496 0.089261 0.234444
20 0.739775 0.305219 0.054215 0.037039
10 0.743777 0.426561 0.092236 0.223844
12 0.491642 0.236764 0.430309 0.167499
30 0.328524 0.330531 0.078339 0.010857
22 0.475234 0.327723 0.133092 0.014975
31 0.382856 0.333900 0.048295 0.010857
23 0.554977 0.329969 0.103329 0.017970
