6.0 0.5072060227394104 0.43518200516700745 0.5093979835510254 0.21299701929092407
1.0 0.5078320205211639 0.6749079823493958 0.6033830046653748 0.29318392276763916
14.0 0.5101480185985565 0.25908100605010986 0.41666704416275024 0.16288000345230103
70.0 0.2791350185871124 0.5337449908256531 0.11340898275375366 0.14283299446105957
71.0 0.7330830097198486 0.5320749878883362 0.11904799938201904 0.14450395107269287
63.0 0.5072060227394104 0.5830269753932953 0.4053879976272583 0.10273998975753784
60.0 0.5087720155715942 0.7492479979991913 0.4022560119628906 0.0960569977760315
61.0 0.2672309875488281 0.7208489775657654 0.10839605331420898 0.14283299446105957
41.0 0.7515659928321838 0.3149009943008423 0.05325806140899658 0.05763399600982666
32.0 0.2532559931278229 0.7039889991283417 0.058682024478912354 0.06931096315383911
59.0 0.5056390166282654 0.6957899928092957 0.23934805393218994 0.09271609783172607
62.0 0.7471800148487091 0.7208490073680878 0.10964900255203247 0.13949209451675415
39.0 0.5065199732780457 0.588081032037735 0.05387699604034424 0.07104998826980591
40.0 0.2619049847126007 0.3132310062646866 0.06265705823898315 0.05596402287483215
18.0 0.7012570202350616 0.680834025144577 0.02025502920150757 0.028801023960113525
33.0 0.7584829926490784 0.7040700018405914 0.05841398239135742 0.06520205736160278
21.0 0.7501260042190552 0.3066469877958298 0.04925894737243652 0.039140015840530396
16.0 0.5093120038509369 0.1401509940624237 0.0035399794578552246 0.028912991285324097
11.0 0.7592099905014038 0.43249598145484924 0.08926105499267578 0.23444396257400513
20.0 0.2602250277996063 0.30521900951862335 0.05421501398086548 0.03703901171684265
10.0 0.25622299313545227 0.42656101286411285 0.0922359824180603 0.2238440215587616
12.0 0.5083580017089844 0.23676400631666183 0.4303090572357178 0.16749902069568634
30.0 0.6714759767055511 0.3305310010910034 0.07833904027938843 0.010856986045837402
22.0 0.5247659981250763 0.3277229964733124 0.1330919861793518 0.014975011348724365
31.0 0.617143988609314 0.33390000462532043 0.048295021057128906 0.010856986045837402
23.0 0.4450230300426483 0.32996898889541626 0.10332900285720825 0.017970025539398193
