5 0.704636 0.390543 0.134439 0.326424
3 0.601219 0.411963 0.155935 0.365671
11 0.786785 0.414751 0.061373 0.170382
9 0.414160 0.463144 0.342602 0.298923
7 0.776799 0.475071 0.064287 0.128637
7 0.489310 0.650083 0.126646 0.212436
0 0.265970 0.591557 0.398695 0.290979
35 0.565408 0.434064 0.034264 0.018501
15 0.338996 0.289557 0.301523 0.151585
35 0.693552 0.400531 0.021028 0.013545
66 0.594863 0.300627 0.113953 0.137778
13 0.228377 0.440068 0.307202 0.286456
69 0.691436 0.289711 0.104539 0.123359
58 0.804462 0.430416 0.021580 0.066718
67 0.509768 0.315873 0.052431 0.117450
56 0.521887 0.576893 0.084858 0.108934
12 0.472782 0.257975 0.575271 0.136893
41 0.762081 0.320350 0.046639 0.058056
54 0.649379 0.291118 0.042481 0.129139
46 0.500993 0.653323 0.077645 0.147482
46 0.788843 0.477777 0.028584 0.090036
52 0.661047 0.564369 0.202044 0.134270
73 0.298416 0.508297 0.147319 0.120807
21 0.773549 0.329920 0.023219 0.036472
47 0.453742 0.466701 0.040159 0.068114
48 0.189923 0.640879 0.226394 0.162888
27 0.704993 0.352286 0.080920 0.014360
25 0.594888 0.367599 0.141148 0.024145
17 0.502930 0.632289 0.007626 0.009335
17 0.491491 0.641730 0.006990 0.009123
17 0.488949 0.662415 0.007308 0.008911
29 0.776541 0.376413 0.007149 0.009779
16 0.390189 0.176908 0.037458 0.062219
17 0.498005 0.667401 0.006355 0.008274
17 0.507219 0.649262 0.006990 0.009759
38 0.083757 0.445667 0.008206 0.016438
39 0.122175 0.391137 0.015486 0.043482
37 0.263321 0.706649 0.078900 0.020150
