5.0 0.29546572825296996 0.3370351071737799 0.13923869757847002 0.3444482099658843
3.0 0.39961999295766726 0.361398737571487 0.16136175825335167 0.3859615970808802
11.0 0.2122841247767467 0.3608650227505156 0.06379575086262877 0.17962618725963647
9.0 0.5878776649520794 0.4184955024144225 0.3490549471535609 0.3195144397773505
7.0 0.22170972244287782 0.4242391726118873 0.06628445217763132 0.13595045140141956
7.0 0.5099962479705494 0.6129246652588479 0.13013663307572831 0.22489492346444892
0.0 0.7360645844672745 0.5557731133781899 0.40558764680123566 0.3122368682676517
35.0 0.43552708401055346 0.3852172614258302 0.03478578444403387 0.02001853439975953
15.0 0.6656284791940552 0.23805344997994554 0.30599325615846423 0.1644057207859691
35.0 0.3065453311555311 0.3477043642534744 0.021372038114298372 0.014580482007580437
66.0 0.4072427623876041 0.24488694967685368 0.11651515819661744 0.14645066288312109
13.0 0.7756525350524573 0.39778051900657596 0.31318793275125406 0.30579566591510243
69.0 0.3098827506684597 0.23165418301880825 0.10685654589917765 0.13117075394163766
58.0 0.19427157761877192 0.3769458612494756 0.02250575014373524 0.0702921445922505
67.0 0.4929702154943401 0.26244192087497986 0.05419604875316566 0.12401081924709421
56.0 0.47790744664943047 0.5356480134799757 0.08683465935514562 0.11569348392115435
12.0 0.5309307129293245 0.2024793331025064 0.5821482493279683 0.15411093355448638
41.0 0.23824328909322134 0.2624350481076072 0.0477057370821206 0.06168477454256312
54.0 0.35231880556709805 0.23391097443624725 0.04427946843828579 0.1360704290103958
46.0 0.49816857562218103 0.6161012414667503 0.07997206808999996 0.15594025533292782
46.0 0.20952345998523905 0.4268496702026729 0.029828264172079906 0.09484936460247559
52.0 0.33757861620417395 0.5199380461169768 0.20539390693534879 0.14441564716220506
73.0 0.7042171780426422 0.4679500840535804 0.15000996840301403 0.1292937584486655
21.0 0.2265640216991497 0.27224665229364514 0.023832176083354428 0.03863847848124014
47.0 0.5478860129796106 0.4214848105518495 0.04127400603590104 0.07210039996705571
48.0 0.8122896940651053 0.6088559998635744 0.23028252458912202 0.17484763806681125
27.0 0.2955202185272221 0.29695232826595536 0.08183434523343858 0.016549147692799835
25.0 0.40649139680429075 0.3150430362168289 0.14273299168187426 0.027920525926092003
17.0 0.4964414798477234 0.5940310322796938 0.007798705107955755 0.009920822466467328
17.0 0.5078853474447595 0.6041338492133298 0.0071545234029227345 0.009686952239022115
17.0 0.5102269153303712 0.6258498034157468 0.007473136295380698 0.009470775338387498
29.0 0.2230398587755179 0.32089472437735567 0.007322031668259351 0.010377081404471212
16.0 0.6151769489428087 0.11909497238215473 0.038483783135714496 0.06587483781095542
17.0 0.5010319543070743 0.6309043032336193 0.006504275949874341 0.008785688286928278
17.0 0.49192823771443034 0.6117312283546278 0.007161298832773847 0.010353172939154396
38.0 0.9215676314052909 0.4063378170220949 0.00846117134113456 0.017372398944723852
39.0 0.8833807306721732 0.34849972552543185 0.016102641001486215 0.045837842082355904
37.0 0.7374905189232124 0.6763871842286725 0.07985812587102088 0.022576858139128714
