69 0.284401 0.480190 0.107778 0.086499
66 0.201226 0.473345 0.087089 0.076815
17 0.406624 0.756107 0.007946 0.008546
12 0.443276 0.475212 0.598809 0.118944
25 0.186889 0.506117 0.069504 0.024450
21 0.292230 0.526982 0.078342 0.025379
17 0.415552 0.767697 0.004797 0.006522
61 0.969338 0.728380 0.010019 0.037415
46 0.118866 0.613358 0.028442 0.069676
17 0.424022 0.761737 0.005247 0.006747
14 0.529636 0.490744 0.401037 0.108149
7 0.431832 0.751739 0.137315 0.180021
27 0.238269 0.521004 0.031369 0.011764
0 0.091408 0.557498 0.016569 0.050084
70 0.946667 0.634113 0.024193 0.046518
9 0.118057 0.541928 0.061076 0.163282
52 0.243532 0.676814 0.204259 0.111446
46 0.412706 0.754907 0.076418 0.121792
41 0.305782 0.525815 0.104445 0.062373
3 0.186197 0.541259 0.120847 0.215032
47 0.105302 0.514185 0.012138 0.024669
6 0.672365 0.590669 0.531396 0.146878
1 0.712122 0.738540 0.536953 0.188303
59 0.871008 0.730127 0.150878 0.074909
7 0.137083 0.612797 0.074558 0.104036
56 0.108776 0.563529 0.025228 0.026511
35 0.218817 0.552479 0.024035 0.012783
29 0.352185 0.595876 0.017841 0.012481
71 0.618729 0.670013 0.222004 0.074572
40 0.708422 0.498602 0.027993 0.016329
5 0.279084 0.575664 0.154752 0.280819
17 0.418855 0.742957 0.004198 0.006522
43 0.097205 0.597677 0.008442 0.042424
28 0.406630 0.794529 0.006147 0.003935
54 0.234674 0.476181 0.039718 0.081147
11 0.453574 0.626750 0.235596 0.187803
39 0.854881 0.672191 0.041090 0.041004
17 0.408586 0.741833 0.006147 0.005622
19 0.414802 0.754316 0.010195 0.015292
33 0.625683 0.776991 0.110036 0.027997
50 0.362842 0.537937 0.024533 0.041866
63 0.824821 0.671063 0.258208 0.085448
67 0.158123 0.470094 0.039107 0.044985
45 0.356569 0.728309 0.022661 0.074316
60 0.834947 0.763884 0.266283 0.100136
18 0.734406 0.753048 0.020893 0.016715
31 0.553338 0.536305 0.151361 0.004755
62 0.637579 0.784515 0.179856 0.062504
35 0.136660 0.522816 0.017043 0.007866
58 0.388573 0.669477 0.072870 0.044323
23 0.666560 0.526282 0.088957 0.004857
22 0.471909 0.538396 0.137547 0.009141
30 0.615726 0.531115 0.146601 0.011289
