69.0 0.3045873481911204 0.5159772696260688 0.12158263100175422 0.08789925605969441
66.0 0.2165633164554783 0.5053275110234566 0.0987894757670776 0.07763176416104241
17.0 0.4129689838848334 0.7853961838516701 0.009134811607841669 0.008550611198816114
12.0 0.4741483702465141 0.5190876599236761 0.6469860388337306 0.1431680290313707
25.0 0.19871286464540355 0.5358998606113761 0.07593538519711564 0.026777691301069554
21.0 0.3092333549687184 0.5610289525557026 0.08541927390101726 0.02810180291368618
17.0 0.42156133392420375 0.7969009809646208 0.005622169050959992 0.006462876099964079
46.0 0.11782513553663282 0.6348982857428228 0.03577972110080928 0.06791513326769291
17.0 0.4310501811469703 0.7916311498390113 0.006119049134039482 0.006699863220567295
14.0 0.5648786795888388 0.5381869971803813 0.4355491531822847 0.12307689764775703
7.0 0.44015464240319785 0.7824742621835561 0.1604088780484103 0.1786303198113132
27.0 0.25224768380743146 0.5526524857870962 0.03432913275291711 0.012781384917582968
0.0 0.09299354060302349 0.5802195266355619 0.021592357781447965 0.048626590245886205
70.0 0.9914537846804766 0.6956739764030406 0.01709243063904692 0.04559999603608427
9.0 0.12259704457437477 0.5666762655867358 0.07791030711210277 0.15887973504752728
52.0 0.24556375238236905 0.7016380225206454 0.22628204738742583 0.11648639735542374
46.0 0.4195396349819068 0.7845517584301714 0.09097417378709144 0.12003551006240464
41.0 0.3237553943847751 0.5605856779672377 0.11613096235423634 0.06470539724690089
3.0 0.1952045580443699 0.5694096628803808 0.1456351104208851 0.21123443875098233
47.0 0.11120360146324784 0.5395635625634274 0.014869925767866818 0.024147915612642616
6.0 0.7089744193714065 0.6406313081991702 0.5774083749436306 0.16649582531880588
1.0 0.7231746240528137 0.7837458261094106 0.5536507518943724 0.20631215500598196
59.0 0.9094890922266671 0.7835780257806895 0.16656101207614551 0.07896907768728928
7.0 0.13726665442712557 0.6352642800814935 0.08759336540815854 0.10299487262680233
56.0 0.1110111703884383 0.5868357646991603 0.02895330353109172 0.026554005057916153
35.0 0.22905313561531068 0.5817336809560205 0.026600368031723158 0.0133911230830275
29.0 0.36763947691838633 0.6297571928051042 0.019981236903046828 0.01279638056288099
71.0 0.6456059305609787 0.7137132038158892 0.24226857784991934 0.08216718026972179
40.0 0.754628412897252 0.5545350515445521 0.03109440046197059 0.016971771415813415
5.0 0.29139631817146294 0.606846773932452 0.18692507363991742 0.2757077286904206
17.0 0.42702947397972874 0.773449387396646 0.004984327020865833 0.00643317586604932
43.0 0.09599741370567491 0.6188583837267769 0.012334722406097684 0.04091275765861585
28.0 0.40994519655940537 0.8220714214055 0.006855589837394342 0.004060239550713555
54.0 0.2519547227230451 0.5096897595762746 0.048690961065285046 0.07942262143658746
11.0 0.47316253647021256 0.6642446401032004 0.26567117745211305 0.1909219620434808
39.0 0.8968863604618643 0.7274783613951298 0.04698592544266948 0.041172861536137535
17.0 0.4161837882148446 0.771868389199539 0.006988607072722785 0.0056705753382304165
19.0 0.42181805675280243 0.7840913455799781 0.01206151606241469 0.015101147462864901
33.0 0.6445736837287933 0.8161709119964486 0.11937317693231636 0.032169176822508486
50.0 0.3835563032287272 0.5749801410770063 0.029424242029727432 0.04117633287917373
63.0 0.8620648463318112 0.7249141459727017 0.2758703073363775 0.09434016321938164
67.0 0.17092408154375768 0.500091349181573 0.045188454075640996 0.044874705878568885
45.0 0.36186320126585697 0.7563851869282642 0.029990151145877834 0.07205816754660746
60.0 0.8613566107944585 0.8140155088383256 0.277286778411083 0.10875994492779531
18.0 0.7622290720828234 0.7986968781575045 0.023564917346924362 0.01698890173858672
31.0 0.5865231548249635 0.5828491721090981 0.16154256160482822 0.012028970064880266
62.0 0.6566470252281523 0.8239414520687506 0.19643815521758023 0.06856217199903565
35.0 0.1439125906612782 0.5493538955280459 0.01876757078873454 0.008351733079470465
58.0 0.40058050088141467 0.7018121178595954 0.08108676373814319 0.04591368581731154
23.0 0.7078712032755985 0.5788848198993795 0.0951036039710212 0.00903826425542219
22.0 0.49965348034232254 0.5808155271394518 0.1471795221920121 0.015531945134459749
30.0 0.6533625696452418 0.5809825068006924 0.15698953623974038 0.01803034825209478
