10 0.201918 0.618065 0.216484 0.240124
2 0.655437 0.554403 0.232459 0.336342
8 0.810772 0.565329 0.284608 0.301199
5 0.425892 0.561727 0.254902 0.350289
7 0.791572 0.711670 0.131319 0.179702
35 0.511408 0.562305 0.045216 0.012965
49 0.299611 0.508694 0.043258 0.051817
53 0.550784 0.447159 0.032244 0.123247
40 0.335169 0.498655 0.050295 0.075610
35 0.728474 0.546383 0.043309 0.011754
68 0.452368 0.457910 0.193736 0.135139
64 0.657612 0.446645 0.190688 0.118580
65 0.752850 0.449150 0.077520 0.083144
44 0.280617 0.732463 0.015510 0.081576
55 0.799890 0.640108 0.141313 0.070365
42 0.861901 0.709935 0.024615 0.074223
57 0.189719 0.693720 0.145695 0.138920
46 0.794288 0.720836 0.093266 0.123654
72 0.936238 0.546600 0.040462 0.079372
46 0.199494 0.736745 0.100361 0.127536
70 0.088803 0.603180 0.064627 0.055400
51 0.501196 0.734581 0.426544 0.037248
6 0.169106 0.526206 0.208455 0.105744
13 0.899517 0.476666 0.107026 0.058875
0 0.906644 0.647345 0.116439 0.139732
20 0.341658 0.504683 0.030711 0.032296
17 0.195118 0.723065 0.005515 0.007539
28 0.172301 0.769027 0.005138 0.006715
26 0.452803 0.517812 0.188068 0.023298
17 0.188115 0.737771 0.005374 0.007162
29 0.281108 0.579336 0.019768 0.012295
24 0.652853 0.501712 0.210947 0.023506
17 0.209047 0.726834 0.005940 0.007539
17 0.211025 0.745024 0.006509 0.008480
17 0.198158 0.751337 0.006505 0.006785
19 0.199639 0.737768 0.014001 0.017340
17 0.790753 0.706809 0.007564 0.009258
17 0.783730 0.722342 0.006174 0.008229
17 0.791294 0.735714 0.004939 0.005349
17 0.803488 0.710613 0.006483 0.009463
17 0.804106 0.728408 0.006483 0.007200
19 0.795771 0.722030 0.013275 0.016252
61 0.060810 0.699169 0.033428 0.059099
28 0.805109 0.765225 0.004168 0.005143
32 0.062515 0.691896 0.019648 0.021639
16 0.703956 0.348869 0.035499 0.050010
14 0.342323 0.447936 0.162725 0.121600
15 0.804164 0.427530 0.118399 0.077760
12 0.531739 0.431468 0.493365 0.145190
7 0.206650 0.729718 0.152425 0.176854
