10.0 0.20191799104213715 0.6180649995803833 0.2164839804172516 0.24012398719787598
2.0 0.6554370224475861 0.5544029921293259 0.23245900869369507 0.3363420069217682
8.0 0.8107719719409943 0.5653290003538132 0.2846079468727112 0.3011989891529083
5.0 0.42589201033115387 0.561726987361908 0.2549019753932953 0.350288987159729
7.0 0.7915720045566559 0.7116699814796448 0.1313191056251526 0.1797020435333252
35.0 0.5114080011844635 0.5623050034046173 0.04521602392196655 0.012965023517608643
49.0 0.29961100220680237 0.5086939930915833 0.04325801134109497 0.05181694030761719
53.0 0.5507839918136597 0.447159007191658 0.032243967056274414 0.12324699759483337
40.0 0.3351689875125885 0.4986550062894821 0.05029499530792236 0.07560995221138
35.0 0.7284740209579468 0.5463829934597015 0.04330897331237793 0.011753976345062256
68.0 0.45236800611019135 0.4579100012779236 0.1937359869480133 0.13513898849487305
64.0 0.6576119959354401 0.44664500653743744 0.19068795442581177 0.11858001351356506
65.0 0.7528499960899353 0.4491499960422516 0.07752001285552979 0.08314400911331177
44.0 0.28061698377132416 0.732463002204895 0.015509992837905884 0.08157598972320557
55.0 0.7998899817466736 0.6401079893112183 0.14131295680999756 0.0703650712966919
42.0 0.8619009852409363 0.7099350094795227 0.024614930152893066 0.07422304153442383
57.0 0.18971900641918182 0.6937200129032135 0.14569500088691711 0.13892000913619995
46.0 0.7942880094051361 0.7208360135555267 0.0932660698890686 0.1236540675163269
72.0 0.9362379908561707 0.5466000139713287 0.04046201705932617 0.07937198877334595
46.0 0.19949399679899216 0.7367449998855591 0.10036100447177887 0.12753593921661377
70.0 0.08880299888551235 0.6031799912452698 0.06462699547410011 0.05540001392364502
51.0 0.5011959969997406 0.7345810234546661 0.4265440106391907 0.03724795579910278
6.0 0.16910601034760475 0.5262060165405273 0.20845501869916916 0.10574400424957275
13.0 0.8995169699192047 0.47666600346565247 0.10702604055404663 0.05887502431869507
0.0 0.9066439867019653 0.6473450064659119 0.11643898487091064 0.1397320032119751
20.0 0.34165799617767334 0.5046829879283905 0.030710995197296143 0.03229600191116333
17.0 0.1951179951429367 0.7230650186538696 0.005515009164810181 0.007539033889770508
28.0 0.1723010018467903 0.7690269947052002 0.005137994885444641 0.006715059280395508
26.0 0.45280301570892334 0.5178119838237762 0.18806803226470947 0.02329796552658081
17.0 0.18811500072479248 0.7377710044384003 0.005374014377593994 0.007162034511566162
29.0 0.2811080068349838 0.5793359875679016 0.019767969846725464 0.012295007705688477
24.0 0.6528530120849609 0.5017119944095612 0.21094703674316406 0.023505985736846924
17.0 0.20904700458049774 0.7268339991569519 0.005939990282058716 0.007539033889770508
17.0 0.21102499961853027 0.7450240254402161 0.006509006023406982 0.008479952812194824
17.0 0.19815800338983536 0.7513369619846344 0.006504997611045837 0.006784975528717041
19.0 0.19963900744915009 0.7377679646015167 0.014001011848449707 0.017340004444122314
17.0 0.7907530069351196 0.7068089842796326 0.007564067840576172 0.009258031845092773
17.0 0.7837300002574921 0.7223419845104218 0.006174027919769287 0.008229076862335205
17.0 0.7912939786911011 0.7357139885425568 0.004938960075378418 0.00534898042678833
17.0 0.8034879863262177 0.7106129825115204 0.006483018398284912 0.009463012218475342
17.0 0.8041060268878937 0.728408008813858 0.006483018398284912 0.0071999430656433105
19.0 0.7957710027694702 0.7220300137996674 0.01327502727508545 0.016251981258392334
61.0 0.06080999970436096 0.6991690099239349 0.033427998423576355 0.059099018573760986
28.0 0.8051089942455292 0.7652249932289124 0.00416797399520874 0.0051430463790893555
32.0 0.06251499801874161 0.6918960213661194 0.019648000597953796 0.021638989448547363
16.0 0.7039560079574585 0.3488690108060837 0.035498976707458496 0.05000999569892883
14.0 0.3423230051994324 0.4479359984397888 0.162725031375885 0.12160003185272217
15.0 0.8041640222072601 0.4275300055742264 0.11839908361434937 0.0777600109577179
12.0 0.5317389816045761 0.4314679950475693 0.49336495995521545 0.14519003033638
7.0 0.2066499888896942 0.7297179996967316 0.15242499113082886 0.1768539547920227
