4 0.715398 0.518748 0.181287 0.486111
2 0.842394 0.460549 0.123126 0.368052
8 0.903326 0.466314 0.094638 0.270007
10 0.484285 0.611468 0.296319 0.324768
7 0.509531 0.818702 0.174639 0.302678
7 0.884379 0.579605 0.084016 0.161783
35 0.788375 0.485777 0.028528 0.024300
40 0.679621 0.433162 0.114970 0.121976
65 0.877539 0.338919 0.040365 0.077515
44 0.600751 0.773965 0.031012 0.118874
60 0.139615 0.822343 0.103908 0.147653
68 0.717782 0.360261 0.129870 0.163217
64 0.828044 0.345734 0.090592 0.134532
19 0.524584 0.827245 0.014421 0.025253
46 0.523849 0.829587 0.109332 0.199549
63 0.149883 0.641772 0.120189 0.151715
24 0.840564 0.401791 0.094217 0.047173
53 0.786335 0.351046 0.027835 0.141291
29 0.614193 0.563263 0.021439 0.022561
55 0.916446 0.492346 0.032778 0.030520
6 0.330375 0.535438 0.459223 0.262397
1 0.275613 0.776087 0.407818 0.348573
20 0.693496 0.442727 0.086498 0.043250
51 0.744493 0.692210 0.253247 0.194244
0 0.939364 0.489221 0.017208 0.088977
12 0.622437 0.353227 0.553963 0.207268
17 0.538053 0.824408 0.010383 0.012178
14 0.504906 0.377389 0.346778 0.186708
35 0.890370 0.433215 0.022130 0.015718
49 0.609169 0.462622 0.033668 0.072999
57 0.569617 0.688906 0.079169 0.064769
42 0.927886 0.551222 0.013306 0.086582
46 0.902334 0.582706 0.036117 0.111397
70 0.297459 0.687798 0.221231 0.120115
72 0.949778 0.419624 0.006137 0.048487
59 0.103951 0.737334 0.066569 0.147946
17 0.514249 0.845897 0.005865 0.014870
61 0.269616 0.876276 0.182508 0.071296
26 0.766017 0.435716 0.058453 0.033457
17 0.533391 0.805052 0.008749 0.010383
17 0.527709 0.849166 0.009133 0.016024
17 0.517614 0.817375 0.005672 0.010383
17 0.904138 0.588242 0.004732 0.007695
17 0.905696 0.574006 0.004617 0.005694
28 0.913314 0.575699 0.006002 0.004771
32 0.303642 0.875895 0.051089 0.044820
39 0.120278 0.637321 0.022519 0.058011
22 0.417600 0.436084 0.106692 0.040517
16 0.763092 0.217035 0.033819 0.075471
30 0.348841 0.408538 0.026017 0.025070
31 0.439705 0.440773 0.067775 0.042852
23 0.366245 0.420367 0.051160 0.039937
