4.0 0.2648126113141236 0.502655094075415 0.2389544543949542 0.49097929021187736
2.0 0.1553768719505946 0.4161747390317301 0.16780086299233682 0.36802009272095915
8.0 0.09797337145293412 0.4054028160735462 0.12710303210021556 0.27111776139346855
10.0 0.4658864047273438 0.6480049602393092 0.3222910256166166 0.37410996687294246
7.0 0.4123270583613583 0.8303422332849287 0.20611983268158413 0.3219562054071014
7.0 0.0990951805435512 0.5136982244908673 0.10151128486538234 0.1696329963069756
35.0 0.2018577471184211 0.45339087271418016 0.030015747636871523 0.029664101813372163
40.0 0.31046614191132327 0.4340200923470344 0.12446093429416767 0.1414755675715827
65.0 0.14042996674728891 0.2960138293516142 0.048739561457840565 0.08130521444212964
44.0 0.33414674681141165 0.7655494090042069 0.04606857401764036 0.11656045958311931
60.0 0.7552050855324913 0.9249919938427249 0.1179238558130127 0.15001601231455008
68.0 0.28563636449478746 0.3575022037477614 0.14428774106125886 0.1830032856183983
64.0 0.18538743965186394 0.3152488767038335 0.10365503251382496 0.14651253916360701
19.0 0.3971110087880037 0.8341727460475585 0.017058199634976033 0.026822036752878628
46.0 0.3974529273779236 0.8365018077633215 0.13050259251873014 0.21073196438440492
63.0 0.7719198088121092 0.7636088358481687 0.13362863911331507 0.16996781075431033
24.0 0.16561648674730714 0.36307419387802803 0.09432215697700393 0.06780263418412188
53.0 0.22333542256357905 0.33106507944778596 0.046377676175771376 0.13616695469901363
29.0 0.35229464911814085 0.5698721908003992 0.02318203064466966 0.026213495941322676
55.0 0.08200971629016568 0.42569025001854877 0.03486533414172934 0.03645417184134702
6.0 0.6198183144894559 0.6191607812307068 0.46445515710112045 0.3600875290522009
1.0 0.6356764441276228 0.820221007926471 0.4292599776789732 0.359557984147058
20.0 0.2961951427693817 0.4390924969461778 0.08658605579586365 0.06219466352316639
51.0 0.21258902285595477 0.6531828298763859 0.26333331984570263 0.24375324056508987
0.0 0.06118824400125142 0.41681162286477563 0.028908205656212514 0.08566581742941733
12.0 0.37517119060581977 0.3761697260235782 0.5443926466612139 0.3347376483841422
17.0 0.38501960353907216 0.8280424723336445 0.011409082652967915 0.01383663572382981
14.0 0.4807677315530126 0.4291215427135402 0.3490663063010029 0.2614857580119229
35.0 0.1148120218285041 0.37862783031485314 0.02282883589858051 0.02015502353536489
49.0 0.3715872887507683 0.47941837863657155 0.0418661103024265 0.0754252997655195
57.0 0.3754134110047559 0.6961735438310893 0.08291010744950157 0.07988997373878191
42.0 0.0628315888487343 0.47637035781805115 0.024937571009843312 0.08245524984476599
46.0 0.08197613842211436 0.5118027412075021 0.04972087762027297 0.11108500806087875
70.0 0.6282292132645994 0.7667583024693961 0.2228365649035887 0.16773199915063933
72.0 0.061636828474300846 0.3506059286776523 0.012745003288954067 0.045830160955665125
59.0 0.8006698339361743 0.8628357364528441 0.0833032880739402 0.15242521331975897
17.0 0.40399422407433816 0.8539004407288161 0.007606168373812731 0.015102961896534452
61.0 0.6266807080335087 0.9447220810914478 0.17979243853116753 0.11055583781710437
26.0 0.22989016284248842 0.4136213728158121 0.05912728391717328 0.04588666200101538
17.0 0.3921609912580859 0.8116179491468791 0.009631273106430503 0.011769970677664787
17.0 0.3910236099561939 0.8533406342107038 0.010807675742467637 0.01701504491375974
17.0 0.4050161986199293 0.8270057747815762 0.006774794151871883 0.010960474165924805
17.0 0.0794967049007746 0.5163765133432499 0.005511475122610215 0.008261999290867014
17.0 0.08011967876344855 0.5029847313902799 0.005113828182937811 0.006407018316369381
28.0 0.07280144366675192 0.5025245582330808 0.006265384256333076 0.005929629519642453
32.0 0.595148443891239 0.9366591477802315 0.053942691955819085 0.05431148381544631
39.0 0.800050252362178 0.7673379240161201 0.029337449272563373 0.05882476189161366
22.0 0.5532856326045791 0.5056131587642203 0.10493560425158686 0.06501470590277386
16.0 0.26439197881184745 0.21497366461561088 0.04236553819034057 0.0777192798471745
30.0 0.6211212044478791 0.4985817801388484 0.027796641697739898 0.02970570097800059
31.0 0.5320831032246076 0.5040740541022416 0.06914691081036191 0.05690635239627126
23.0 0.6032450066512448 0.5047903687556862 0.05329882199382079 0.049877286960537
