8 0.248821 0.339889 0.090442 0.162725
9 0.734472 0.341406 0.091752 0.158834
7 0.242959 0.773788 0.060888 0.041932
13 0.491451 0.463510 0.480228 0.276527
7 0.729848 0.774720 0.076661 0.044974
0 0.491452 0.651974 0.600284 0.237259
12 0.489939 0.222081 0.412080 0.082945
15 0.490928 0.268502 0.443122 0.121895
43 0.753087 0.746720 0.052361 0.032439
73 0.746412 0.475548 0.084221 0.128337
42 0.228137 0.739625 0.060158 0.049360
72 0.238773 0.475856 0.086072 0.127720
59 0.486808 0.497143 0.222121 0.080210
48 0.491435 0.724200 0.581217 0.038253
39 0.492437 0.405938 0.043277 0.059006
16 0.490047 0.149623 0.014808 0.086997
38 0.309637 0.535275 0.054837 0.016296
37 0.746562 0.714913 0.070352 0.021420
36 0.237108 0.714543 0.072568 0.021173
