8.0 0.24882099777460098 0.3398890048265457 0.0904419869184494 0.16272500157356262
9.0 0.734472006559372 0.341405987739563 0.09175199270248413 0.15883398056030273
7.0 0.24295900017023087 0.7737880051136017 0.06088797748088837 0.04193204641342163
13.0 0.4914509952068329 0.46351000666618347 0.4802280068397522 0.2765269875526428
7.0 0.7298479974269867 0.7747200429439545 0.07666105031967163 0.04497402906417847
0.0 0.4914519861340523 0.6519739925861359 0.6002839654684067 0.23725897073745728
12.0 0.48993900418281555 0.2220810055732727 0.41207998991012573 0.08294498920440674
15.0 0.4909279942512512 0.26850200444459915 0.4431220293045044 0.12189500033855438
43.0 0.7530869841575623 0.7467199862003326 0.05236101150512695 0.03243905305862427
73.0 0.7464119791984558 0.47554798424243927 0.0842210054397583 0.12833699584007263
42.0 0.22813699394464493 0.7396250069141388 0.06015799939632416 0.04935997724533081
72.0 0.23877300322055817 0.4758559912443161 0.08607199788093567 0.12772002816200256
59.0 0.48680800199508667 0.4971430003643036 0.222121000289917 0.08021003007888794
48.0 0.4914350137114525 0.7242000102996826 0.5812170058488846 0.038252949714660645
39.0 0.4924370050430298 0.4059380143880844 0.04327702522277832 0.05900600552558899
16.0 0.49004699289798737 0.14962300285696983 0.014808028936386108 0.08699700981378555
38.0 0.30963699519634247 0.535275012254715 0.05483701825141907 0.016295969486236572
37.0 0.7465620040893555 0.714913010597229 0.07035195827484131 0.021420001983642578
36.0 0.2371079996228218 0.7145430147647858 0.07256798446178436 0.021173059940338135
