5 0.384163 0.297952 0.175841 0.396188
11 0.586206 0.374427 0.241544 0.256480
3 0.243935 0.259300 0.133371 0.323118
9 0.174375 0.265547 0.121064 0.245394
7 0.186101 0.358589 0.073900 0.143371
6 0.693544 0.318209 0.330655 0.174597
7 0.562900 0.521219 0.135761 0.206729
0 0.131499 0.300738 0.035451 0.111411
1 0.736373 0.493387 0.279682 0.211716
14 0.546553 0.188100 0.261469 0.142871
12 0.420371 0.166784 0.498372 0.173706
35 0.315155 0.277979 0.029014 0.018136
50 0.487034 0.255891 0.028556 0.058279
41 0.429770 0.239079 0.084751 0.089049
35 0.196625 0.235267 0.021379 0.013041
69 0.379515 0.177494 0.129646 0.146105
66 0.259178 0.159679 0.097284 0.115664
54 0.307133 0.161396 0.023669 0.123690
58 0.538229 0.459464 0.113661 0.113418
67 0.202128 0.149676 0.043063 0.071320
56 0.159879 0.313251 0.034324 0.076172
46 0.553313 0.530050 0.091784 0.143476
46 0.177168 0.366285 0.040737 0.100362
73 0.117571 0.221363 0.011064 0.054528
71 0.728093 0.417428 0.147771 0.084729
63 0.827752 0.396740 0.076017 0.085975
59 0.853818 0.466295 0.046576 0.082761
60 0.826319 0.524786 0.063951 0.085655
61 0.736425 0.547649 0.115836 0.047658
52 0.347901 0.449837 0.268163 0.137579
47 0.144677 0.221349 0.015485 0.039505
27 0.345902 0.238905 0.087110 0.035391
17 0.187572 0.370125 0.004153 0.006678
30 0.562285 0.258426 0.078390 0.006344
21 0.420080 0.239077 0.066127 0.035664
25 0.246261 0.205626 0.111289 0.041081
17 0.566792 0.532202 0.008306 0.009236
17 0.547625 0.533907 0.008306 0.008667
17 0.559019 0.545132 0.007880 0.010372
29 0.485467 0.336150 0.017996 0.016624
17 0.560510 0.513731 0.008306 0.010088
17 0.178149 0.355203 0.006176 0.007531
17 0.547731 0.514725 0.007241 0.008667
17 0.176391 0.367493 0.005324 0.006678
17 0.184058 0.356271 0.004259 0.006394
17 0.182887 0.377368 0.005537 0.006252
16 0.299128 0.064404 0.015816 0.031292
18 0.804886 0.503092 0.010904 0.017465
39 0.847433 0.397534 0.014544 0.041723
22 0.639804 0.246456 0.061142 0.015196
23 0.666235 0.238868 0.050528 0.007967
31 0.613311 0.250899 0.097077 0.009889
