5.0 0.3841629922389984 0.29795198515057564 0.17584097385406494 0.3961879834532738
11.0 0.5862060189247131 0.374427005648613 0.24154400825500488 0.25648000836372375
3.0 0.2439349964261055 0.25929998606443405 0.13337098062038422 0.3231179863214493
9.0 0.1743750013411045 0.2655469849705696 0.12106399983167648 0.24539397656917572
7.0 0.18610099703073502 0.3585889935493469 0.0738999992609024 0.14337098598480225
6.0 0.6935439705848694 0.3182090073823929 0.33065497875213623 0.17459699511528015
7.0 0.5628999620676041 0.5212189853191376 0.13576099276542664 0.206728994846344
0.0 0.1314989998936653 0.30073800683021545 0.0354510098695755 0.11141103506088257
1.0 0.7363729774951935 0.49338701367378235 0.2796819806098938 0.21171599626541138
14.0 0.5465530157089233 0.18809999525547028 0.2614690065383911 0.14287099242210388
12.0 0.42037098854780197 0.16678401082754135 0.4983719736337662 0.17370600998401642
35.0 0.3151549994945526 0.2779790163040161 0.029013991355895996 0.018136024475097656
50.0 0.48703400790691376 0.25589100271463394 0.028556019067764282 0.058279022574424744
41.0 0.42977000772953033 0.23907899111509323 0.08475098013877869 0.08904899656772614
35.0 0.1966250017285347 0.23526699095964432 0.021379008889198303 0.013041004538536072
69.0 0.37951500713825226 0.17749398946762085 0.12964603304862976 0.14610499143600464
66.0 0.2591779977083206 0.15967899933457375 0.0972839891910553 0.11566399782896042
54.0 0.3071329891681671 0.16139600053429604 0.023669004440307617 0.12369000166654587
58.0 0.5382290184497833 0.45946401357650757 0.11366099119186401 0.11341798305511475
67.0 0.20212799310684204 0.14967600256204605 0.04306298494338989 0.07132001221179962
56.0 0.15987900644540787 0.31325098872184753 0.034324005246162415 0.07617199420928955
46.0 0.5533130168914795 0.5300499945878983 0.09178400039672852 0.1434759795665741
46.0 0.17716799676418304 0.3662849962711334 0.040737003087997437 0.10036200284957886
73.0 0.11757099628448486 0.22136299312114716 0.011064007878303528 0.054527997970581055
71.0 0.7280930280685425 0.41742800176143646 0.14777100086212158 0.08472898602485657
63.0 0.8277519941329956 0.39674000442028046 0.07601702213287354 0.08597502112388611
59.0 0.8538179993629456 0.46629498898983 0.04657602310180664 0.08276095986366272
60.0 0.826319009065628 0.5247859954833984 0.06395095586776733 0.08565497398376465
61.0 0.73642498254776 0.5476489961147308 0.11583602428436279 0.04765802621841431
52.0 0.34790101647377014 0.44983701407909393 0.2681630253791809 0.13757899403572083
47.0 0.14467699825763702 0.22134900093078613 0.015484988689422607 0.03950497508049011
27.0 0.3459019958972931 0.23890499770641327 0.08710998296737671 0.035391002893447876
17.0 0.18757200241088867 0.3701249957084656 0.0041529834270477295 0.00667804479598999
30.0 0.5622850060462952 0.2584259957075119 0.07839000225067139 0.0063439905643463135
21.0 0.4200800061225891 0.23907700926065445 0.0661270022392273 0.03566400706768036
25.0 0.24626099318265915 0.2056259959936142 0.11128897964954376 0.041081011295318604
17.0 0.5667919814586639 0.5322020053863525 0.008305966854095459 0.009235978126525879
17.0 0.5476250052452087 0.5339069962501526 0.008306026458740234 0.0086669921875
17.0 0.5590189695358276 0.5451320111751556 0.007879972457885742 0.010371983051300049
29.0 0.48546698689460754 0.3361499756574631 0.01799595355987549 0.016624003648757935
17.0 0.5605100095272064 0.5137309730052948 0.008305966854095459 0.010088026523590088
17.0 0.1781489998102188 0.3552030026912689 0.006175994873046875 0.00753098726272583
17.0 0.5477310419082642 0.514724999666214 0.007241010665893555 0.008667051792144775
17.0 0.17639099806547165 0.36749300360679626 0.005324020981788635 0.006677985191345215
17.0 0.18405800312757492 0.35627099871635437 0.004259005188941956 0.006394028663635254
17.0 0.182887002825737 0.3773680031299591 0.0055370032787323 0.006251990795135498
16.0 0.299127995967865 0.06440399959683418 0.015816032886505127 0.03129199892282486
18.0 0.804885983467102 0.5030920058488846 0.01090395450592041 0.01746496558189392
39.0 0.8474329710006714 0.39753399789333344 0.014544010162353516 0.04172298312187195
22.0 0.6398039758205414 0.24645600467920303 0.061142027378082275 0.01519601047039032
23.0 0.6662349998950958 0.23886800557374954 0.050527989864349365 0.007967010140419006
31.0 0.6133109927177429 0.2508989945054054 0.09707701206207275 0.009888991713523865
