3.0 0.7302407816829142 0.6479097453190636 0.13979400405900938 0.3527985090926853
15.0 0.4579067309169366 0.48640646519913516 0.3846727808348818 0.1366724766668814
11.0 0.8240033721043191 0.6831579837789553 0.04178734931823527 0.14650802402364332
7.0 0.6623513559238006 0.8700323883691005 0.13092976617034188 0.259935223261799
9.0 0.6164844863085924 0.6648529090123554 0.28164100026630223 0.34083494718818486
5.0 0.7738002023361833 0.6349105613599917 0.1271139177616996 0.3045087686249639
7.0 0.8259399491336622 0.740289068385877 0.0744011963669424 0.12592892498918118
13.0 0.36268992805852834 0.6353405311682123 0.46489458579906073 0.29189886085287053
8.0 0.14237016252200094 0.537270505422731 0.013391202221617817 0.027135483246472632
0.0 0.38642306800071263 0.8024143040657109 0.6022828191709029 0.32709750993282266
12.0 0.5298844591781866 0.49156431823288976 0.5549559224792193 0.17445444448603287
46.0 0.8243111506763651 0.7443132827812731 0.052844472790103986 0.09025585302252921
35.0 0.7902275655133544 0.6398321809954984 0.01070907145691147 0.010697339170884687
35.0 0.7305447011502184 0.6422648274359658 0.019552471539059393 0.01667493903814678
66.0 0.7227378658126206 0.5350206532935421 0.0838077162623216 0.11440802957105108
41.0 0.8166689143308643 0.5919145242306835 0.05310544382733478 0.04388559875416705
69.0 0.766853175788425 0.5471318990998696 0.07777793946308559 0.11450210666759902
54.0 0.7462253645557471 0.537675694065532 0.05580303374012393 0.11348785371047243
58.0 0.8344258971684136 0.673143611431961 0.012472960336809535 0.024173518901084462
56.0 0.710198764604819 0.7799932917142364 0.04979351096499945 0.12315027413151433
39.0 0.27256046460860317 0.5625361643606265 0.03557217097779187 0.05029008280084358
67.0 0.6808633395765511 0.5324013347036486 0.040745012103798786 0.10752080715433401
46.0 0.6927849946239384 0.8768166295964933 0.051525953287045165 0.17747633403749458
73.0 0.5371958872733115 0.669780377641747 0.17111030792941495 0.1444818636763514
72.0 0.13277874702266138 0.5975439518775572 0.025001256678667594 0.09844024963838124
59.0 0.28388645767998555 0.6329973774987132 0.1761283508465347 0.09371970361613144
52.0 0.7681890867833873 0.8037716129150433 0.09589692403708332 0.12351917990779737
47.0 0.668525069265518 0.6519906720825566 0.03033952716719521 0.06873098226259218
48.0 0.3260727810193898 0.8474670193761689 0.4607841346959704 0.15575737531373104
21.0 0.8314320890079991 0.5913059004698408 0.023392024774495705 0.02218478327659644
27.0 0.7840958296759656 0.6016159822772145 0.03583743030783855 0.014104090802966816
29.0 0.8214649437347408 0.6379626350033984 0.0050934075291422685 0.008402415627273917
17.0 0.8215796354428571 0.7492231967271031 0.003913436154458433 0.00550922139444765
25.0 0.7303303881750166 0.5893655835936531 0.07429462548254273 0.01846999881042494
17.0 0.8236448509245702 0.7376959970066596 0.004507224615932349 0.005233208162245167
16.0 0.5078101206967385 0.4086772539690244 0.044746421718298755 0.06954092180459984
37.0 0.4956695694254223 0.9056554452902735 0.11205503477243857 0.023084180818584123
38.0 0.15298963281365602 0.6459895910061552 0.027858435919159322 0.018395679700048125
36.0 0.10861984325260716 0.7777642368534897 0.012758788886248902 0.015620110334645384
