4 0.147969 0.494382 0.143856 0.384792
10 0.075893 0.559253 0.050502 0.191110
2 0.209359 0.512997 0.164876 0.452550
8 0.388532 0.541704 0.393055 0.433924
7 0.067129 0.631579 0.060512 0.165254
73 0.879801 0.539341 0.007259 0.106637
46 0.262488 0.817849 0.067659 0.236551
59 0.769325 0.541384 0.142173 0.087403
0 0.597402 0.761278 0.606081 0.339563
7 0.286929 0.817579 0.134530 0.350392
15 0.531902 0.340235 0.379371 0.124775
35 0.130241 0.498357 0.016040 0.012115
13 0.654430 0.529438 0.449254 0.312419
12 0.372195 0.317875 0.444477 0.097922
53 0.196135 0.370125 0.059224 0.141065
64 0.233530 0.365800 0.111049 0.142471
68 0.164823 0.384047 0.101162 0.150325
35 0.226839 0.495388 0.028873 0.016153
65 0.304427 0.356660 0.048179 0.132773
57 0.057915 0.552148 0.014668 0.038652
40 0.091477 0.434797 0.070399 0.060336
55 0.249994 0.686053 0.077087 0.170729
17 0.256493 0.811123 0.004144 0.013808
48 0.686347 0.827062 0.408281 0.130519
29 0.080539 0.501400 0.007013 0.011471
72 0.510619 0.537635 0.212140 0.176036
17 0.261195 0.838738 0.005897 0.011258
39 0.791867 0.455029 0.027803 0.059790
17 0.270758 0.836720 0.004622 0.010621
16 0.494287 0.249066 0.059448 0.086881
36 0.547736 0.871862 0.130500 0.018036
38 0.644777 0.609517 0.058762 0.017789
