10 0.078704 0.362981 0.157407 0.199607
8 0.827401 0.494429 0.339757 0.242077
4 0.344470 0.358680 0.409746 0.353646
2 0.675920 0.389571 0.493780 0.406859
7 0.874385 0.645547 0.249754 0.214991
7 0.070958 0.427110 0.131762 0.139300
6 0.082704 0.269036 0.165408 0.032628
35 0.398919 0.371483 0.065524 0.019210
35 0.802405 0.432315 0.100072 0.024720
12 0.577665 0.233164 0.844670 0.148101
40 0.187233 0.270253 0.092225 0.055537
53 0.519832 0.253746 0.117138 0.140397
64 0.709087 0.291092 0.387798 0.156285
65 0.935370 0.310100 0.127523 0.126718
68 0.368462 0.258960 0.306940 0.115554
57 0.041289 0.387817 0.082578 0.087138
55 0.832266 0.580128 0.208544 0.094737
46 0.894772 0.663550 0.210457 0.148742
46 0.057054 0.435007 0.080456 0.098357
51 0.433014 0.545031 0.586836 0.171979
20 0.170666 0.270696 0.054498 0.031352
26 0.341190 0.310791 0.280759 0.034227
24 0.696344 0.349668 0.435523 0.055432
29 0.125411 0.326239 0.022222 0.011494
19 0.058111 0.435369 0.012244 0.011270
28 0.947031 0.721227 0.007481 0.007651
19 0.893647 0.664841 0.027271 0.019822
16 0.978052 0.187790 0.043897 0.022851
