10.0 0.918793222774692 0.27944993255702405 0.16241355445061617 0.23053220845740457
8.0 0.21883353086160753 0.4909173236654293 0.378618295234506 0.2933487428496855
4.0 0.6704130627742877 0.2993746791217487 0.46774701935656904 0.42053922804204513
2.0 0.34924223450783065 0.36345168867591326 0.5601906957477446 0.48588725918211595
7.0 0.1997864081250221 0.6587723377557545 0.2850050818097295 0.25571804643773266
7.0 0.9374383478592581 0.34812122652792044 0.12512330428148385 0.16290829198201126
6.0 0.9122867832393059 0.17817127833747454 0.16894802034434994 0.050600687704242454
35.0 0.6190472970130292 0.3182630182707768 0.06806050236205874 0.02684500379441626
35.0 0.2322659789103386 0.42139824770617307 0.10311239348673748 0.03600181221121256
12.0 0.42379058031658196 0.18513241008909997 0.8475811606331639 0.23836166799352718
40.0 0.8094611307873206 0.1891550578855767 0.10093784574946146 0.06862018537397259
53.0 0.4786044017609444 0.20205369501886297 0.14081061494538083 0.16274277666115528
64.0 0.2987750533133203 0.2599646523463298 0.4104958034844255 0.20496461957574555
65.0 0.07913407377550265 0.30145827699593253 0.14857974161632176 0.14890248811249462
68.0 0.62876670105154 0.19369633214449983 0.32343544193485796 0.15341576530277434
57.0 0.9629916774975841 0.3028623395332449 0.07401664500483196 0.10192035904497294
55.0 0.22950235415916534 0.5840936748720278 0.22267957728202817 0.1217918927115923
46.0 0.18293775351092487 0.6801369826268117 0.23431036412830536 0.18040225409964594
46.0 0.9594957375209301 0.35537991300666866 0.08100852495813984 0.11386304640429185
51.0 0.6167538134242323 0.5091952933697744 0.6095406558282436 0.24035282777293013
20.0 0.8258729060399652 0.18810225069689615 0.05938206640732378 0.038962960912812504
26.0 0.6650047546500285 0.24725538842624895 0.28295019248295167 0.06299863678703335
24.0 0.3219074520319549 0.3221654509637402 0.43934400644373717 0.10025526809525719
29.0 0.8805085373014536 0.24401459352843802 0.023980702283835573 0.014491650380501634
19.0 0.9665462613463778 0.3558693623667466 0.014103916915536063 0.013326509636553633
28.0 0.14182837876819393 0.7473764963427838 0.008755513817864026 0.008970279894379965
19.0 0.18427949095402066 0.6814298035761533 0.030460908575571204 0.023969487766524602
16.0 0.01934262293162899 0.17306601192773122 0.03868524586325798 0.02878441847012291
