4 0.741584 0.374759 0.175934 0.585053
2 0.862168 0.309048 0.122417 0.455271
10 0.528307 0.475641 0.279387 0.404191
8 0.929426 0.307437 0.078227 0.355395
7 0.558027 0.724035 0.153722 0.330210
7 0.904924 0.468300 0.080960 0.205572
6 0.329997 0.396473 0.526661 0.268695
1 0.287312 0.684225 0.495457 0.360626
14 0.489666 0.199201 0.411637 0.211008
12 0.600521 0.169723 0.596875 0.230769
40 0.711682 0.275907 0.115992 0.119636
35 0.909296 0.279243 0.020448 0.019812
35 0.813311 0.333892 0.027412 0.026267
49 0.642248 0.291513 0.031155 0.093097
53 0.808887 0.172309 0.051563 0.182149
68 0.736773 0.177148 0.144478 0.186619
64 0.853530 0.163888 0.105327 0.165192
65 0.898524 0.170130 0.031807 0.091325
57 0.593733 0.610372 0.111116 0.185367
55 0.936621 0.386264 0.032836 0.096721
46 0.567924 0.727882 0.090521 0.216068
72 0.966701 0.266057 0.007332 0.065909
71 0.058698 0.486545 0.017065 0.066201
70 0.346540 0.550444 0.233207 0.148066
59 0.112405 0.646325 0.116312 0.144909
60 0.147026 0.717081 0.206029 0.200632
63 0.160602 0.526567 0.197928 0.137216
61 0.327023 0.774254 0.193491 0.090321
51 0.769272 0.594548 0.248865 0.219867
20 0.723795 0.267870 0.091394 0.052405
24 0.870208 0.233194 0.073710 0.037647
26 0.789805 0.268776 0.041745 0.028373
29 0.650778 0.411920 0.018142 0.024387
17 0.568182 0.698966 0.008560 0.015107
17 0.577739 0.715196 0.008892 0.014108
17 0.570065 0.746827 0.008542 0.012087
17 0.556756 0.750110 0.010131 0.015071
17 0.554819 0.719221 0.009634 0.014176
32 0.365357 0.763872 0.055327 0.056327
39 0.126399 0.526863 0.032274 0.073232
30 0.311869 0.266619 0.044679 0.022375
16 0.754331 0.037510 0.015150 0.039554
22 0.392679 0.280738 0.113591 0.024426
11 0.125101 0.377157 0.099369 0.103134
11 0.290787 0.252747 0.024140 0.023078
