4.0 0.7415839731693268 0.3747589997947216 0.17593401670455933 0.5850530043244362
2.0 0.86216801404953 0.30904800072312355 0.12241697311401367 0.45527099817991257
10.0 0.5283069908618927 0.4756409823894501 0.2793869376182556 0.40419095754623413
8.0 0.929425984621048 0.3074370101094246 0.0782269835472107 0.35539500415325165
7.0 0.5580269992351532 0.7240350246429443 0.15372198820114136 0.33020997047424316
7.0 0.9049239754676819 0.468299999833107 0.08096003532409668 0.2055719792842865
6.0 0.3299970105290413 0.3964730054140091 0.5266610234975815 0.2686949670314789
1.0 0.2873119991272688 0.6842249631881714 0.4954569973051548 0.3606259822845459
14.0 0.4896659702062607 0.19920099526643753 0.41163697838783264 0.2110079973936081
12.0 0.6005209982395172 0.1697229966521263 0.596875011920929 0.23076899349689484
40.0 0.711681991815567 0.275907002389431 0.11599200963973999 0.11963601410388947
35.0 0.9092960059642792 0.27924299240112305 0.020448029041290283 0.01981198787689209
35.0 0.8133110105991364 0.33389200270175934 0.027411997318267822 0.026267021894454956
49.0 0.6422480046749115 0.29151301085948944 0.031154930591583252 0.09309700131416321
53.0 0.8088869750499725 0.1723090037703514 0.05156296491622925 0.1821490079164505
68.0 0.7367730140686035 0.1771480031311512 0.14447808265686035 0.18661900609731674
64.0 0.8535299897193909 0.16388800367712975 0.10532701015472412 0.16519201546907425
65.0 0.8985240161418915 0.17012999206781387 0.031807005405426025 0.09132499992847443
57.0 0.5937329828739166 0.610372006893158 0.11111599206924438 0.18536698818206787
55.0 0.9366210103034973 0.38626401126384735 0.032835960388183594 0.09672102332115173
46.0 0.5679239928722382 0.7278819978237152 0.09052103757858276 0.21606796979904175
72.0 0.9667010009288788 0.26605699956417084 0.007332026958465576 0.0659089982509613
71.0 0.05869799852371216 0.48654501140117645 0.017065003514289856 0.06620100140571594
70.0 0.34654000401496887 0.5504439920186996 0.23320698738098145 0.1480659544467926
59.0 0.11240500025451183 0.6463249921798706 0.11631200090050697 0.14490902423858643
60.0 0.14702600054442883 0.7170810103416443 0.2060290016233921 0.20063209533691406
63.0 0.1606020051985979 0.5265670120716095 0.19792800769209862 0.13721603155136108
61.0 0.3270229995250702 0.7742540240287781 0.19349098205566406 0.09032106399536133
51.0 0.769271969795227 0.5945480018854141 0.248865008354187 0.21986696124076843
20.0 0.7237949967384338 0.2678699940443039 0.09139406681060791 0.052404969930648804
24.0 0.8702079653739929 0.2331939935684204 0.07370996475219727 0.03764700889587402
26.0 0.789804995059967 0.268775999546051 0.04174506664276123 0.028373003005981445
29.0 0.6507779955863953 0.4119199961423874 0.018141984939575195 0.024386972188949585
17.0 0.5681820213794708 0.6989660263061523 0.008560001850128174 0.015107035636901855
17.0 0.5777389705181122 0.715196043252945 0.0088919997215271 0.014108002185821533
17.0 0.5700649917125702 0.7468270063400269 0.008542001247406006 0.012086987495422363
17.0 0.5567559897899628 0.750110000371933 0.01013106107711792 0.015070974826812744
17.0 0.5548189878463745 0.7192209959030151 0.009634017944335938 0.014176011085510254
32.0 0.36535701155662537 0.7638720273971558 0.055326998233795166 0.056326985359191895
39.0 0.12639899924397469 0.5268629938364029 0.032274000346660614 0.0732320249080658
30.0 0.3118689954280853 0.2666189968585968 0.04467898607254028 0.022374987602233887
16.0 0.754330962896347 0.03751000016927719 0.015150010585784912 0.03955399990081787
22.0 0.39267899096012115 0.2807380110025406 0.11359098553657532 0.024426013231277466
11.0 0.1251010037958622 0.3771570175886154 0.09936901181936264 0.10313400626182556
11.0 0.2907869964838028 0.252747006714344 0.024139970541000366 0.023078009486198425
