4 0.207991 0.463006 0.141380 0.407736
2 0.330852 0.484535 0.180815 0.455082
10 0.125721 0.512908 0.073219 0.191064
8 0.565326 0.531060 0.404514 0.408465
7 0.484316 0.777733 0.156722 0.283688
7 0.131828 0.578676 0.090180 0.147763
13 0.784935 0.469134 0.392397 0.364507
35 0.374235 0.506690 0.039541 0.021157
9 0.814349 0.269273 0.055507 0.039610
40 0.138251 0.387555 0.060220 0.080391
0 0.753235 0.654283 0.493007 0.409352
12 0.468888 0.276987 0.635202 0.190123
35 0.222924 0.480965 0.024075 0.013074
15 0.646223 0.299036 0.390729 0.199620
53 0.267528 0.337560 0.042704 0.157816
24 0.337667 0.424868 0.167361 0.015954
68 0.220353 0.340459 0.110978 0.148411
64 0.334072 0.341489 0.131562 0.159807
44 0.158137 0.598327 0.035478 0.075760
55 0.432369 0.682983 0.091053 0.139649
57 0.104113 0.507169 0.024818 0.037918
42 0.583475 0.819115 0.096612 0.137087
65 0.433103 0.357763 0.064481 0.134873
46 0.470116 0.787196 0.098336 0.186107
46 0.129155 0.587727 0.060989 0.103402
72 0.706528 0.566314 0.183603 0.166069
59 0.903836 0.483217 0.104338 0.133435
51 0.278336 0.680618 0.239230 0.145232
48 0.842294 0.749177 0.253221 0.177542
20 0.119443 0.399900 0.023262 0.026193
26 0.206938 0.420053 0.094760 0.010244
29 0.130022 0.460448 0.010277 0.011958
19 0.470184 0.783327 0.015322 0.025412
19 0.137616 0.588877 0.010277 0.015197
16 0.578490 0.158996 0.041481 0.086699
38 0.822630 0.591626 0.039273 0.035845
39 0.918641 0.394399 0.020083 0.054208
