4.0 0.732470159251229 0.5522614447722548 0.19060197033171727 0.4644981003369192
2.0 0.6192572290495943 0.5459271719260318 0.2333096808488948 0.5238857687104305
10.0 0.7981481536136172 0.6244941672547454 0.09554469364358684 0.21931277366213983
8.0 0.40233951860366285 0.5395871658596394 0.4259241580590866 0.5275771280325648
7.0 0.4358958331984615 0.8195293566153972 0.18477566911916135 0.3369990988685281
7.0 0.7823294941300849 0.6925717995225497 0.10388484285836945 0.17755523353825786
13.0 0.21579243269083667 0.42212285111069137 0.40816889503516235 0.47823965946631153
35.0 0.5769886337083273 0.5590745824414752 0.03867708475864037 0.03172819622714269
9.0 0.2209823838338744 0.2038835164410252 0.05585537983152514 0.05501566744201024
40.0 0.8066936350429922 0.4890156921199195 0.06649201797098504 0.0992414803882503
0.0 0.23377291753162446 0.6253513632555424 0.4675458350632489 0.5494693466030417
12.0 0.5285641697739631 0.29384092749883856 0.5977356361648712 0.35139183038280586
35.0 0.7162930851445436 0.567709971977477 0.02357934563290319 0.01952139492750615
15.0 0.36657672998672364 0.27515729443338827 0.3807048185236837 0.3035416037995981
53.0 0.6990121582356423 0.40555373771966485 0.0630310149513099 0.17694028211400561
24.0 0.6225642877995379 0.48123911520450424 0.1521119253575744 0.056495049072039984
68.0 0.7407237719779839 0.419789022567149 0.12257757583065824 0.18316505192043842
64.0 0.6389116395967126 0.39394991526377493 0.142772062666475 0.2000859455215912
44.0 0.7557172420979027 0.7071152182275711 0.0436464229757019 0.0884872635827063
55.0 0.4972547023817928 0.7316693004552983 0.10338704588408625 0.16918460842987962
57.0 0.8183668854106352 0.623544046869483 0.028156905735695167 0.045960093105335255
42.0 0.34074214738748604 0.8397943707272105 0.10795246072259866 0.16779258075958173
65.0 0.547827396378825 0.3877033917300946 0.07888279009620547 0.15784375031432007
46.0 0.4470981320092815 0.8328952252688242 0.1172151637016114 0.22002027583510791
46.0 0.783293111766174 0.7027726496651727 0.07080413194424058 0.12374871091263297
72.0 0.27057021200138276 0.5434186887892934 0.19027629792054762 0.21902854594948584
59.0 0.10729212938769975 0.40885509614642646 0.11428319150759046 0.16576150896090863
51.0 0.6353125867260795 0.7656432237907842 0.2367173480589285 0.21017376634645663
48.0 0.12378247282594493 0.7045758021037838 0.24756494565188986 0.2476418383668462
20.0 0.8215609396291619 0.5065192971707534 0.02491913572842499 0.0331970686991319
26.0 0.7401773560317487 0.5071049019948694 0.08631668299241196 0.03326758518135675
29.0 0.8025671332887827 0.5680199267103583 0.011069903222735296 0.01507442997195096
19.0 0.44764681832324327 0.8287891560821866 0.017698791990320237 0.0304912991484176
19.0 0.7755489095437873 0.701984818536022 0.011580112766401385 0.01849840297185581
16.0 0.44918028889690886 0.14315887212437564 0.050735464614982344 0.10147248928448557
38.0 0.1628030251153779 0.5426839823830735 0.04075120573526589 0.04719153090889571
39.0 0.10804905750711417 0.31145930229809715 0.026490446097970452 0.062059115317397426
