53 0.588315 0.120313 0.089938 0.075692
4 0.660416 0.278419 0.253831 0.380130
2 0.632312 0.154664 0.164360 0.166284
10 0.680580 0.424047 0.193792 0.336089
10 0.674237 0.149827 0.091647 0.114080
7 0.815628 0.609175 0.154015 0.303042
7 0.734032 0.242837 0.046360 0.085290
1 0.635580 0.748441 0.439129 0.502652
6 0.413790 0.652177 0.418256 0.695647
12 0.435463 0.344169 0.335371 0.555149
14 0.436337 0.383355 0.321918 0.499338
40 0.634154 0.201032 0.106540 0.143759
68 0.589172 0.152979 0.071906 0.099480
44 0.797288 0.507229 0.077392 0.109659
22 0.418380 0.489498 0.121727 0.119439
57 0.751602 0.434722 0.047505 0.060485
59 0.520500 0.991471 0.047764 0.016950
70 0.629966 0.679402 0.162634 0.354357
49 0.614328 0.256350 0.049463 0.062246
63 0.420433 0.885047 0.281678 0.228829
60 0.653090 0.973721 0.056373 0.052558
61 0.736652 0.869899 0.141379 0.260095
51 0.771934 0.389090 0.042642 0.173623
29 0.681094 0.319324 0.013057 0.024429
20 0.646661 0.177803 0.068865 0.093505
46 0.811299 0.582575 0.088743 0.163248
39 0.385797 0.962581 0.058941 0.074730
