53.0 0.6368320143392603 0.21881088342117713 0.10678674357237421 0.1007714398055317
4.0 0.6860985610278002 0.3912294162637373 0.32904070919405903 0.44101090395096687
2.0 0.6772148269538795 0.2655897317166249 0.19979492678438177 0.21045382018395606
10.0 0.6830315706958393 0.534830113967512 0.2588317519741917 0.3798420702408359
10.0 0.7219365423657929 0.27482927346032376 0.11495350933210587 0.13743893829913667
7.0 0.7937493684527962 0.7533669031463442 0.21167442152934068 0.3356777022715818
7.0 0.7691249364955839 0.381975118701024 0.06273128267982893 0.0954661537018934
1.0 0.5820083872841385 0.7582697298172343 0.5435000418936655 0.4834605403655315
6.0 0.3656638583856461 0.6328632911633227 0.5536921774965557 0.7342734176733546
12.0 0.43952915748333676 0.37908394350069174 0.44352910974067256 0.6324412612381118
14.0 0.4339356655474805 0.41622737804145815 0.4201659769933247 0.575524234280376
40.0 0.6714424307645619 0.30980647223008095 0.13548448390157386 0.1702514604674627
68.0 0.6323037086876532 0.24981639237848235 0.0918488791294763 0.11721437386172363
44.0 0.7914712636108759 0.6514507537004613 0.09928650281882927 0.1285924355922872
22.0 0.39749397939568026 0.5101530306169496 0.1473538144795711 0.15237242864980224
57.0 0.7556570085906966 0.5682291441001003 0.059810468113777035 0.0725126576509485
70.0 0.5875952665223659 0.7583547804138959 0.22922698246069623 0.38677619230664306
49.0 0.6414851975997446 0.3553145706343809 0.06215402643531567 0.07481294038867782
63.0 0.3339415937443936 0.864462506710938 0.33307971472744335 0.27107498657812373
61.0 0.6677107814849019 0.9135245112016894 0.1913038409026962 0.17295097759662106
51.0 0.7845354053971347 0.5319975690602413 0.07350906940043647 0.17732397967187133
29.0 0.7009651117476425 0.4365030776869203 0.017735562854812592 0.02727080641006694
20.0 0.688402547476007 0.2920721905918524 0.0876707875008372 0.11059447226835234
46.0 0.7936329792150049 0.7269247447713449 0.12007866525873948 0.1827283084708282
39.0 0.2847800494177739 0.9443897241188073 0.07415634486250769 0.08967193712609761
