3 0.233302 0.469900 0.145158 0.418222
5 0.386769 0.514424 0.184808 0.499769
11 0.588726 0.605054 0.226168 0.328053
7 0.575377 0.787304 0.141563 0.268055
9 0.144278 0.459195 0.143476 0.360166
7 0.159286 0.616971 0.088800 0.199346
6 0.683523 0.513932 0.303295 0.217173
1 0.734659 0.728338 0.240285 0.270571
14 0.542295 0.365342 0.250380 0.197831
12 0.417678 0.339607 0.467659 0.223588
35 0.315673 0.488588 0.033253 0.022760
60 0.817662 0.766363 0.056422 0.105198
21 0.431238 0.439478 0.063363 0.043888
41 0.439790 0.436713 0.078311 0.107592
50 0.493743 0.456518 0.029928 0.073305
35 0.181497 0.436270 0.025605 0.019804
69 0.379933 0.361090 0.138169 0.184965
54 0.304616 0.344639 0.026769 0.154590
67 0.183377 0.326950 0.049592 0.088590
66 0.241267 0.338391 0.129436 0.145203
58 0.548950 0.713824 0.112873 0.157817
56 0.138489 0.544738 0.058493 0.106812
46 0.566056 0.796793 0.091554 0.185933
46 0.146913 0.624706 0.049274 0.139026
73 0.080791 0.415603 0.013034 0.076860
71 0.722637 0.640248 0.131926 0.095510
63 0.807674 0.606339 0.067394 0.087598
59 0.837227 0.690263 0.033039 0.109638
62 0.740927 0.793889 0.099983 0.059980
52 0.341614 0.711436 0.301182 0.161654
27 0.350824 0.438511 0.100085 0.040911
25 0.236477 0.398587 0.128608 0.050049
19 0.566110 0.796427 0.013788 0.028158
29 0.495320 0.554414 0.018430 0.020517
19 0.148653 0.624458 0.008426 0.019208
16 0.276123 0.206966 0.023718 0.055243
28 0.528688 0.765643 0.002796 0.007289
18 0.796640 0.738639 0.008975 0.019941
22 0.632361 0.436040 0.056861 0.028967
39 0.825701 0.608788 0.012967 0.050922
30 0.564028 0.452444 0.068832 0.017439
