3.0 0.21419879813357592 0.5533424667079195 0.17977941079007348 0.47928744889085156
5.0 0.35883897748743604 0.5508304371525828 0.22515140131374953 0.5763374070763078
11.0 0.5528405548230572 0.5807163458570118 0.24314305205141223 0.4115466550914945
7.0 0.5615238396532171 0.7737597123685813 0.15935379952800383 0.32257379788516827
9.0 0.13202288747843435 0.570466952195619 0.1716170329395926 0.41860785274677376
7.0 0.16369610275686364 0.7291676830406049 0.10352443196941459 0.23466820557843648
6.0 0.6286323209382454 0.45626853531849826 0.3006094927553186 0.32111832315496536
1.0 0.6996280733662795 0.6621881472393696 0.24941286194148918 0.3564689646971427
14.0 0.48323204246007273 0.34708832350522767 0.25028209532273127 0.28430918228180335
12.0 0.36697288657602334 0.3599223289441565 0.45080481770962705 0.37985732163354285
35.0 0.2912369453462364 0.546597014422871 0.032838543554027225 0.03411865417794217
60.0 0.7794501901235749 0.6752757137260502 0.06332549893890604 0.1268682524713268
21.0 0.3907137569321657 0.45909186392821905 0.0626325983538921 0.06555041118433289
41.0 0.39817448452291393 0.4535168687675461 0.08350353164038875 0.13628588026613997
50.0 0.4494987018953059 0.45693534224971744 0.035589739744489 0.08542989927779907
35.0 0.1632483365460829 0.5349203941705375 0.025546187420734466 0.028632272643028815
69.0 0.33510435239837855 0.39414166359875863 0.14677445543579132 0.23541613834713118
54.0 0.2647362498200289 0.4009689886743673 0.04200395064861819 0.1686406630389565
67.0 0.15246809749447998 0.4210680749186856 0.05521726246611567 0.10749748579507377
66.0 0.20641679975937244 0.4145736150404937 0.1342904430621274 0.19145454849816224
58.0 0.5290976785949877 0.7060094421269825 0.12067022028152738 0.1992733503175444
56.0 0.13653199909303698 0.6609249771842767 0.06539314083938161 0.12919672210623723
46.0 0.5541319857315391 0.7865445430971834 0.10449629586210082 0.2216449867901644
46.0 0.15332858832554092 0.7411026487830638 0.06069040748313594 0.1596488551327105
73.0 0.06931138607334927 0.5454266060614877 0.0206335531379771 0.08375855688029124
71.0 0.6786317871189971 0.5747363412627442 0.13087727802566002 0.14076135486145167
63.0 0.7520849751238914 0.512655024200941 0.07129192147798538 0.11211191616379203
59.0 0.788546982119709 0.5902345665224759 0.042569762000157496 0.12405722686849485
62.0 0.7128169845646699 0.7281129754900805 0.0977709920689211 0.09382808816678813
52.0 0.3402864237705587 0.7692478289032812 0.292345062829926 0.2629305599276329
27.0 0.317479789980827 0.483576182731164 0.09568514877242781 0.07410473323945692
25.0 0.20893845183954726 0.47845529876298815 0.12266620136684006 0.09261177768168151
19.0 0.5541393064156133 0.7861482678176137 0.015754974129475574 0.03354179438397327
29.0 0.46211735991814623 0.5578566339784257 0.019103157081923783 0.02709698011234715
19.0 0.1548825011951916 0.7402942333172029 0.009856600658657743 0.022570178662894905
16.0 0.2230974021501547 0.2673690286577831 0.027879173958850735 0.06474934052918116
28.0 0.5165929773843254 0.7661161739756499 0.0033752756895954585 0.008437673457813351
18.0 0.7571666602256023 0.6532159777367519 0.010439590901344076 0.02350359552128367
22.0 0.5732096932121532 0.39178684775183004 0.05501530597752184 0.0480313756776554
39.0 0.7687574337882946 0.5094787585250838 0.01760919895505637 0.056865320008996335
30.0 0.5129460499251043 0.4304387517962783 0.06458391378423692 0.039882329065965255
