35 0.840382 0.432310 0.019599 0.012762
12 0.588364 0.341711 0.508337 0.152965
70 0.369433 0.574907 0.172242 0.091650
71 0.143057 0.542770 0.012519 0.044784
35 0.746261 0.462392 0.027803 0.018232
40 0.653150 0.408963 0.090304 0.087237
29 0.602760 0.504039 0.016793 0.017415
2 0.793413 0.452498 0.120396 0.333793
6 0.353443 0.480476 0.411459 0.157999
46 0.861157 0.579859 0.034744 0.109169
4 0.685046 0.486571 0.153564 0.401029
16 0.712278 0.252566 0.013286 0.032006
14 0.485000 0.358609 0.321667 0.136234
53 0.742137 0.347187 0.029932 0.123826
26 0.724274 0.417588 0.056909 0.022390
72 0.902441 0.430377 0.008183 0.048879
64 0.784628 0.346331 0.094399 0.109105
10 0.509179 0.551267 0.214650 0.279957
51 0.717989 0.646715 0.224374 0.125740
49 0.597946 0.428727 0.023513 0.054069
1 0.313002 0.675548 0.393310 0.236856
39 0.197360 0.575203 0.026859 0.048051
55 0.867486 0.500316 0.039861 0.046325
65 0.825823 0.347703 0.041136 0.074319
32 0.357035 0.715593 0.086290 0.034335
68 0.684063 0.356626 0.108453 0.132949
46 0.524897 0.719910 0.115273 0.166627
22 0.407148 0.406553 0.077418 0.012275
19 0.863651 0.579419 0.005564 0.015141
61 0.347727 0.726491 0.138770 0.078581
28 0.551667 0.662457 0.005000 0.010641
60 0.204351 0.695745 0.155857 0.128635
44 0.594326 0.663894 0.023085 0.061048
24 0.795177 0.397064 0.087695 0.029232
20 0.662933 0.407945 0.071369 0.035451
59 0.182980 0.651321 0.099769 0.094820
42 0.884996 0.559394 0.012928 0.070385
7 0.844776 0.577655 0.076678 0.150567
7 0.533130 0.708921 0.143424 0.229043
23 0.445229 0.412970 0.056494 0.022877
57 0.556524 0.603205 0.089687 0.068230
62 0.124753 0.656996 0.007534 0.058236
8 0.858211 0.464047 0.097622 0.261876
18 0.122054 0.616903 0.008160 0.019946
63 0.222586 0.576603 0.171642 0.104317
30 0.337083 0.405000 0.029167 0.012222
