35.0 0.16697695233815385 0.5241070039786127 0.0219741019569193 0.01988258430224966
12.0 0.3980690342049865 0.3438324416383707 0.5339642140661514 0.3330824733606918
70.0 0.6618466005776431 0.5071293416540655 0.1889718113257146 0.1537017474115269
71.0 0.8793764532448782 0.39570451561871167 0.02143833451320082 0.05027228778694191
35.0 0.26619850230733744 0.5223380437043619 0.0311982041629012 0.028336485313888538
40.0 0.3475457006362665 0.4352653162693375 0.10699347611374947 0.12077531709845156
29.0 0.4166239202098563 0.5153154048525633 0.020137534480614554 0.023682425777515795
2.0 0.21753721951868338 0.5285333344723477 0.18659395075684315 0.38408786607976847
6.0 0.6585889452831413 0.4047330851967902 0.43911008942991914 0.3046671467574594
46.0 0.1762327828940818 0.6826427542412605 0.05644250830093204 0.12401264955202312
4.0 0.3316632309862511 0.5259199812420845 0.2330034439307145 0.4645452451498443
16.0 0.25742927074317035 0.2953493640522907 0.019615328721798355 0.037432244485999036
14.0 0.5037735456084501 0.3253374936677677 0.3458531044969045 0.2512212884514154
53.0 0.24700041605609993 0.4027475810138344 0.05464227049901552 0.13737784939296988
26.0 0.27890362596452917 0.4687635657836251 0.0608419273567579 0.04268948873275741
72.0 0.10517219868276924 0.5436344195966015 0.01797479788804118 0.05296944714318051
64.0 0.20477797989654356 0.41659722319831466 0.1154647649869564 0.14462377881841607
10.0 0.5187757766543625 0.5313195253696975 0.2689899067102663 0.3615393675516781
51.0 0.3314225531923942 0.7015913861425901 0.24745055374486227 0.20673568206844353
49.0 0.4061697491362119 0.4364024129859585 0.0341943149270791 0.06360612525973952
1.0 0.7380275476194424 0.5907933845230016 0.43708409343876004 0.37925704475527167
39.0 0.8321913718899097 0.4477914592411976 0.036289465025546974 0.058593426225309345
55.0 0.15389641354388683 0.6032523990060279 0.048807575604409736 0.061329727297304924
65.0 0.16428829940263667 0.4322828352319117 0.05572602466477906 0.09048396069887298
32.0 0.7025439193576246 0.6471279848673268 0.09233136948364688 0.06512463182895961
68.0 0.3063783095975436 0.3922999653290439 0.134190776300658 0.17395074543419853
46.0 0.5372984832642638 0.7097377065645882 0.14774524445792925 0.21085680042961966
22.0 0.5905045430885347 0.3475277411578352 0.07909395708451986 0.0394234764990667
19.0 0.17367571561715253 0.6830558899249004 0.008565661463417152 0.017457960267129997
61.0 0.7139573288847203 0.655079474541456 0.1532067253634197 0.12869576601660496
28.0 0.49919720848126453 0.6600891464161431 0.007098242050792483 0.012647044429581911
60.0 0.8496307028874652 0.5738495776470083 0.18023048617022794 0.18595663135292095
44.0 0.4572719040002311 0.6763488946122745 0.035180907256881444 0.07061578330042254
24.0 0.20459013167743453 0.47228831133433063 0.09269061301723198 0.060377651858754766
20.0 0.33765867406526 0.4376119950822842 0.07779097320410529 0.0610975889775284
59.0 0.8618029718391892 0.5208783841616202 0.1178923909006798 0.1318335290451924
42.0 0.14850617175922948 0.6699153544903287 0.027016170936612363 0.07667190097382572
7.0 0.1919981396378407 0.6747044441572055 0.10630605404707201 0.18100746536457413
7.0 0.5269304940114281 0.7013203356824345 0.18821593892718283 0.28463169029263385
23.0 0.554115896347374 0.36730850105523877 0.06052967283711572 0.043045123817290115
57.0 0.4824178035528679 0.601000270046165 0.10254215929405651 0.1010667811948258
62.0 0.9205716752673528 0.5065172074534369 0.019223376965736633 0.062341627676682186
8.0 0.15574622077352046 0.5628380080132711 0.14952436271420833 0.30243187403577737
18.0 0.9151411314459872 0.4644599543038904 0.0121056495932487 0.023286077356062706
63.0 0.8075103993086554 0.4579708806679439 0.19093760260281128 0.16648579526820778
30.0 0.659527675248126 0.32164996815297753 0.031333536337424826 0.02264502479180313
