4 0.291329 0.317590 0.134197 0.334796
10 0.209040 0.330546 0.054472 0.172806
7 0.217896 0.384545 0.058052 0.133515
2 0.383250 0.346454 0.150544 0.387610
8 0.556193 0.409394 0.346404 0.305487
7 0.479244 0.606479 0.124670 0.220304
1 0.184482 0.335504 0.007843 0.066306
0 0.712081 0.586168 0.426927 0.284214
13 0.762479 0.430978 0.331353 0.300851
15 0.660395 0.256043 0.323299 0.159586
12 0.530498 0.205397 0.583638 0.162573
35 0.294414 0.325387 0.020428 0.016240
46 0.206011 0.386488 0.026317 0.092819
35 0.413166 0.380130 0.031527 0.025311
49 0.243187 0.228856 0.005241 0.016050
40 0.232468 0.231626 0.058204 0.059157
53 0.344318 0.216906 0.048092 0.130457
73 0.921121 0.415151 0.014911 0.068994
65 0.477476 0.261877 0.048246 0.135602
26 0.286942 0.271749 0.076538 0.029802
68 0.303162 0.216700 0.103274 0.121815
64 0.393203 0.237166 0.112841 0.153976
57 0.193744 0.332527 0.019531 0.055401
55 0.439192 0.527855 0.065218 0.104962
46 0.461103 0.610320 0.067630 0.153594
72 0.667246 0.499801 0.151701 0.118142
59 0.844681 0.462255 0.097874 0.093941
51 0.320059 0.496849 0.179859 0.165959
48 0.777413 0.642276 0.260368 0.147215
20 0.218502 0.239487 0.031063 0.034324
24 0.390641 0.305289 0.133346 0.048613
17 0.208258 0.392628 0.004646 0.006002
17 0.208483 0.379623 0.005470 0.007103
29 0.220393 0.287462 0.006978 0.010839
17 0.468499 0.592406 0.005455 0.008807
17 0.467485 0.625177 0.007993 0.010331
17 0.475477 0.612052 0.006470 0.009484
17 0.459619 0.593507 0.007485 0.009654
17 0.459492 0.611543 0.006851 0.011008
16 0.617086 0.129615 0.041708 0.064297
38 0.761052 0.535403 0.039708 0.022854
39 0.869177 0.394210 0.016846 0.047653
36 0.689385 0.703142 0.085704 0.012057
