4.0 0.2573965179248024 0.32283112209703757 0.14330726545683373 0.3398018851492665
10.0 0.17289872313118312 0.3381609921047536 0.05874112666922746 0.17497145584294482
7.0 0.18284968932469112 0.392104876527636 0.06181790869410948 0.13563956452270798
2.0 0.35245551345232473 0.34920013017718876 0.1609502026422244 0.39326919495990104
8.0 0.5314360502986001 0.40747720828694556 0.3612737397505233 0.3163877562517931
7.0 0.4552841379134586 0.6074510841758356 0.13172949302221185 0.2246263616130075
1.0 0.1476984385989536 0.34383138635324034 0.009098762604741803 0.06676761951250004
0.0 0.6946239406128717 0.5804823416017836 0.44382522142912306 0.297314898801861
13.0 0.7440958556020298 0.4233058146239426 0.3457103786639452 0.31130937879658854
15.0 0.6363157639669388 0.2506248375944617 0.33523441334914156 0.1693056633080925
12.0 0.5018317565588284 0.20346894934955975 0.6032419533735981 0.17966548072444394
35.0 0.26069250795549553 0.3305690806160024 0.02127739615879411 0.016876415886337377
46.0 0.17064677403551068 0.3943909875463045 0.02852394177108709 0.09389897743520581
35.0 0.38376856940160736 0.38215196466683893 0.03284177849900142 0.02629405391994621
49.0 0.20647178423603088 0.23513754649687774 0.005642824091770346 0.016256258182348608
40.0 0.19548181475742404 0.2382206828600322 0.06082362712549622 0.06101691588694764
53.0 0.31037880868176704 0.2202844832809349 0.051518975118844235 0.1322888478057732
73.0 0.9071376467579355 0.4029354032281968 0.01641529420590776 0.06966520550167395
65.0 0.448131438005444 0.2616526297501259 0.05175709450705128 0.13745681081520725
26.0 0.25217166266062346 0.2769483671017793 0.07924014664790528 0.032074175670522266
68.0 0.2680146276734536 0.221241569159804 0.10818288810850016 0.12517605285908687
64.0 0.36100864059697213 0.23923535986003713 0.11852770020295528 0.15772393558283557
57.0 0.15718554001463514 0.3405817037748507 0.020960200938299305 0.05615369687549588
55.0 0.41284270733467937 0.5296753103425627 0.06875180847354438 0.10718588949156677
46.0 0.43667143870180913 0.6118190213055831 0.07198709365418306 0.15606206160536498
72.0 0.6471396382780011 0.49507080099009154 0.15797092926826953 0.12285919575310117
59.0 0.8291885912181701 0.4523713809160491 0.10219338333275099 0.09704853170297834
51.0 0.28974183660172115 0.5019260880148515 0.1876933146368102 0.17164541298891137
48.0 0.7627370790380041 0.634945778820637 0.27026947143511193 0.15511033100412303
20.0 0.18122857194571831 0.24650504328050257 0.032503668357971 0.035326560495295534
24.0 0.3594258455397774 0.30767722383565976 0.1380024737654106 0.05255968106872967
17.0 0.1730545966981381 0.4004896479556599 0.004874916064959744 0.006155101035945483
17.0 0.17308491623209732 0.38743127159309443 0.005740084551317655 0.007283372266324029
29.0 0.1839173616332516 0.2946001184688252 0.00735005125243236 0.011075548955678196
17.0 0.44400674832460896 0.5936310493330963 0.005751025719661887 0.008993119317269135
17.0 0.4434702032748605 0.6265492515102506 0.008386852988528233 0.01059437238187556
17.0 0.4514930932980309 0.6131507720541439 0.00680616657189707 0.009701258866712772
17.0 0.4348838055732263 0.5949871620192606 0.007853522659587213 0.009900569130970883
17.0 0.4350321725071907 0.6130919704333719 0.007221930404070349 0.011241577379067676
16.0 0.589782137838038 0.12496425789192171 0.04392417647434693 0.06570901602233087
38.0 0.7442430953531904 0.5281488682970604 0.04122428872478726 0.024059580622606172
39.0 0.8533487747499756 0.38338756782146366 0.018076687833219297 0.048301765875227894
36.0 0.6730736517861179 0.698521211064676 0.08839983853027983 0.014524201500976344
