5 0.610385 0.521016 0.265414 0.352511
9 0.199988 0.535203 0.322972 0.316021
3 0.373770 0.518040 0.248403 0.347629
11 0.838839 0.577803 0.217103 0.238651
7 0.830981 0.687135 0.138058 0.174992
7 0.232881 0.694759 0.152887 0.188586
35 0.528216 0.527696 0.046390 0.012305
54 0.481325 0.408346 0.038204 0.128820
41 0.704417 0.457758 0.051844 0.077007
50 0.739025 0.470349 0.042575 0.052800
35 0.297143 0.516326 0.048784 0.012699
69 0.583488 0.416665 0.202748 0.137238
67 0.263856 0.411765 0.093792 0.099761
66 0.368014 0.409246 0.196119 0.121638
45 0.758083 0.694443 0.013270 0.078289
58 0.839115 0.646031 0.152974 0.130522
43 0.154302 0.687590 0.032012 0.092773
56 0.225605 0.619201 0.163281 0.079956
46 0.226537 0.703120 0.102375 0.129549
71 0.936405 0.556261 0.048514 0.054047
46 0.834591 0.693314 0.096928 0.125073
73 0.061578 0.521163 0.050654 0.084728
13 0.099064 0.431419 0.107860 0.040817
6 0.842454 0.479575 0.217924 0.103942
52 0.532326 0.702346 0.438065 0.020490
0 0.096592 0.625848 0.138750 0.147696
1 0.930284 0.642424 0.086284 0.139760
12 0.488194 0.391833 0.528742 0.147406
47 0.160410 0.515362 0.039678 0.050897
27 0.584668 0.482775 0.191768 0.018540
21 0.700250 0.464622 0.035920 0.032701
17 0.822237 0.692117 0.004996 0.006661
17 0.830272 0.707602 0.005671 0.007746
29 0.760184 0.538206 0.019216 0.012272
25 0.374746 0.467583 0.226530 0.020085
17 0.831352 0.678710 0.007561 0.006841
19 0.835198 0.693916 0.013097 0.017102
28 0.802725 0.662771 0.008101 0.009181
17 0.843774 0.683751 0.006481 0.010441
17 0.843774 0.700763 0.005941 0.007381
17 0.236118 0.694726 0.006886 0.009721
17 0.236388 0.711468 0.005536 0.009001
19 0.226060 0.704266 0.014312 0.017642
17 0.223156 0.718309 0.006346 0.007921
62 0.958477 0.653076 0.015354 0.047416
28 0.240506 0.751251 0.007291 0.006121
17 0.213840 0.703097 0.007426 0.008821
17 0.222684 0.688155 0.007291 0.008101
16 0.297638 0.305204 0.039175 0.053437
33 0.958756 0.641409 0.009598 0.020471
15 0.203634 0.387487 0.132846 0.088452
14 0.684533 0.403130 0.149813 0.114686
