5.0 0.6321367470185826 0.46635579095940016 0.29253684325571383 0.35278406740897833
9.0 0.2148098137784035 0.530554782317748 0.3489071235382068 0.32690262338243575
3.0 0.39082795776426543 0.49325631933591646 0.27489620848900176 0.3462301851430435
11.0 0.8684975721491397 0.4892606297479366 0.2361781175619828 0.24351638845218038
7.0 0.8673338946137638 0.5893629417205296 0.15164228717226194 0.17591593890341628
7.0 0.2583174339656414 0.671092019141656 0.16760474272115863 0.19009513602222025
35.0 0.5488205865424531 0.48269046025012813 0.04804393948413728 0.0169586008725367
54.0 0.4935651457108778 0.3803545793003112 0.046995775133479564 0.12156594568173514
41.0 0.7240001416238829 0.3972440842924875 0.057652170790455086 0.07629905830978607
50.0 0.7600556081146127 0.40432979535888813 0.04669126549477805 0.053193706436956124
35.0 0.3126339349084156 0.5012878085841369 0.05050828966597569 0.01761526456365314
69.0 0.5981951156601801 0.37511678992116243 0.2152012615592911 0.14978070714574182
67.0 0.27216741594565347 0.41065775841867813 0.10182365284931814 0.10217493749933977
66.0 0.37815193207958403 0.3953447597282744 0.20746944688016697 0.1348086467115176
45.0 0.7935046994746582 0.6051072292488298 0.018423548699588725 0.07263597186987662
58.0 0.8730498214425407 0.5510809435522236 0.16405866413736098 0.137465675614274
43.0 0.17779273394997583 0.6744222376869738 0.03842930616184937 0.08811153813698638
56.0 0.24617299829654538 0.6035020930688514 0.1713966564520234 0.09291239627150553
46.0 0.25237597301626674 0.6794656107056354 0.112434846664476 0.130254120912699
71.0 0.9665736980906972 0.45752619576679765 0.0528214107604335 0.05506715338047842
46.0 0.871399508594828 0.5945131806188773 0.10660388504780352 0.12551478577590375
73.0 0.07288423022933811 0.5351401588240656 0.05692282617674063 0.08314996125257791
13.0 0.10546646852916387 0.449089961328205 0.1124698209642907 0.05049666024554799
6.0 0.8660324734079742 0.399755893502003 0.22858206932007097 0.1214932535143802
52.0 0.5639417737448984 0.640512315953559 0.4476927196752122 0.07337420368071838
0.0 0.11511839952828197 0.6256666012221702 0.1506387669864723 0.15125621066505837
1.0 0.9586957560412198 0.5364064266728326 0.08260848791756037 0.1374984000443628
12.0 0.49953130800512496 0.3645247972677079 0.548041954672141 0.1997780072935065
47.0 0.1732358253001771 0.5175180016053268 0.04361994693315912 0.051106130267210496
27.0 0.603535979896195 0.4349038598802944 0.19658175824757562 0.040796737999707615
21.0 0.7201834484993354 0.4039881712026345 0.03865127978627309 0.0341397031610521
17.0 0.8587352184430127 0.5949733660695837 0.0055080847339238894 0.0066637453005062575
17.0 0.8678926302958477 0.6080067931817236 0.006263949571336601 0.007731881649078029
29.0 0.7858654744056086 0.4632014524026235 0.020350276043674 0.013529434258192054
25.0 0.38866398879524483 0.44739038414697324 0.23210268078641935 0.04654586290443092
17.0 0.8671845765659443 0.5816785119611372 0.008133242602328892 0.007147800135338684
19.0 0.8720557366474248 0.5949829715591596 0.01441704924473792 0.017142830371820992
28.0 0.8370144937243967 0.5708093403303464 0.008830030356010828 0.009336789805119565
17.0 0.8801587683396527 0.584694722050571 0.007258052171585329 0.010276483993506341
17.0 0.881223701222915 0.6001176608930957 0.006516191763116315 0.007434727553930366
17.0 0.2616140290933833 0.6706572160377672 0.007625719988246734 0.009674328829434748
17.0 0.26293720108580865 0.6858015383841735 0.006204933227711204 0.008852742426325146
19.0 0.2519616245345937 0.6805642486105775 0.015688980048529543 0.01778438932922389
17.0 0.24988137173469796 0.6936587367378244 0.006962706355602535 0.007974910508981263
62.0 0.9929096200563295 0.5425367008674953 0.014180759887340931 0.04490751376561131
28.0 0.26962402198021096 0.7213533150510754 0.007813062824219326 0.006461263105106683
17.0 0.23943566403044192 0.6810330935607711 0.008119642702666236 0.008925970517077404
17.0 0.24751277445268358 0.6663804698369262 0.007937024078730938 0.00825631954906852
16.0 0.29992236406024003 0.3098247572254215 0.043266344637208506 0.05334591192644458
33.0 0.9945747412303585 0.5319245961272733 0.01085051753928307 0.019759409536888043
15.0 0.20927841217921114 0.3961808140027466 0.14091368609789715 0.09680760909011263
14.0 0.7003177168525897 0.350206210408456 0.15984606040652902 0.12271351698497407
