4 0.610905 0.425462 0.042010 0.508956
10 0.566281 0.553250 0.080517 0.322559
2 0.627149 0.353029 0.050456 0.376140
8 0.643145 0.269378 0.011948 0.067910
7 0.575388 0.810681 0.047515 0.307370
26 0.619542 0.331743 0.009530 0.023366
49 0.594026 0.400692 0.012763 0.073309
20 0.627667 0.368091 0.047813 0.047648
6 0.389249 0.526320 0.368686 0.364540
7 0.638960 0.494593 0.018477 0.146750
1 0.383629 0.821498 0.410058 0.357004
14 0.440483 0.303598 0.278107 0.235440
12 0.471022 0.260760 0.333501 0.265451
35 0.646457 0.322797 0.005232 0.016098
41 0.303144 0.324852 0.026894 0.056963
68 0.605482 0.272121 0.029060 0.198627
64 0.619158 0.244259 0.028832 0.147856
40 0.620238 0.358613 0.062678 0.111497
65 0.630269 0.232619 0.011168 0.073061
57 0.597058 0.654585 0.009687 0.084454
63 0.331119 0.728020 0.242718 0.160471
70 0.494530 0.699912 0.124375 0.176873
71 0.209189 0.632871 0.035442 0.152624
59 0.313012 0.853913 0.147237 0.123984
61 0.496014 0.917344 0.110052 0.151932
60 0.320997 0.906383 0.245227 0.175374
24 0.629235 0.295633 0.015150 0.062486
62 0.192569 0.846271 0.015566 0.107717
51 0.618385 0.622714 0.037140 0.222319
21 0.303554 0.318581 0.027807 0.042487
29 0.603162 0.504060 0.005702 0.018587
32 0.503946 0.901839 0.064735 0.073157
39 0.318967 0.737941 0.033986 0.081598
31 0.479635 0.408643 0.082824 0.029016
