4.0 0.6109049916267395 0.4254619926214218 0.042009949684143066 0.5089559853076935
10.0 0.5662809908390045 0.5532500147819519 0.0805169939994812 0.3225589990615845
2.0 0.6271489858627319 0.3530290052294731 0.05045604705810547 0.3761400133371353
8.0 0.6431450247764587 0.26937800645828247 0.011947989463806152 0.06791001558303833
7.0 0.5753880143165588 0.8106809854507446 0.047515034675598145 0.3073699474334717
26.0 0.6195420026779175 0.3317430019378662 0.009529948234558105 0.02336597442626953
49.0 0.5940260291099548 0.40069200098514557 0.012763023376464844 0.07330897450447083
20.0 0.6276669800281525 0.36809100210666656 0.04781299829483032 0.04764798283576965
6.0 0.3892490044236183 0.5263200253248215 0.3686860054731369 0.3645400106906891
7.0 0.6389599740505219 0.4945929944515228 0.018477022647857666 0.14675003290176392
1.0 0.3836289942264557 0.8214979767799377 0.4100579619407654 0.3570040464401245
14.0 0.4404829889535904 0.30359799414873123 0.27810701727867126 0.23544000089168549
12.0 0.47102199494838715 0.26075999438762665 0.33350101113319397 0.26545098423957825
35.0 0.6464569866657257 0.3227970004081726 0.005232036113739014 0.0160980224609375
41.0 0.30314400792121887 0.32485198974609375 0.026893973350524902 0.05696296691894531
68.0 0.6054819822311401 0.27212100476026535 0.029060006141662598 0.19862700998783112
64.0 0.6191580295562744 0.24425899982452393 0.028831958770751953 0.1478559970855713
40.0 0.6202379763126373 0.3586129993200302 0.06267803907394409 0.11149701476097107
65.0 0.6302689909934998 0.232619009912014 0.01116800308227539 0.073061004281044
57.0 0.5970579981803894 0.6545850038528442 0.009686946868896484 0.08445405960083008
63.0 0.33111898601055145 0.7280200123786926 0.2427179515361786 0.16047096252441406
70.0 0.49452996253967285 0.6999120116233826 0.12437498569488525 0.17687296867370605
71.0 0.20918899774551392 0.6328710317611694 0.03544199466705322 0.1526240110397339
59.0 0.31301199644804 0.8539129793643951 0.14723701775074005 0.12398403882980347
61.0 0.4960139989852905 0.9173440039157867 0.11005198955535889 0.15193206071853638
60.0 0.32099699229002 0.9063830077648163 0.24522699415683746 0.17537397146224976
24.0 0.6292349994182587 0.2956329882144928 0.015150010585784912 0.06248599290847778
62.0 0.19256899505853653 0.8462710082530975 0.015566006302833557 0.10771697759628296
51.0 0.6183850169181824 0.6227139830589294 0.03714001178741455 0.22231900691986084
21.0 0.3035539984703064 0.3185809999704361 0.027806997299194336 0.042486995458602905
29.0 0.60316202044487 0.5040599852800369 0.005701959133148193 0.018586963415145874
32.0 0.503945991396904 0.901839017868042 0.06473496556282043 0.07315695285797119
39.0 0.3189669996500015 0.7379409968852997 0.03398600220680237 0.08159798383712769
31.0 0.47963500022888184 0.4086429923772812 0.0828239917755127 0.02901598811149597
