2 0.299421 0.464677 0.163826 0.418049
4 0.203288 0.450734 0.165753 0.386740
8 0.468976 0.492208 0.334443 0.381665
10 0.100841 0.500469 0.072930 0.202180
7 0.407893 0.728858 0.139371 0.262695
7 0.104962 0.581040 0.076101 0.166271
0 0.673460 0.653711 0.505990 0.261627
12 0.414298 0.285828 0.501499 0.110762
13 0.709394 0.488244 0.385543 0.250616
40 0.136798 0.371465 0.070252 0.069547
53 0.265532 0.327331 0.055920 0.140660
15 0.610660 0.317771 0.369948 0.119605
42 0.464231 0.742244 0.050075 0.134623
65 0.401785 0.338376 0.047214 0.126448
48 0.745060 0.708703 0.347541 0.090634
64 0.317475 0.329791 0.121407 0.135986
68 0.217901 0.333138 0.122328 0.139505
73 0.906612 0.474881 0.014145 0.102158
51 0.225991 0.657451 0.210799 0.113160
17 0.392276 0.732785 0.005604 0.009483
17 0.387588 0.710083 0.006142 0.012357
17 0.376223 0.735082 0.004095 0.011495
17 0.385814 0.750025 0.005819 0.012069
57 0.084070 0.521642 0.041082 0.094018
55 0.374504 0.634600 0.094223 0.154244
1 0.063580 0.533009 0.007583 0.108792
26 0.189733 0.403149 0.104683 0.010123
19 0.382100 0.728549 0.009806 0.024570
28 0.409868 0.787889 0.008420 0.006782
16 0.558685 0.208832 0.040007 0.079638
38 0.683492 0.558316 0.043576 0.021287
44 0.131182 0.593042 0.047009 0.088568
46 0.385658 0.729121 0.074215 0.184967
46 0.088406 0.582150 0.034169 0.120274
17 0.091247 0.578468 0.002047 0.005747
59 0.789138 0.508929 0.140665 0.081727
37 0.913569 0.663749 0.008264 0.013774
72 0.584814 0.512077 0.150879 0.125209
35 0.204762 0.453187 0.023286 0.013690
35 0.334291 0.465288 0.033368 0.015400
24 0.311424 0.400424 0.141036 0.007008
29 0.115569 0.445880 0.009198 0.013821
17 0.377351 0.708503 0.005496 0.008621
17 0.086671 0.595212 0.002802 0.005891
17 0.087691 0.568266 0.002694 0.006035
19 0.086294 0.583143 0.005711 0.015949
17 0.090924 0.594776 0.004203 0.007328
36 0.619067 0.739881 0.091659 0.014274
39 0.803986 0.428838 0.026859 0.048334
