2.0 0.6434223232071892 0.36048374497154073 0.2264082602026692 0.46042010847504977
4.0 0.7259216392513993 0.31677615345708954 0.22203487537458527 0.4303768789176229
8.0 0.4984846608205278 0.4404499068490111 0.370567688537365 0.478157293563001
10.0 0.8263860852733464 0.33342326578612463 0.10391255442696908 0.22070158648441668
7.0 0.5985920062475802 0.6529866089382899 0.174556951938429 0.300710176079657
7.0 0.8383833359024871 0.41357606745221676 0.09974832344913456 0.1865448923077072
0.0 0.3486100591997469 0.6624719810603894 0.49930255986395194 0.4143033774115315
12.0 0.506861751500014 0.2213444903917208 0.4660183552581515 0.265230054430729
13.0 0.28461992387193563 0.511746504947866 0.39040551207048824 0.3658629276734272
40.0 0.7694580993279904 0.21839551544214159 0.07577658799504415 0.09004091629035407
53.0 0.6467821073141632 0.2154504611104277 0.07688618796549358 0.15516594749630971
15.0 0.3390206219136521 0.3140115289332573 0.35113562354307637 0.2327508892231607
42.0 0.5512568550665151 0.6837054820503736 0.07053289704920511 0.1474291720814396
65.0 0.5281594554400004 0.26886662456542365 0.0664091879821809 0.13853276582242322
48.0 0.2958288463263286 0.7386877937845175 0.32564777102514425 0.19738699267488477
64.0 0.6012201997111102 0.2341004803255751 0.1340228200391751 0.1710682299684042
68.0 0.6901278259030013 0.20624064292060817 0.1355227286807291 0.17480066418932047
73.0 0.10722001413562865 0.5603349719619516 0.03238039845711417 0.1044169315273884
51.0 0.7459510786430412 0.5262131142728931 0.20882184956987354 0.17667792419638337
17.0 0.6131969109897694 0.6519471458466048 0.006809048436814844 0.01103446454329489
17.0 0.6129425575878206 0.6282601492073352 0.007844128923133933 0.014015765439743543
17.0 0.6278716832212992 0.6491758300144984 0.005862374185331779 0.01253190397497772
17.0 0.6222731755888179 0.6668013098556977 0.007501908919650191 0.01363291674968006
57.0 0.8453636622156354 0.348903581937032 0.054674882312261745 0.10487226325737872
55.0 0.6098779433181513 0.5502849162240806 0.11347468838835946 0.18043924444490592
1.0 0.8657328886358042 0.35362274958509754 0.027852676765047876 0.1088584387005803
26.0 0.7286933361531208 0.26596064037589434 0.09475213127374388 0.04264200479445615
19.0 0.6213936216665988 0.644618890928462 0.013463970211993134 0.02711580332769952
28.0 0.6083075176126307 0.7113846782062324 0.008780375348269824 0.009271126292990806
16.0 0.3639286502091388 0.1911281355917123 0.050928952002769326 0.0904608042172408
38.0 0.3211888506906323 0.5722347761248744 0.04275836618319469 0.03446186338495396
44.0 0.8174744647623153 0.4335226047431701 0.05886971560551028 0.10139106441120065
46.0 0.6183511115515636 0.646291348611105 0.10170811708968804 0.2042550509571535
46.0 0.8532733920116029 0.4094856444081234 0.05364750390298648 0.1284104940689829
17.0 0.8500400855686896 0.40676998133775366 0.0029306512011891073 0.006265356000795919
59.0 0.21795658242451443 0.5569286018891516 0.14055308985863657 0.12398047981159127
37.0 0.1377389747953905 0.7473773643625862 0.01000030097304008 0.016066351485182824
72.0 0.3996708271966268 0.49611955266649765 0.1580521031714617 0.16973518837451157
35.0 0.7250916292799298 0.31963809366573315 0.023298729213689834 0.020681361784606337
35.0 0.6126339431156079 0.37198534148979245 0.03256707184019338 0.025507691386299537
24.0 0.620303082372197 0.3013450917085632 0.12636864416827487 0.0509602794511903
29.0 0.802728650407591 0.2845959907663151 0.010837174428700299 0.016404342923488507
17.0 0.6217092179185615 0.6235126050499105 0.0065458742873264935 0.010156892585346213
17.0 0.8573483412166526 0.42172839159014164 0.0036278164719287056 0.0066423376416073175
17.0 0.8512103225058437 0.3956721832128028 0.0035600701193171367 0.006749578426607867
19.0 0.8553382471036053 0.40979721738762387 0.0081598040377051 0.017396858262751367
17.0 0.8534940069834391 0.42263152549545896 0.005148721942291085 0.008486987451832736
36.0 0.4135588248289516 0.7298083934285222 0.08401461628711662 0.0426326612693198
39.0 0.18923934159889857 0.4831770506521634 0.033194832342795855 0.055708692172046374
