4.0 0.13075767669528798 0.5603928387849496 0.15476835531119856 0.38633280839466233
10.0 0.062021074618628234 0.6284390423476558 0.05624779681072102 0.19059838694704934
2.0 0.19182816556818508 0.5749155975815392 0.1777770466844738 0.4540992764534543
8.0 0.36919285769080795 0.5921603520431029 0.40176695483329816 0.4497336585010167
7.0 0.0558655869932353 0.6999405398003297 0.06521820292704097 0.16583836375285146
73.0 0.8527325914306761 0.5598925842105645 0.010790802432834616 0.10507617497800235
46.0 0.25454970095160684 0.8708014337227264 0.07469082499993732 0.23623154271865082
59.0 0.7440464392112321 0.5686321196402364 0.14294686773206752 0.0944282695458983
0.0 0.5823159235198738 0.7948759159489662 0.6082511382807327 0.3701320652735884
7.0 0.2786009757934753 0.8465206488081276 0.14441177685551285 0.30695870238374495
15.0 0.5034446447344517 0.3857361136775885 0.37772945199762475 0.14555844769731568
35.0 0.11344154267226571 0.5653739006876299 0.016204344550160885 0.01286524182505976
13.0 0.6305318906320256 0.5639148778442746 0.45293797429347527 0.3339374294121538
12.0 0.34545981028178424 0.37353238636817865 0.44090395287065337 0.12317898790243886
53.0 0.17392674150251516 0.4355338977237934 0.06312347151887418 0.14202528507372278
64.0 0.21059171357652848 0.42901045533695925 0.11418967663604701 0.1465642589003216
68.0 0.1435780793039137 0.4511032225361236 0.1047250788856757 0.1536679816204839
35.0 0.20843414950329955 0.5565718001379946 0.028975596046182706 0.017609725024845677
65.0 0.28007253738748156 0.41572007944521866 0.05196700260625041 0.13321571152618283
57.0 0.044080122738968504 0.622563551707227 0.0157607401914798 0.038820052823685704
40.0 0.07310860017481255 0.5053711876833006 0.07136523072327675 0.06349419263372669
55.0 0.2377454995207691 0.742243148790601 0.08172228956802631 0.17222100935089416
17.0 0.24841815474742002 0.864567299485736 0.004551447224828564 0.013801232495392873
48.0 0.6721246408611888 0.8540016926474265 0.40638560877372487 0.1529569788381241
29.0 0.06461735156887699 0.5713897219996265 0.007295890281822975 0.011683030972643943
72.0 0.48924000758245245 0.5807250457308085 0.21485403276702433 0.18566152016740117
17.0 0.2539908205762968 0.8913768601160089 0.006189970121930675 0.011405999803151113
39.0 0.7632858838847463 0.48252525763722587 0.029413740150302677 0.06036169465396856
17.0 0.263335960773382 0.8888137792305589 0.004913045226234516 0.010703244252718175
16.0 0.4632991044338123 0.29857301906188904 0.061491994847835275 0.08887291813637994
36.0 0.5372028712226354 0.9064101538260133 0.12908469495915975 0.025652825556326333
38.0 0.6237662679516671 0.6430779284267677 0.058455182580102114 0.021037167642835787
