5 0.264998 0.510195 0.128236 0.445625
3 0.200675 0.477355 0.094959 0.358074
11 0.428034 0.563850 0.242772 0.358967
9 0.159385 0.507522 0.044454 0.248391
7 0.400115 0.772026 0.118135 0.347256
7 0.169269 0.617725 0.059800 0.155175
0 0.137442 0.534565 0.005790 0.061904
12 0.356246 0.332853 0.358592 0.121707
1 0.693252 0.751664 0.583170 0.342714
6 0.653431 0.472342 0.559382 0.155216
35 0.213772 0.476605 0.015088 0.012974
14 0.494635 0.340109 0.368697 0.118664
35 0.160704 0.464709 0.008953 0.008498
69 0.273354 0.355908 0.079383 0.119319
50 0.332382 0.404063 0.024841 0.072431
69 0.231196 0.418647 0.003169 0.005097
41 0.277166 0.392151 0.098895 0.095282
54 0.235577 0.358799 0.034484 0.125977
66 0.217139 0.363174 0.057266 0.115489
58 0.356870 0.664374 0.074953 0.184319
43 0.144719 0.551318 0.017856 0.071673
67 0.183873 0.384832 0.030717 0.080887
46 0.151837 0.618304 0.017146 0.109304
71 0.605636 0.572110 0.261408 0.136135
70 0.940005 0.550071 0.024230 0.059952
63 0.823506 0.586581 0.252558 0.132327
59 0.890207 0.700347 0.141423 0.136842
60 0.846909 0.778359 0.251336 0.192174
52 0.250753 0.694818 0.167356 0.142899
62 0.637107 0.811132 0.226405 0.137159
39 0.871753 0.583001 0.037898 0.072268
27 0.232740 0.426084 0.027426 0.007284
29 0.322324 0.496692 0.027724 0.023442
18 0.750815 0.728055 0.023846 0.035755
33 0.620300 0.791451 0.133850 0.056565
21 0.264538 0.397608 0.072141 0.040129
25 0.195924 0.423828 0.047995 0.006490
