4 0.688708 0.417688 0.167517 0.354113
10 0.507536 0.480570 0.212353 0.240540
2 0.816816 0.390470 0.128123 0.298583
8 0.880928 0.400152 0.116058 0.226409
6 0.404281 0.400761 0.320529 0.163065
7 0.516147 0.611182 0.129726 0.190091
7 0.862314 0.495077 0.080535 0.131816
13 0.913073 0.310622 0.023657 0.011414
0 0.918337 0.439512 0.035077 0.100211
1 0.359041 0.556426 0.269587 0.222865
12 0.652703 0.290256 0.467053 0.156093
14 0.539601 0.303576 0.264274 0.142630
35 0.754772 0.406207 0.027456 0.015078
35 0.863564 0.375953 0.020451 0.011450
40 0.654414 0.356381 0.080554 0.080534
68 0.699960 0.308108 0.114139 0.125023
53 0.765303 0.297574 0.014600 0.114995
49 0.600995 0.373754 0.026770 0.052932
64 0.810570 0.297554 0.083231 0.105864
65 0.861002 0.294057 0.037854 0.070185
57 0.548056 0.558866 0.083014 0.112979
55 0.891446 0.451999 0.033802 0.073076
46 0.873644 0.497000 0.040547 0.088790
46 0.524297 0.617124 0.081706 0.129166
70 0.376719 0.501586 0.142013 0.070145
59 0.248359 0.528004 0.046662 0.087662
60 0.269739 0.581086 0.074306 0.095997
61 0.354336 0.614598 0.115888 0.048550
51 0.713551 0.562393 0.255362 0.106613
63 0.278723 0.465956 0.084706 0.094121
72 0.934818 0.366765 0.011020 0.052974
20 0.663574 0.363709 0.061591 0.032959
26 0.730699 0.365742 0.076187 0.023756
24 0.818864 0.343912 0.101048 0.029710
17 0.513413 0.609889 0.007242 0.008232
29 0.598591 0.444843 0.015691 0.015032
17 0.513413 0.627247 0.006437 0.007874
17 0.874488 0.494611 0.003621 0.005190
17 0.523874 0.627874 0.006974 0.008769
17 0.872208 0.485484 0.004962 0.006621
17 0.524611 0.599331 0.006572 0.007516
17 0.530311 0.609352 0.005633 0.008590
17 0.870867 0.505796 0.005499 0.006442
17 0.864897 0.503205 0.004694 0.005369
16 0.770646 0.203716 0.020385 0.034359
17 0.866641 0.491663 0.003889 0.005905
22 0.458833 0.344562 0.061826 0.021474
30 0.418532 0.325145 0.014752 0.018074
31 0.434222 0.335791 0.038893 0.028633
23 0.481095 0.352882 0.043855 0.027380
39 0.259814 0.463669 0.015557 0.038475
