4.0 0.322115615894663 0.42707654733692896 0.18954499181860746 0.3620792814269298
10.0 0.5188830845980767 0.48095882352632163 0.23492108799376415 0.25081789485679434
2.0 0.1834232276772468 0.4062074479015038 0.14568395415665777 0.30465197221432305
8.0 0.11461322789550422 0.41904670971912444 0.13083279895964897 0.23194445718285572
6.0 0.6280536439219027 0.39612026308388854 0.3494523646393905 0.17875095028327118
7.0 0.5129650935898472 0.6118834990440499 0.14462191929472795 0.19633255344083753
7.0 0.1371035803424369 0.5129708361408053 0.09013728917345842 0.13567890974507235
13.0 0.07768657664373206 0.33118103454286435 0.025775780154852358 0.0125722478584477
0.0 0.07532951901275199 0.4602199116429678 0.04035941892400245 0.10185662857475514
1.0 0.6807857546745607 0.5494173896759819 0.29611693868402805 0.23598412604935973
12.0 0.3576230792475812 0.2979765373924656 0.5071027850386656 0.1790197361025464
14.0 0.47979432833061925 0.30570055434631427 0.2883314412202125 0.15555592995070353
35.0 0.250659013015988 0.4188674123726706 0.029962114894244867 0.01642068866147232
35.0 0.13269501196909456 0.3940111809919732 0.022323252939645617 0.012449914967296272
40.0 0.3574797946184607 0.3641290626833198 0.08883962819034082 0.08444203950377265
68.0 0.3071786108579056 0.31814652261721893 0.12615962716370732 0.13055098921627406
53.0 0.23652305541934368 0.3108479893895046 0.01868245531755908 0.1156168292748716
49.0 0.4154671339858784 0.3788494916965986 0.030196169013925384 0.05420819119330334
64.0 0.18776275482178803 0.31306309799957593 0.09237425451120129 0.10988243368458078
65.0 0.1333495708471886 0.3120592356324613 0.04257891298572351 0.07199359480996487
57.0 0.477249179977886 0.5611880972084952 0.09232344389824722 0.11698056850962947
55.0 0.10461647740695379 0.4713683901685312 0.038288531469431474 0.07468206460625938
46.0 0.1249487558463004 0.5154516360525955 0.04595800749156008 0.09071556358335098
46.0 0.5043389402401914 0.6182227837201743 0.09133064750008373 0.1330891140085232
70.0 0.6603340120414123 0.49549751901241307 0.15477371758093766 0.07709664752681081
59.0 0.7992772889064593 0.5155548434634298 0.052515797358754245 0.08989044958468854
60.0 0.7776120908790165 0.5696467645283911 0.08250695278470564 0.09958320957873273
61.0 0.6873491165707396 0.6073069804155604 0.12607781349096797 0.054230211506755756
51.0 0.2990753576458427 0.5728835538901896 0.27780601483882583 0.11912994852286582
63.0 0.7649754386913916 0.4550595754070299 0.09366124873197 0.09822237191653627
72.0 0.05570700666060909 0.3883493325404994 0.013231999454703066 0.05347247512635263
20.0 0.34780136936287326 0.37190303830114746 0.06719049702403135 0.0359717070088376
26.0 0.27554931906641145 0.3772486599390455 0.08267619915806378 0.027497342064967626
24.0 0.18002041286911658 0.35979067769934037 0.10960854531741392 0.034673778478715174
17.0 0.5158767512490273 0.6104565882819075 0.008012353038628154 0.008582485223097755
29.0 0.41988397559351576 0.44975853697292434 0.017288085459107188 0.015793801913190558
17.0 0.5163229404312893 0.627799670140593 0.007136142754025059 0.008185005769750614
17.0 0.123978222165413 0.513106368598774 0.004033847596109936 0.0053643066664655565
17.0 0.5050709238348029 0.6289426619340384 0.007737494740787838 0.009105709437515794
17.0 0.1261995639047348 0.5038746465066872 0.005515150956942516 0.006860307454524173
17.0 0.5035433123220452 0.600460587284812 0.007272235215542935 0.00783404830682878
17.0 0.49766113604980716 0.6107544268965255 0.0062884404924823415 0.008860717960765777
17.0 0.12816617130111774 0.5241029163478943 0.0060889610403726145 0.006707982730098088
17.0 0.1345302113906673 0.5212193597457421 0.005194115916018992 0.005596149687189258
16.0 0.22835514684454666 0.21733464871722286 0.022841184896483117 0.0353359285844774
17.0 0.13235495620618518 0.5097734368257765 0.004340951176126022 0.006091942880109327
22.0 0.5678478966459605 0.3426632330215797 0.06714843018007362 0.024508224503276145
30.0 0.6107593729777189 0.3212730703340489 0.016354816278603815 0.018786858992495162
31.0 0.5941324010387912 0.33268460909364583 0.04262995112744041 0.030528682475492938
23.0 0.5440820348872751 0.3520752632499511 0.04794263752787941 0.029521817574291936
39.0 0.7852846953252134 0.4518408629452718 0.01774635942043479 0.0392100045286772
