3 0.177710 0.419595 0.116636 0.369528
9 0.122350 0.418193 0.079656 0.276538
5 0.289761 0.486969 0.168983 0.499993
11 0.507744 0.581948 0.288607 0.324666
0 0.092124 0.430649 0.014371 0.071136
6 0.679069 0.522798 0.489556 0.292440
7 0.142991 0.532058 0.075989 0.161216
56 0.108183 0.446732 0.027381 0.031658
35 0.220910 0.446575 0.026284 0.023597
67 0.149691 0.293704 0.040597 0.087796
58 0.424198 0.668500 0.080561 0.066059
7 0.477187 0.805073 0.161008 0.304359
35 0.131944 0.389490 0.016844 0.015616
66 0.192370 0.303421 0.084317 0.136378
12 0.406759 0.318148 0.548947 0.219344
14 0.512233 0.345066 0.365227 0.196743
45 0.387076 0.750409 0.029122 0.116289
46 0.462983 0.813323 0.103369 0.204965
1 0.729978 0.778616 0.453408 0.369611
50 0.387328 0.431086 0.030708 0.077473
54 0.228413 0.307065 0.030968 0.144360
41 0.320058 0.403543 0.111126 0.124929
69 0.287878 0.319731 0.116587 0.163446
43 0.102248 0.502977 0.016777 0.085476
46 0.124089 0.534533 0.030388 0.108480
73 0.083275 0.367639 0.006560 0.054406
71 0.695939 0.686106 0.236576 0.136805
70 0.931198 0.576184 0.012817 0.055353
63 0.861315 0.639482 0.147091 0.164023
60 0.867564 0.827128 0.132137 0.155069
59 0.911204 0.745720 0.083921 0.158325
62 0.718336 0.886143 0.196223 0.071226
47 0.099309 0.369622 0.012758 0.042108
52 0.263959 0.657387 0.225746 0.212879
27 0.239425 0.392985 0.048992 0.033011
21 0.305386 0.409490 0.084970 0.046283
25 0.175634 0.357421 0.079102 0.050367
17 0.453181 0.823187 0.009186 0.013613
29 0.380701 0.536441 0.020158 0.023822
17 0.449099 0.795622 0.009441 0.011911
17 0.466833 0.836119 0.005358 0.014974
17 0.459689 0.788986 0.006634 0.012932
17 0.472533 0.814679 0.003910 0.018037
17 0.122222 0.538569 0.005530 0.008566
17 0.121865 0.524293 0.003746 0.006662
33 0.683182 0.882038 0.053775 0.047311
19 0.462680 0.810194 0.013737 0.026886
28 0.462237 0.884543 0.010167 0.009040
16 0.265380 0.174406 0.026887 0.078048
18 0.818450 0.825682 0.019205 0.028025
39 0.894494 0.638680 0.024176 0.063885
22 0.614594 0.403743 0.117491 0.031034
23 0.652308 0.394551 0.076821 0.012656
30 0.493990 0.428008 0.127658 0.018081
31 0.563263 0.417005 0.153639 0.017783
