3.0 0.8222900032997131 0.41959498822689056 0.11663603782653809 0.3695279657840729
9.0 0.8776500225067139 0.4181929975748062 0.07965600490570068 0.2765379846096039
5.0 0.7102389931678772 0.486968994140625 0.16898298263549805 0.4999929666519165
11.0 0.4922560155391693 0.58194799721241 0.2886069416999817 0.32466599345207214
0.0 0.9078759849071503 0.4306490123271942 0.014370977878570557 0.0711359977722168
6.0 0.32093098759651184 0.522798016667366 0.4895560145378113 0.2924400269985199
7.0 0.8570089936256409 0.5320580005645752 0.0759890079498291 0.16121602058410645
56.0 0.8918170034885406 0.4467320144176483 0.02738100290298462 0.03165799379348755
35.0 0.779090017080307 0.44657501578330994 0.02628403902053833 0.023597002029418945
67.0 0.8503090143203735 0.29370398819446564 0.040596961975097656 0.08779600262641907
58.0 0.5758020281791687 0.6685000061988831 0.08056104183197021 0.06605899333953857
7.0 0.5228130221366882 0.8050729632377625 0.16100800037384033 0.30435895919799805
35.0 0.8680560290813446 0.3894899934530258 0.016843974590301514 0.015616029500961304
66.0 0.8076300024986267 0.3034210056066513 0.08431696891784668 0.13637802004814148
12.0 0.5932410061359406 0.31814800202846527 0.5489470362663269 0.21934399008750916
14.0 0.48776698112487793 0.34506599605083466 0.36522698402404785 0.196742981672287
45.0 0.6129240393638611 0.7504089772701263 0.029121994972229004 0.11628895998001099
46.0 0.5370169878005981 0.8133230209350586 0.10336899757385254 0.2049649953842163
1.0 0.2700220048427582 0.7786160111427307 0.45340806245803833 0.3696110248565674
50.0 0.6126720011234283 0.431086003780365 0.030708014965057373 0.077472984790802
54.0 0.7715870141983032 0.307064987719059 0.03096795082092285 0.1443599909543991
41.0 0.6799419820308685 0.40354299545288086 0.11112600564956665 0.12492901086807251
69.0 0.712121993303299 0.3197309970855713 0.11658698320388794 0.16344600915908813
43.0 0.8977520167827606 0.5029769837856293 0.016776978969573975 0.08547598123550415
46.0 0.8759109973907471 0.5345330089330673 0.0303879976272583 0.10848000645637512
73.0 0.9167249798774719 0.3676389902830124 0.006559967994689941 0.05440601706504822
71.0 0.30406099557876587 0.6861060261726379 0.23657596111297607 0.13680505752563477
70.0 0.06880196928977966 0.5761840045452118 0.012816965579986572 0.055352985858917236
63.0 0.13868498802185059 0.6394820213317871 0.14709103107452393 0.1640230417251587
60.0 0.13243600726127625 0.827127993106842 0.1321370005607605 0.1550689935684204
59.0 0.08879604935646057 0.7457199692726135 0.08392101526260376 0.1583249568939209
62.0 0.2816639840602875 0.8861429691314697 0.1962229609489441 0.07122600078582764
47.0 0.9006910026073456 0.36962200701236725 0.012757956981658936 0.042107969522476196
52.0 0.7360410094261169 0.657386988401413 0.2257460355758667 0.2128790020942688
27.0 0.760574996471405 0.392985001206398 0.048992037773132324 0.03301098942756653
21.0 0.6946139931678772 0.4094900041818619 0.08496999740600586 0.04628297686576843
25.0 0.8243660032749176 0.35742101073265076 0.07910197973251343 0.050366997718811035
17.0 0.5468190014362335 0.823186993598938 0.009185969829559326 0.013612985610961914
29.0 0.6192989945411682 0.5364409983158112 0.020157933235168457 0.023822009563446045
17.0 0.5509009957313538 0.7956219911575317 0.009441018104553223 0.01191103458404541
17.0 0.5331670045852661 0.8361189961433411 0.005357980728149414 0.014973998069763184
17.0 0.5403109788894653 0.7889859974384308 0.0066339969635009766 0.012932002544403076
17.0 0.5274669826030731 0.8146789968013763 0.00391000509262085 0.018037021160125732
17.0 0.8777779936790466 0.5385689735412598 0.005529999732971191 0.008566021919250488
17.0 0.8781349956989288 0.5242930054664612 0.0037459731101989746 0.00666201114654541
33.0 0.3168179988861084 0.8820379972457886 0.05377495288848877 0.04731094837188721
19.0 0.5373200178146362 0.8101940155029297 0.013736963272094727 0.026885986328125
28.0 0.5377629697322845 0.8845430016517639 0.010166943073272705 0.009039998054504395
16.0 0.7346200048923492 0.174405999481678 0.02688699960708618 0.07804800570011139
18.0 0.18154999613761902 0.8256820142269135 0.019205033779144287 0.02802497148513794
39.0 0.10550597310066223 0.6386799812316895 0.024176061153411865 0.06388497352600098
22.0 0.3854060173034668 0.4037430137395859 0.11749100685119629 0.031034022569656372
23.0 0.34769201278686523 0.39455099403858185 0.076820969581604 0.01265600323677063
30.0 0.5060099959373474 0.42800799012184143 0.12765800952911377 0.01808100938796997
31.0 0.4367370009422302 0.4170050024986267 0.15363895893096924 0.017782986164093018
