10 0.756985 0.460755 0.110963 0.271451
11 0.208684 0.457420 0.117631 0.276466
6 0.479798 0.492070 0.602650 0.304512
1 0.478452 0.780267 0.678164 0.400567
14 0.484535 0.265234 0.439450 0.184027
12 0.484415 0.236606 0.447906 0.179422
41 0.240065 0.312834 0.048949 0.056965
40 0.736338 0.319391 0.054241 0.056965
63 0.478829 0.676980 0.450156 0.099059
71 0.212060 0.613450 0.120028 0.204936
70 0.747324 0.616346 0.120009 0.200146
59 0.478644 0.830878 0.294735 0.097799
61 0.740802 0.843350 0.130404 0.177198
60 0.477424 0.896541 0.482085 0.109142
62 0.214758 0.842094 0.131630 0.176698
21 0.239886 0.305404 0.047626 0.042094
20 0.737253 0.310065 0.053863 0.038313
32 0.786390 0.800118 0.036475 0.053439
33 0.169737 0.798480 0.040066 0.053185
18 0.238946 0.815652 0.023813 0.032012
16 0.490760 0.114343 0.002646 0.062259
22 0.504342 0.342800 0.208079 0.018652
39 0.479587 0.680908 0.067678 0.093765
30 0.331544 0.340784 0.125679 0.024198
31 0.418042 0.343053 0.183318 0.028740
23 0.562960 0.344692 0.130215 0.023946
