10.0 0.22326747576203856 0.36801843388673194 0.1328893661207175 0.27918426812017144
11.0 0.7326096206151169 0.46967227862230615 0.1396312057063067 0.2852249773304102
6.0 0.4771260962062408 0.45077042765279507 0.5929506674900864 0.40460324718324653
1.0 0.4466468888948283 0.7249127113064087 0.6736235449213218 0.5103246893797215
14.0 0.49770206287976343 0.23429363889731725 0.4281913425319203 0.25890134121793995
12.0 0.5009651720737389 0.20711027877177673 0.43553380837827715 0.25614165132428474
41.0 0.7193973662526704 0.326267136965983 0.05170969445927947 0.06349405756249793
40.0 0.25799689494958833 0.2376219429940401 0.05662213232367421 0.06450577233984578
63.0 0.45766817634621837 0.6266828978618358 0.42877504244831244 0.18019967638384263
71.0 0.7122978456537625 0.6173082649101783 0.1339813404045887 0.21770545591548765
70.0 0.21510599407883443 0.517729641844741 0.13343629203641613 0.2131497329808374
59.0 0.44089669618395194 0.7729736165652705 0.28436258821702626 0.14928914187071946
61.0 0.19616851593658705 0.7347073314705116 0.1405593409951879 0.19332862734800615
60.0 0.43480010200563046 0.8356089936606981 0.45952401305472523 0.19588603088203968
62.0 0.684621070528861 0.834081862213499 0.14164237254790266 0.19308787811671121
21.0 0.7203814893867649 0.3192403274366221 0.04884445466448956 0.049108673808481995
20.0 0.2581742372743771 0.2285841358154795 0.05421781825191227 0.04670776563498277
32.0 0.15860979508401668 0.6849068595033047 0.03974212363279624 0.05775836216824814
33.0 0.7312146576186971 0.8012408012160843 0.043047659840594575 0.058203531904238666
18.0 0.6650790542727488 0.8043288163226298 0.02562937373573059 0.03497477817185856
16.0 0.5085356901078805 0.08970591392209999 0.009310511246280271 0.05967302542264046
22.0 0.4707761275471003 0.3042209912116413 0.19520830170451162 0.05750591727884748
39.0 0.45653209816301615 0.6302709529508903 0.07314687008193331 0.102047210404257
30.0 0.6314024110880893 0.3353403133384755 0.11932887043225908 0.04702338532564593
31.0 0.5508585790867434 0.3209601216940823 0.1733338514422642 0.06235916981367811
23.0 0.41615413300931814 0.2948125816577808 0.12351192920677737 0.04765110518746168
