5.0 0.7350020110607147 0.5101950019598007 0.12823599576950073 0.445624977350235
3.0 0.7993249893188477 0.4773550182580948 0.09495902061462402 0.35807403922080994
11.0 0.5719659924507141 0.5638499706983566 0.24277198314666748 0.35896697640419006
9.0 0.8406149744987488 0.5075219869613647 0.044453978538513184 0.2483910322189331
7.0 0.5998849868774414 0.7720260322093964 0.11813497543334961 0.34725600481033325
7.0 0.8307309746742249 0.6177249848842621 0.059800028800964355 0.15517503023147583
0.0 0.8625580072402954 0.5345650017261505 0.005789995193481445 0.06190401315689087
12.0 0.6437540054321289 0.3328530043363571 0.35859203338623047 0.1217069923877716
1.0 0.3067479729652405 0.7516639828681946 0.5831700563430786 0.34271395206451416
6.0 0.3465689718723297 0.47234199941158295 0.5593820214271545 0.1552160084247589
35.0 0.7862280011177063 0.47660501301288605 0.01508796215057373 0.012973994016647339
14.0 0.5053649842739105 0.3401089906692505 0.36869698762893677 0.1186639666557312
35.0 0.8392960131168365 0.46470899879932404 0.0089530348777771 0.00849798321723938
69.0 0.7266460061073303 0.35590799152851105 0.0793830156326294 0.11931899189949036
50.0 0.6676180064678192 0.40406300127506256 0.024841010570526123 0.07243099808692932
69.0 0.7688039839267731 0.41864700615406036 0.0031690001487731934 0.005097001791000366
41.0 0.7228340208530426 0.39215099811553955 0.09889501333236694 0.09528201818466187
54.0 0.7644229829311371 0.3587990254163742 0.03448396921157837 0.12597700953483582
66.0 0.7828609943389893 0.3631740063428879 0.0572659969329834 0.11548903584480286
58.0 0.6431300044059753 0.6643739938735962 0.07495296001434326 0.18431901931762695
43.0 0.8552809953689575 0.55131796002388 0.01785600185394287 0.07167297601699829
67.0 0.8161270022392273 0.3848319947719574 0.030717015266418457 0.08088701963424683
46.0 0.8481630086898804 0.6183039844036102 0.017145991325378418 0.10930401086807251
71.0 0.39436402916908264 0.5721099972724915 0.2614080309867859 0.13613498210906982
70.0 0.059995025396347046 0.5500710010528564 0.02422994375228882 0.0599520206451416
63.0 0.1764940321445465 0.5865809917449951 0.2525579333305359 0.13232696056365967
59.0 0.10979300737380981 0.700346976518631 0.14142298698425293 0.13684195280075073
60.0 0.15309098362922668 0.7783589959144592 0.2513360381126404 0.19217395782470703
52.0 0.7492469847202301 0.694817990064621 0.1673559546470642 0.14289897680282593
62.0 0.3628929853439331 0.81113201379776 0.22640502452850342 0.13715898990631104
39.0 0.1282469928264618 0.5830010175704956 0.03789800405502319 0.07226800918579102
27.0 0.7672600150108337 0.4260839968919754 0.02742600440979004 0.007283955812454224
29.0 0.6776759922504425 0.4966919869184494 0.027723968029022217 0.023441940546035767
18.0 0.2491849958896637 0.7280549705028534 0.023845970630645752 0.0357549786567688
33.0 0.3797000050544739 0.7914509773254395 0.13384997844696045 0.056565046310424805
21.0 0.7354619801044464 0.3976079970598221 0.07214099168777466 0.04012897610664368
25.0 0.8040760159492493 0.42382799088954926 0.04799497127532959 0.0064900219440460205
