9 0.795905 0.459397 0.093334 0.123120
8 0.316232 0.475098 0.100798 0.112026
0 0.557549 0.766120 0.612457 0.260840
15 0.557232 0.395496 0.418920 0.109310
13 0.545157 0.574417 0.489348 0.280295
12 0.558996 0.375355 0.398427 0.089869
16 0.560126 0.296129 0.018186 0.078582
7 0.808892 0.890485 0.043650 0.019437
73 0.808383 0.581646 0.092303 0.140977
72 0.289490 0.583702 0.066604 0.127814
59 0.534731 0.589170 0.226936 0.079714
37 0.286278 0.821440 0.055813 0.028352
39 0.528595 0.506551 0.044709 0.058170
36 0.816642 0.844794 0.078620 0.025576
38 0.349077 0.642408 0.049743 0.016677
48 0.557065 0.839201 0.597005 0.065348
