9.0 0.1618405233080856 0.4681419657674481 0.09693041584818028 0.13228734446267745
8.0 0.6409166933941233 0.45894431996647905 0.10403447546220036 0.12120907663056629
0.0 0.4091427612544097 0.7727331723587343 0.6191403888155416 0.3022540447881321
15.0 0.3979991614916936 0.3893952002746641 0.42135469098394435 0.1352697307433893
13.0 0.4155792427417217 0.5738055274259821 0.4969107321752918 0.31584719648978954
12.0 0.3956163735472492 0.3686577444170937 0.40030677473841614 0.11407600134076738
16.0 0.39203920411238746 0.28677745430132073 0.020574731134390352 0.08223850486990696
7.0 0.1622122452992645 0.9146872726690258 0.044152545349535804 0.02241762143198937
73.0 0.15317067764609255 0.5952407697176995 0.09645384712324703 0.1507014155285141
72.0 0.6709564515034193 0.5698508567870567 0.0704057476019464 0.1357247007286423
59.0 0.4264378729953565 0.5885110688900528 0.22888880216635088 0.09447909569611726
37.0 0.6815122053158793 0.815563152471107 0.05656374163295491 0.032283037226403244
39.0 0.43000541122048463 0.5027362349267133 0.04640679378974037 0.06253373475997843
36.0 0.1530669401395353 0.8678419098724156 0.0792334466703637 0.030621276694671955
38.0 0.6133191415636842 0.6337279107890335 0.050146363753957056 0.019886174449848113
48.0 0.4118853274264168 0.8482922006357363 0.5976785828982677 0.09924527098890343
