12 0.488038 0.394289 0.322895 0.093464
1 0.452014 0.686581 0.495166 0.216856
10 0.670916 0.511713 0.056990 0.147694
6 0.449324 0.497045 0.404934 0.110158
7 0.670873 0.710035 0.085277 0.199884
14 0.485303 0.400270 0.311691 0.093140
41 0.311441 0.446426 0.030326 0.028391
40 0.677886 0.452197 0.046003 0.040434
71 0.260051 0.557492 0.066687 0.089186
63 0.431829 0.585696 0.331274 0.081168
59 0.418792 0.676003 0.194316 0.083326
70 0.622383 0.564795 0.113670 0.092941
61 0.631324 0.720846 0.110708 0.106222
33 0.231204 0.690064 0.026911 0.041673
21 0.311696 0.444165 0.029006 0.024254
20 0.679929 0.445881 0.041745 0.027635
18 0.263247 0.659930 0.015371 0.023548
39 0.423226 0.587484 0.044526 0.055808
60 0.424556 0.726200 0.329026 0.096019
62 0.237645 0.704873 0.056834 0.104516
32 0.644891 0.705589 0.060163 0.049177
