12.0 0.4880380183458328 0.3942890167236328 0.32289502024650574 0.09346401691436768
1.0 0.4520139992237091 0.686581015586853 0.49516600370407104 0.2168560028076172
10.0 0.6709160208702087 0.5117130130529404 0.05699002742767334 0.14769402146339417
6.0 0.44932398200035095 0.49704498052597046 0.40493398904800415 0.11015796661376953
7.0 0.6708730161190033 0.7100349962711334 0.0852770209312439 0.19988399744033813
14.0 0.48530299961566925 0.4002700001001358 0.311691015958786 0.09314003586769104
41.0 0.31144100427627563 0.44642600417137146 0.030326008796691895 0.028391003608703613
40.0 0.6778860092163086 0.45219701528549194 0.046002984046936035 0.04043400287628174
71.0 0.260051004588604 0.5574920177459717 0.06668700277805328 0.08918607234954834
63.0 0.4318290203809738 0.5856959819793701 0.3312740623950958 0.08116793632507324
59.0 0.4187920093536377 0.6760030090808868 0.19431602954864502 0.08332604169845581
70.0 0.6223829984664917 0.5647950172424316 0.1136699914932251 0.0929410457611084
61.0 0.6313239932060242 0.7208459675312042 0.11070799827575684 0.10622197389602661
33.0 0.23120399564504623 0.6900639832019806 0.02691100537776947 0.04167300462722778
21.0 0.31169600784778595 0.4441650062799454 0.02900603413581848 0.02425399422645569
20.0 0.6799289882183075 0.4458809942007065 0.041745007038116455 0.027635008096694946
18.0 0.2632469981908798 0.659930020570755 0.015370994806289673 0.02354806661605835
39.0 0.423225998878479 0.5874840021133423 0.044525980949401855 0.05580794811248779
60.0 0.4245560020208359 0.7262000143527985 0.3290260136127472 0.0960189700126648
62.0 0.2376450076699257 0.7048729956150055 0.05683402717113495 0.10451596975326538
32.0 0.6448909938335419 0.7055889964103699 0.06016296148300171 0.049176931381225586
