60 0.267758 0.778912 0.215528 0.126467
46 0.793667 0.635327 0.017114 0.092996
26 0.721671 0.488045 0.013171 0.007988
7 0.779691 0.632251 0.049378 0.126182
51 0.722326 0.693956 0.112677 0.103784
6 0.400249 0.555367 0.409849 0.134440
17 0.581596 0.777723 0.006308 0.009254
4 0.690454 0.555744 0.106753 0.347615
2 0.743451 0.526827 0.082852 0.284240
40 0.677931 0.474981 0.078169 0.077985
12 0.562214 0.427130 0.411753 0.114869
7 0.598038 0.771847 0.142265 0.246443
20 0.686847 0.479161 0.060338 0.032954
10 0.574067 0.590547 0.172397 0.230929
46 0.602208 0.777435 0.095106 0.172106
63 0.287857 0.649836 0.211872 0.092820
17 0.590217 0.794905 0.005719 0.009192
65 0.758690 0.444330 0.029450 0.063121
57 0.621871 0.652505 0.057259 0.066740
71 0.187874 0.616110 0.020156 0.064802
8 0.785703 0.546824 0.039260 0.205974
32 0.448939 0.785587 0.088748 0.042371
17 0.605056 0.762300 0.006825 0.008326
17 0.591521 0.756959 0.007149 0.009080
35 0.732084 0.529180 0.014187 0.011617
39 0.257843 0.649483 0.028682 0.052745
1 0.373729 0.756218 0.437432 0.233163
14 0.502122 0.437377 0.295618 0.110427
49 0.635995 0.488455 0.018830 0.052794
35 0.779004 0.510765 0.008809 0.009146
53 0.712614 0.434006 0.032569 0.102182
68 0.683861 0.436514 0.070757 0.099223
59 0.247713 0.732209 0.121611 0.093919
64 0.733194 0.436207 0.055574 0.091770
0 0.804208 0.575508 0.008401 0.088021
61 0.434439 0.797337 0.155653 0.097464
55 0.797329 0.581140 0.016870 0.062658
70 0.450896 0.633601 0.173282 0.104245
18 0.161814 0.699687 0.008350 0.017178
17 0.604389 0.784704 0.006308 0.010089
24 0.748953 0.480824 0.043841 0.014422
29 0.644960 0.559268 0.021562 0.017710
19 0.595600 0.775960 0.013121 0.020178
