60.0 0.26775800436735153 0.7789120078086853 0.21552802622318268 0.12646698951721191
46.0 0.7936670184135437 0.635327011346817 0.01711404323577881 0.09299606084823608
26.0 0.7216709852218628 0.48804502189159393 0.013170957565307617 0.007988005876541138
7.0 0.7796909809112549 0.6322510242462158 0.049378037452697754 0.126181960105896
51.0 0.722326010465622 0.6939560174942017 0.11267703771591187 0.10378396511077881
6.0 0.4002489894628525 0.5553670227527618 0.4098489582538605 0.13444000482559204
17.0 0.5815959870815277 0.7777229845523834 0.006308019161224365 0.009254038333892822
4.0 0.6904540061950684 0.5557440370321274 0.10675299167633057 0.3476150333881378
2.0 0.7434509992599487 0.5268269926309586 0.08285200595855713 0.2842399775981903
40.0 0.6779309809207916 0.4749809801578522 0.07816904783248901 0.07798498868942261
12.0 0.5622140020132065 0.4271300137042999 0.41175296902656555 0.11486899852752686
7.0 0.5980380177497864 0.7718469798564911 0.1422649621963501 0.246442973613739
20.0 0.6868470013141632 0.47916097939014435 0.060337960720062256 0.032954007387161255
10.0 0.5740669965744019 0.5905469805002213 0.17239701747894287 0.23092898726463318
46.0 0.6022080183029175 0.7774350047111511 0.09510600566864014 0.17210602760314941
63.0 0.2878570109605789 0.649836003780365 0.21187201142311096 0.09282004833221436
17.0 0.5902169644832611 0.7949049770832062 0.005719006061553955 0.009192049503326416
65.0 0.7586899995803833 0.44433000683784485 0.029450058937072754 0.0631210207939148
57.0 0.6218709647655487 0.6525050103664398 0.05725902318954468 0.06673997640609741
71.0 0.18787399679422379 0.6161099672317505 0.02015601098537445 0.06480205059051514
8.0 0.7857030034065247 0.5468239933252335 0.039260029792785645 0.20597395300865173
32.0 0.4489389955997467 0.7855870127677917 0.08874797821044922 0.04237103462219238
17.0 0.6050559878349304 0.7623000144958496 0.006824970245361328 0.008326053619384766
17.0 0.5915210247039795 0.7569590508937836 0.0071489810943603516 0.009079992771148682
35.0 0.7320840060710907 0.5291800200939178 0.014187037944793701 0.011617004871368408
39.0 0.2578429877758026 0.6494829952716827 0.02868199348449707 0.052745044231414795
1.0 0.37372900545597076 0.7562179863452911 0.43743202090263367 0.23316293954849243
14.0 0.5021219700574875 0.4373769909143448 0.2956179678440094 0.11042699217796326
49.0 0.6359950006008148 0.48845499753952026 0.01883000135421753 0.05279397964477539
35.0 0.7790040075778961 0.510765016078949 0.008809030055999756 0.009145975112915039
53.0 0.7126139998435974 0.4340060204267502 0.032569050788879395 0.10218200087547302
68.0 0.6838609874248505 0.4365140050649643 0.07075697183609009 0.09922298789024353
59.0 0.24771299958229065 0.7322089970111847 0.12161099910736084 0.09391897916793823
64.0 0.7331939935684204 0.43620701134204865 0.05557394027709961 0.09177002310752869
0.0 0.804207980632782 0.5755079984664917 0.008401036262512207 0.08802103996276855
61.0 0.4344390034675598 0.797336995601654 0.1556529998779297 0.09746396541595459
55.0 0.7973290085792542 0.581140011548996 0.01687002182006836 0.06265801191329956
70.0 0.4508959800004959 0.6336009800434113 0.17328199744224548 0.10424500703811646
18.0 0.16181399673223495 0.6996870338916779 0.008349999785423279 0.017177999019622803
17.0 0.6043889820575714 0.7847039997577667 0.006308019161224365 0.010088980197906494
24.0 0.7489530146121979 0.4808240085840225 0.04384094476699829 0.014421969652175903
29.0 0.6449600160121918 0.5592679977416992 0.021562039852142334 0.017709970474243164
19.0 0.5956000089645386 0.7759599983692169 0.01312100887298584 0.020178020000457764
