4 0.639264 0.532876 0.094602 0.344954
2 0.686397 0.509385 0.075933 0.292394
8 0.721228 0.521248 0.036346 0.208845
10 0.530708 0.564794 0.162531 0.222267
7 0.548560 0.750931 0.148894 0.246707
6 0.344353 0.534280 0.434004 0.140770
1 0.316367 0.741732 0.467410 0.245067
0 0.739288 0.558618 0.005350 0.069992
12 0.500020 0.403196 0.406347 0.114996
7 0.714476 0.613547 0.046703 0.130343
14 0.448900 0.412076 0.303116 0.108855
11 0.288531 0.458415 0.016609 0.012094
35 0.677952 0.508438 0.012248 0.012957
49 0.591871 0.467893 0.014930 0.046712
53 0.658953 0.412780 0.028684 0.101104
35 0.718004 0.489199 0.007884 0.009761
68 0.632516 0.419127 0.061892 0.107857
40 0.631130 0.450425 0.078025 0.082855
65 0.697075 0.420484 0.025956 0.063477
64 0.676538 0.414816 0.051514 0.092894
57 0.578994 0.629760 0.047284 0.059068
55 0.732792 0.556705 0.013227 0.054554
46 0.558842 0.758464 0.091548 0.173200
46 0.728059 0.612063 0.014556 0.089826
71 0.117841 0.594388 0.022332 0.071197
63 0.233151 0.632389 0.241518 0.098432
70 0.408794 0.614979 0.180756 0.106665
60 0.208042 0.769493 0.238863 0.135108
59 0.188952 0.720995 0.139157 0.101157
61 0.396742 0.786318 0.154708 0.104013
29 0.599726 0.538532 0.021425 0.019934
32 0.408723 0.770912 0.094644 0.049803
39 0.200426 0.631579 0.033452 0.057414
20 0.640326 0.458352 0.059115 0.034853
17 0.563010 0.755619 0.005344 0.008096
19 0.551788 0.756358 0.013202 0.020193
17 0.557415 0.736638 0.007230 0.010367
17 0.541635 0.744125 0.005721 0.008463
17 0.553234 0.775299 0.006413 0.010809
17 0.540095 0.768931 0.005658 0.010138
51 0.667905 0.670480 0.095307 0.102243
19 0.090902 0.685052 0.006993 0.020273
24 0.691171 0.459716 0.037518 0.015943
26 0.670375 0.466295 0.004942 0.005978
