4.0 0.6392639875411987 0.5328759849071503 0.09460198879241943 0.3449539542198181
2.0 0.686396986246109 0.5093850046396255 0.07593303918838501 0.2923940122127533
8.0 0.7212280035018921 0.521247997879982 0.0363459587097168 0.20884498953819275
10.0 0.5307080149650574 0.5647940188646317 0.1625310182571411 0.2222670018672943
7.0 0.5485600084066391 0.7509310245513916 0.14889398217201233 0.24670696258544922
6.0 0.34435299783945084 0.5342799872159958 0.4340039938688278 0.14076998829841614
1.0 0.3163670040667057 0.7417320013046265 0.46741002053022385 0.24506700038909912
0.0 0.7392880022525787 0.5586180090904236 0.005349934101104736 0.0699920654296875
12.0 0.500019982457161 0.4031960070133209 0.40634700655937195 0.11499601602554321
7.0 0.7144759893417358 0.6135469973087311 0.04670298099517822 0.1303430199623108
14.0 0.4489000141620636 0.4120759963989258 0.3031160235404968 0.10885500907897949
11.0 0.28853100538253784 0.4584150016307831 0.016609013080596924 0.01209402084350586
35.0 0.677951991558075 0.508437991142273 0.012247920036315918 0.012956976890563965
49.0 0.5918709635734558 0.4678930193185806 0.014930009841918945 0.046712011098861694
53.0 0.6589529812335968 0.4127799868583679 0.028683960437774658 0.1011040210723877
35.0 0.7180039882659912 0.4891989976167679 0.007884025573730469 0.009761005640029907
68.0 0.6325159966945648 0.4191269874572754 0.06189209222793579 0.10785698890686035
40.0 0.6311300098896027 0.45042499899864197 0.07802504301071167 0.0828549861907959
65.0 0.6970750093460083 0.4204839915037155 0.025956034660339355 0.06347700953483582
64.0 0.6765379905700684 0.4148160070180893 0.05151402950286865 0.09289398789405823
57.0 0.5789940059185028 0.6297600269317627 0.047283947467803955 0.05906796455383301
55.0 0.7327919900417328 0.5567049980163574 0.01322704553604126 0.054553985595703125
46.0 0.5588419735431671 0.7584640383720398 0.09154802560806274 0.17320001125335693
46.0 0.7280589938163757 0.6120629906654358 0.014556050300598145 0.08982598781585693
71.0 0.11784099787473679 0.5943880081176758 0.022331997752189636 0.0711970329284668
63.0 0.23315100371837616 0.6323890388011932 0.24151799082756042 0.09843200445175171
70.0 0.40879400074481964 0.6149789690971375 0.18075600266456604 0.10666501522064209
60.0 0.2080419957637787 0.7694930136203766 0.2388629913330078 0.13510793447494507
59.0 0.1889519989490509 0.7209950089454651 0.1391569972038269 0.10115694999694824
61.0 0.3967420160770416 0.7863180339336395 0.15470802783966064 0.10401302576065063
29.0 0.599725991487503 0.5385319888591766 0.021424949169158936 0.019933998584747314
32.0 0.40872302651405334 0.7709120213985443 0.09464401006698608 0.049803078174591064
39.0 0.20042599737644196 0.6315789818763733 0.033452004194259644 0.05741405487060547
20.0 0.6403260231018066 0.4583519995212555 0.059115052223205566 0.03485298156738281
17.0 0.5630099773406982 0.7556190192699432 0.005344033241271973 0.008096039295196533
19.0 0.5517879724502563 0.7563579976558685 0.01320195198059082 0.02019292116165161
17.0 0.5574150085449219 0.7366379797458649 0.007230043411254883 0.010366976261138916
17.0 0.5416350066661835 0.7441250383853912 0.005721032619476318 0.008462965488433838
17.0 0.5532339811325073 0.7752990126609802 0.006412982940673828 0.010809063911437988
17.0 0.5400949716567993 0.7689310014247894 0.0056580305099487305 0.010137975215911865
51.0 0.6679050326347351 0.6704800128936768 0.09530699253082275 0.10224294662475586
19.0 0.09090199694037437 0.6850520074367523 0.006993003189563751 0.020273029804229736
24.0 0.6911709904670715 0.4597160071134567 0.03751802444458008 0.015943020582199097
26.0 0.6703750193119049 0.4662950038909912 0.004941999912261963 0.005977988243103027
