10 0.486659 0.501290 0.157037 0.307142
35 0.648058 0.399828 0.017544 0.018042
2 0.674763 0.390659 0.082300 0.360882
7 0.501969 0.688044 0.118597 0.272152
6 0.360187 0.441401 0.319208 0.177946
7 0.710950 0.524763 0.051411 0.171045
8 0.716243 0.403155 0.059434 0.283686
4 0.605571 0.430412 0.107254 0.444403
14 0.450503 0.291984 0.248644 0.152415
12 0.520525 0.271939 0.369125 0.168359
0 0.743140 0.449979 0.014688 0.115564
1 0.333232 0.665105 0.316127 0.253778
40 0.584569 0.343417 0.064178 0.097881
20 0.591528 0.349132 0.050638 0.044534
16 0.611846 0.175429 0.009121 0.031092
63 0.265075 0.554229 0.145158 0.109446
17 0.508231 0.680642 0.004909 0.009733
53 0.640167 0.275333 0.024198 0.134245
51 0.631464 0.604235 0.143010 0.139907
65 0.695074 0.274872 0.030695 0.088468
57 0.525246 0.573889 0.059949 0.103470
17 0.488628 0.697909 0.004640 0.008667
35 0.707828 0.365526 0.010988 0.013893
24 0.676710 0.330074 0.055217 0.030574
17 0.496260 0.716576 0.004640 0.010133
46 0.722654 0.522797 0.021822 0.118985
72 0.746415 0.362992 0.004943 0.059056
64 0.665229 0.275827 0.057967 0.119983
70 0.383885 0.541475 0.129424 0.114607
59 0.236675 0.644259 0.083622 0.101980
26 0.632637 0.350905 0.034140 0.021762
49 0.546578 0.359877 0.018255 0.069253
60 0.252203 0.693174 0.142821 0.130541
68 0.602822 0.282681 0.074759 0.137118
71 0.196672 0.511363 0.015704 0.079564
46 0.502885 0.695788 0.082437 0.184996
61 0.366961 0.715637 0.113868 0.096529
19 0.499993 0.695376 0.010760 0.022934
55 0.727725 0.457358 0.023991 0.087601
29 0.550522 0.448571 0.021738 0.022885
17 0.496765 0.674509 0.006052 0.009200
39 0.244132 0.556287 0.020002 0.057742
32 0.379806 0.701033 0.067046 0.047589
17 0.507592 0.705709 0.004707 0.010800
