10.0 0.4866589903831482 0.5012900233268738 0.15703701972961426 0.3071420192718506
35.0 0.6480579972267151 0.3998280018568039 0.017544031143188477 0.018041998147964478
2.0 0.6747629940509796 0.39065899699926376 0.08230000734329224 0.3608819991350174
7.0 0.5019689947366714 0.6880439817905426 0.11859700083732605 0.27215200662612915
6.0 0.36018700152635574 0.44140098989009857 0.3192080110311508 0.17794600129127502
7.0 0.7109499871730804 0.5247629880905151 0.051410973072052 0.1710449457168579
8.0 0.7162429988384247 0.40315499901771545 0.05943399667739868 0.28368598222732544
4.0 0.6055710017681122 0.43041200935840607 0.10725396871566772 0.4444030225276947
14.0 0.45050299167633057 0.2919840067625046 0.24864399433135986 0.15241500735282898
12.0 0.5205249935388565 0.2719390019774437 0.36912497878074646 0.16835899651050568
0.0 0.7431399822235107 0.4499790072441101 0.01468801498413086 0.11556398868560791
1.0 0.33323200792074203 0.6651049852371216 0.3161270171403885 0.25377798080444336
40.0 0.5845690071582794 0.3434170037508011 0.06417804956436157 0.09788098931312561
20.0 0.5915279984474182 0.3491320013999939 0.05063796043395996 0.04453402757644653
16.0 0.611845999956131 0.17542900145053864 0.00912100076675415 0.03109198808670044
63.0 0.2650750130414963 0.5542290061712265 0.14515802264213562 0.1094459593296051
17.0 0.5082310140132904 0.6806420087814331 0.0049089789390563965 0.009732961654663086
53.0 0.6401669681072235 0.2753330022096634 0.02419799566268921 0.13424500823020935
51.0 0.6314640045166016 0.6042349934577942 0.14301002025604248 0.13990700244903564
65.0 0.6950740218162537 0.27487199753522873 0.030694961547851562 0.08846797049045563
57.0 0.5252459943294525 0.5738889873027802 0.05994898080825806 0.10347002744674683
17.0 0.48862798511981964 0.6979089975357056 0.004640012979507446 0.0086669921875
35.0 0.7078279852867126 0.3655259907245636 0.010987997055053711 0.0138930082321167
24.0 0.6767099797725677 0.3300739973783493 0.055216968059539795 0.030573993921279907
17.0 0.49626001715660095 0.7165760099887848 0.004639983177185059 0.010132968425750732
46.0 0.7226540148258209 0.5227970033884048 0.021822035312652588 0.11898502707481384
72.0 0.746414989233017 0.3629920035600662 0.00494307279586792 0.05905595421791077
64.0 0.6652290225028992 0.27582699805498123 0.05796694755554199 0.1199830025434494
70.0 0.3838850110769272 0.5414749979972839 0.12942400574684143 0.11460697650909424
59.0 0.23667499423027039 0.6442590057849884 0.08362197875976562 0.10198003053665161
26.0 0.6326369941234589 0.35090498626232147 0.034139931201934814 0.021761983633041382
49.0 0.5465779900550842 0.35987700521945953 0.018254995346069336 0.06925299763679504
60.0 0.2522030174732208 0.6931740045547485 0.14282101392745972 0.13054096698760986
68.0 0.6028220057487488 0.28268100321292877 0.07475900650024414 0.13711801171302795
71.0 0.1966719999909401 0.5113630145788193 0.015703991055488586 0.07956400513648987
46.0 0.5028850138187408 0.6957879960536957 0.08243697881698608 0.18499594926834106
61.0 0.3669610023498535 0.7156369984149933 0.11386799812316895 0.09652894735336304
19.0 0.4999929964542389 0.6953760087490082 0.010760009288787842 0.022934019565582275
55.0 0.7277250289916992 0.4573580175638199 0.023990988731384277 0.08760103583335876
29.0 0.5505219995975494 0.44857099652290344 0.021737992763519287 0.022885024547576904
17.0 0.49676500260829926 0.6745089888572693 0.006051987409591675 0.009199976921081543
39.0 0.24413199722766876 0.5562869906425476 0.020001977682113647 0.05774199962615967
32.0 0.3798060119152069 0.701032966375351 0.06704598665237427 0.047589004039764404
17.0 0.507591962814331 0.7057090103626251 0.004706978797912598 0.010799944400787354
