10.0 0.43740940572833137 0.4990251334890574 0.27167853405103387 0.3925117666723214
4.0 0.25087815413515996 0.40262123218563756 0.20529236738329026 0.5149126658989921
8.0 0.07019075838397495 0.35998427439948877 0.11343365970964067 0.3406267309176512
7.0 0.40020498898212803 0.6962403248976115 0.20001185012395234 0.3271435484023672
2.0 0.1345999686577931 0.35199223575635213 0.1757424693055255 0.43713159563077875
1.0 0.645299912971205 0.687256671315438 0.4606849320394235 0.32718349408405434
7.0 0.06987833878379124 0.5089175125195808 0.09456681387238074 0.2078221150484583
0.0 0.025592899357901978 0.4235706912956457 0.03165559289526152 0.13742386118438618
6.0 0.6215711807296374 0.4383177951700674 0.4736398486169414 0.2253440199463664
65.0 0.11748041664985794 0.22489795679323374 0.056867679749034575 0.10911467314333552
49.0 0.3517562788734134 0.3221113933968266 0.03626092343546489 0.08175111807893028
59.0 0.7947340947856355 0.6668479781731957 0.11330694571605979 0.11635878317972129
70.0 0.5972268323423151 0.5357426244602825 0.20664447084141369 0.14518192099764923
26.0 0.21563477232698514 0.310568386784407 0.06149168660643902 0.02669813917610232
12.0 0.3875055559673748 0.23568761555563197 0.5614602948637338 0.24116652107622388
35.0 0.18528514400552426 0.3643493047534139 0.027183432476066118 0.02132210655046745
14.0 0.4868056766714877 0.26528605368736946 0.37052822364284177 0.202777833909214
35.0 0.08913158292141178 0.3270212341081428 0.020302244967072874 0.017611969889637497
40.0 0.2920544764155806 0.29659823574191896 0.1078214063224227 0.12042966781550857
64.0 0.16488765354280013 0.22251190429981688 0.10229184922215864 0.14910306305290627
68.0 0.2639372900429134 0.24134216824388927 0.13066991097175798 0.16970101106648858
53.0 0.20621738780382087 0.22478822385505043 0.04778422867614351 0.15534872678347444
55.0 0.05087573729748268 0.4264273119269444 0.041514410906001636 0.09466103276846063
57.0 0.374595950798101 0.5732252778252983 0.11243889919528684 0.15173686424502736
72.0 0.02625543104647277 0.3251181121334 0.012027955439754509 0.06626994677312553
46.0 0.4034872555855352 0.7025759392053573 0.14597969625026516 0.23382787856230722
71.0 0.8517296498505268 0.5516579609761119 0.021237663360878876 0.06202146561551192
63.0 0.7581206144791256 0.5703786748306513 0.20074363218930358 0.1411139747257376
61.0 0.5994671123682349 0.7294058047329794 0.15329296878293625 0.11976846298427025
60.0 0.7617722517168858 0.7260163996764287 0.20376920265307216 0.1732166948823336
62.0 0.8598340852596281 0.6998277736750724 0.017171789099491644 0.07979343467940289
51.0 0.1975320562167516 0.6060345998363352 0.24961279967405953 0.16956936932801273
20.0 0.2813731390623518 0.2943501279071407 0.08157168904953362 0.05377026239488395
29.0 0.33652369282654737 0.42055770411630317 0.01923450246931959 0.023081242203413
24.0 0.14133435522045662 0.28588445385539696 0.09505848497994868 0.03521455003249514
39.0 0.7905181871852498 0.5773445524595363 0.0302277304059956 0.06547751793554375
19.0 0.052835205671449344 0.5081901521443221 0.006744427237327688 0.01769056864041987
32.0 0.595283545528018 0.7160889976358047 0.09739076267073964 0.05324501445499247
19.0 0.40566514247721347 0.7034467008960766 0.020318503651256824 0.02928968379148513
46.0 0.0516285665415799 0.5074603227366552 0.04435807891621142 0.140507103088602
16.0 0.24377169099749088 0.12832093261377764 0.010824163310803953 0.022796439356837873
18.0 0.8673180750893638 0.6436649266081858 0.006653802546816792 0.022289006258550268
23.0 0.5238171178087138 0.3392076495410164 0.085768433335667 0.025594029097708183
