3 0.378067 0.446821 0.205459 0.287018
9 0.240537 0.470034 0.260185 0.240018
7 0.759257 0.587005 0.124269 0.155232
7 0.263743 0.592245 0.115605 0.152304
11 0.775553 0.495263 0.205873 0.201128
35 0.502203 0.453772 0.039035 0.011470
6 0.794172 0.421778 0.172688 0.079168
5 0.573482 0.449205 0.218994 0.291858
35 0.314099 0.444971 0.039342 0.010241
13 0.157490 0.380760 0.077037 0.022380
1 0.852021 0.552175 0.089174 0.118757
66 0.382406 0.356820 0.138537 0.096504
47 0.205810 0.444828 0.031978 0.042327
12 0.463133 0.343589 0.461691 0.117131
46 0.762326 0.591528 0.084300 0.107357
0 0.157503 0.537113 0.106768 0.119916
15 0.239261 0.345481 0.107011 0.071613
67 0.287778 0.360572 0.076194 0.082022
43 0.198140 0.587400 0.021349 0.061479
69 0.551776 0.364119 0.164159 0.110273
73 0.128734 0.450930 0.041135 0.069117
48 0.115304 0.557644 0.006454 0.014454
54 0.465526 0.355986 0.031644 0.105901
14 0.644916 0.353708 0.137925 0.099658
41 0.648302 0.396142 0.048870 0.063087
50 0.681475 0.405802 0.036779 0.043374
27 0.547352 0.416491 0.154354 0.015173
56 0.261506 0.550272 0.136748 0.108101
71 0.857820 0.477889 0.053267 0.046280
25 0.378080 0.405532 0.183961 0.015703
52 0.511810 0.599937 0.363325 0.020438
17 0.755408 0.582406 0.006199 0.006124
29 0.700877 0.460265 0.032515 0.010648
46 0.260074 0.598734 0.081652 0.105298
58 0.763933 0.553452 0.141551 0.112533
21 0.642812 0.403141 0.037716 0.028021
17 0.752819 0.596987 0.005105 0.006707
17 0.762445 0.604131 0.005689 0.007387
17 0.767332 0.581045 0.005105 0.005735
62 0.881599 0.556266 0.029326 0.049385
17 0.771161 0.594459 0.005032 0.007096
17 0.253928 0.590085 0.005834 0.007290
17 0.264831 0.587072 0.005032 0.006318
17 0.252871 0.604228 0.005470 0.006804
17 0.262753 0.610887 0.005397 0.006707
16 0.324178 0.277993 0.049170 0.043065
17 0.270556 0.600972 0.004230 0.006318
33 0.880543 0.551467 0.017736 0.019660
19 0.761689 0.591267 0.010794 0.013997
19 0.260820 0.598105 0.010137 0.013414
