5 0.518640 0.396724 0.152986 0.293936
7 0.650313 0.519819 0.080683 0.154220
3 0.384983 0.401078 0.144416 0.300642
9 0.287473 0.432875 0.185610 0.243077
13 0.224361 0.359052 0.057067 0.035978
11 0.659735 0.429349 0.147895 0.207574
6 0.675461 0.352376 0.117944 0.067507
1 0.716674 0.477389 0.070685 0.120454
0 0.231089 0.515818 0.079203 0.120013
7 0.306491 0.560084 0.081111 0.161487
12 0.441932 0.282119 0.315836 0.107003
14 0.565433 0.289168 0.097309 0.092123
35 0.470250 0.400661 0.027583 0.010593
35 0.340162 0.405345 0.026589 0.009115
15 0.283732 0.308947 0.075446 0.079676
50 0.592016 0.340365 0.024007 0.042582
41 0.568024 0.328668 0.034417 0.066021
66 0.388753 0.308575 0.099830 0.099788
54 0.444852 0.303276 0.022656 0.106429
67 0.319763 0.321057 0.050778 0.089999
58 0.653701 0.478213 0.095822 0.109461
69 0.501873 0.304978 0.113540 0.100439
46 0.642921 0.528897 0.049754 0.106500
71 0.718733 0.400235 0.045955 0.045292
56 0.306043 0.519024 0.095812 0.114068
62 0.735728 0.482026 0.025136 0.047790
73 0.209512 0.428359 0.031732 0.066363
46 0.306845 0.565673 0.056815 0.110941
52 0.479978 0.551677 0.251880 0.036168
47 0.265494 0.413314 0.022889 0.042517
48 0.200785 0.544211 0.007918 0.009419
25 0.383615 0.359905 0.127978 0.008277
27 0.504325 0.358199 0.113438 0.005994
21 0.563923 0.337220 0.026056 0.026544
17 0.642936 0.541222 0.003449 0.006249
29 0.605933 0.394357 0.021162 0.012844
17 0.637908 0.530674 0.003509 0.007782
17 0.646888 0.518707 0.003509 0.008843
17 0.304624 0.579092 0.004776 0.008725
17 0.649029 0.534919 0.003271 0.007310
17 0.312037 0.558223 0.004698 0.007782
17 0.304633 0.553684 0.004401 0.006721
16 0.337909 0.235119 0.034665 0.044335
17 0.300174 0.565828 0.003330 0.006956
33 0.735306 0.477010 0.015026 0.017359
17 0.312602 0.574022 0.003330 0.008018
