5.0 0.4883322364014496 0.4072560076942673 0.18555672869734682 0.3683985934343394
7.0 0.6114847086161167 0.5865413489281817 0.09778281583467048 0.1934421321706619
3.0 0.3507563081046623 0.3624359333395677 0.1774144281821719 0.3723424117522163
9.0 0.24760542802400223 0.3600981805347648 0.21409069736645922 0.32651431191551217
13.0 0.1900180877754741 0.2584413249122372 0.06205647376974618 0.059274494991376846
11.0 0.6299464855623625 0.4940550308179668 0.17193850542744665 0.27490185683784074
6.0 0.6535652468185753 0.418218264507307 0.12759019069808317 0.11523876996441232
1.0 0.6837053318993367 0.5660776610235886 0.08424143510535534 0.15392468735321296
0.0 0.18168499690292014 0.42722884981955517 0.09293931863253611 0.15660759358016532
7.0 0.2547565922795991 0.5020773217538764 0.09892835634646019 0.2013093552944154
12.0 0.42075715161240473 0.2573081409168815 0.33449679292642953 0.23033543626043584
14.0 0.5468031350817832 0.3104680026940593 0.10880806428940616 0.13371887625956774
35.0 0.43829392803176254 0.39353327034511704 0.029334024079229172 0.021439953337217134
35.0 0.3043482925426845 0.35038342176987414 0.028170372133071594 0.019504386652523627
15.0 0.25581192316247997 0.2272504126172822 0.08516346442228832 0.11242800818720965
50.0 0.5691052284292186 0.3746111456683463 0.028773723929065416 0.054051434876055376
41.0 0.5456226031730208 0.3533283537519058 0.041734187569646794 0.08276636431722027
66.0 0.3636158473450071 0.2657023692363443 0.11214005161661149 0.14278253692969867
54.0 0.42169714251460577 0.28083178939438697 0.03359305147310418 0.12128124150370749
67.0 0.2916082552364201 0.25342445668217894 0.06085360571763161 0.11425422057813277
58.0 0.6190052562526318 0.5436584765017699 0.10896734461689334 0.15156116240261705
69.0 0.4800440451826319 0.30372896316406184 0.1262718627482375 0.14854431832859538
46.0 0.6030169776373181 0.5934371038475305 0.061406709862867406 0.13137986537165325
71.0 0.6933173071126462 0.4849935777470498 0.051559083573760156 0.0650446340238926
56.0 0.25828778122493135 0.4583547636225636 0.10940488490889763 0.15644464209366943
62.0 0.7028070073428012 0.5780445794828873 0.0304384838270074 0.05999376840235648
73.0 0.16804434846367966 0.32647030664917837 0.0390121761659618 0.08213596868225365
46.0 0.25457662743995246 0.5081371398309702 0.06908400563844111 0.13870268917923148
52.0 0.433598185208396 0.5573308222791648 0.2619831736408082 0.13153613452081792
47.0 0.22695284645211572 0.33121779525169814 0.027620130575893426 0.05356893006851388
48.0 0.14782871176073917 0.4461391642210276 0.009040584977429447 0.012920606040324668
25.0 0.3533543880190439 0.31825321225130027 0.13212968618947205 0.05611852996498821
27.0 0.4773872957064928 0.36109328820430814 0.11698748061136807 0.04831840734768442
21.0 0.540583113099928 0.3608834610766766 0.02931744956208784 0.037796071183272335
17.0 0.6018344511995318 0.6065170937479133 0.00414654347684755 0.007904695261383066
29.0 0.5781383704347024 0.4370341556745378 0.022963844579097763 0.0214527385829578
17.0 0.5977001900697835 0.5934678949345374 0.004357145879258534 0.009553214565366022
17.0 0.6080781804244167 0.5840948172872549 0.004460267460625195 0.010678693880575147
17.0 0.2509932585697923 0.5215506109898328 0.005748950690049762 0.011022160887492187
17.0 0.6086994289357681 0.6020846199136735 0.004067103381504277 0.008964489659455625
17.0 0.2606285466883464 0.5021545842146471 0.0055772674018796905 0.009993026365665993
17.0 0.25347207156335955 0.49460089746061253 0.005169361946246245 0.008757621816575056
16.0 0.31858169831120603 0.16897268287891518 0.0398808563858627 0.05985332677841975
17.0 0.24771609184922483 0.5058339783985651 0.004093181671767781 0.008610713200876165
33.0 0.7028615360751399 0.5725674755752802 0.017106192197772808 0.023972524838944905
17.0 0.2596726930993771 0.5191233436922527 0.004196401740038027 0.009737267412060364
