5 0.650486 0.421199 0.105704 0.305788
3 0.587193 0.436777 0.107976 0.332962
41 0.687630 0.358480 0.029891 0.056329
9 0.486793 0.468935 0.195621 0.289841
7 0.518220 0.641836 0.086081 0.203406
11 0.717934 0.458149 0.046549 0.175589
52 0.635068 0.589515 0.139342 0.087619
59 0.318177 0.470246 0.061810 0.054949
48 0.342151 0.625248 0.161093 0.059957
7 0.716323 0.532169 0.068869 0.139548
0 0.382148 0.586391 0.252803 0.189824
58 0.730164 0.461677 0.025491 0.041026
29 0.706634 0.416617 0.008082 0.011039
35 0.561703 0.436640 0.020914 0.013211
12 0.504791 0.308651 0.366213 0.115877
35 0.644435 0.425171 0.015362 0.011194
1 0.742801 0.467337 0.008515 0.056058
69 0.640260 0.327979 0.079151 0.104719
56 0.538383 0.566461 0.058723 0.116364
67 0.523206 0.337528 0.031274 0.103327
71 0.737108 0.425228 0.010272 0.034337
13 0.362302 0.459415 0.193847 0.190437
25 0.577935 0.383575 0.089258 0.008127
73 0.417535 0.476214 0.078733 0.095289
46 0.718337 0.536677 0.046122 0.097805
46 0.531597 0.639801 0.045900 0.143223
15 0.418756 0.324930 0.184490 0.093308
66 0.575605 0.328188 0.071257 0.104404
72 0.264724 0.456780 0.006621 0.077772
47 0.497817 0.451315 0.021900 0.056566
21 0.698604 0.367034 0.007206 0.027304
27 0.651841 0.382748 0.060344 0.006588
16 0.452111 0.251699 0.022281 0.033957
39 0.310316 0.416525 0.011806 0.036817
37 0.401811 0.646368 0.042060 0.007317
54 0.607913 0.324497 0.031430 0.110338
