5.0 0.3537408977814473 0.3543274625769433 0.10465091213691939 0.339758380194424
3.0 0.4114850256585663 0.37642086062241165 0.1074102273901065 0.3693627734026097
41.0 0.3211796422901414 0.2833632325736294 0.02884704669602589 0.06344760265845586
9.0 0.5028986305748812 0.4195286147973518 0.186837944005191 0.32992489216895354
7.0 0.4697551456458774 0.6041021960599001 0.08409415026356679 0.22730550077928582
11.0 0.2908804156855612 0.38875385369069076 0.047098474349254266 0.1939263883826808
52.0 0.3637344398186538 0.5378083531905336 0.1301440293344163 0.1063635960505628
59.0 0.6577270436277887 0.43488015692804605 0.0581280355060404 0.06459107269930552
48.0 0.6318715767665536 0.6006933457262315 0.14943580048045627 0.0782158657028682
7.0 0.2905275973926836 0.4690157194595773 0.06670549991551625 0.15675519123689352
0.0 0.5960993685711928 0.5553246899933741 0.2368793285905184 0.22637849993298945
58.0 0.2795607554383413 0.391562462821386 0.024427138978375732 0.04651808389969818
29.0 0.3022867363223965 0.34472794468802975 0.007696000160763437 0.0126178225390394
35.0 0.4348990393025601 0.37837869761516724 0.01953496206723429 0.01602934328571756
12.0 0.49033676051421715 0.24452943036133665 0.3392071113079481 0.15569951179671465
35.0 0.35919997883411764 0.3591272588070838 0.014385951547305022 0.01338717659098884
1.0 0.26781450829746734 0.39664542393714086 0.009208111585551725 0.06138799817237493
69.0 0.36544040014184387 0.25425909187153156 0.07528644965669158 0.11990140507010359
56.0 0.4531028889199131 0.5208405707675785 0.0568131768253645 0.13081959133598103
67.0 0.47270913253315466 0.274268035760394 0.03128063070664837 0.11443855795322858
71.0 0.27408553324077284 0.3515316019337404 0.010284092879194446 0.038019561275628964
13.0 0.6174697277694137 0.41950933071100527 0.18274797502368575 0.22217064382106747
25.0 0.42130485318921435 0.3195931080665116 0.0821777619908236 0.016172848720227066
73.0 0.5663266205025117 0.4331309561310108 0.0746691529318512 0.10965860099591349
46.0 0.28856628439474835 0.47372939914223866 0.04478078240745305 0.10968768267976482
46.0 0.45751973843133176 0.600793946627968 0.04570115259186347 0.15883562244584035
15.0 0.5689502909410394 0.2692607730930497 0.17174973676388666 0.1162525567507071
66.0 0.424815882867078 0.25982761183899755 0.06802869310760556 0.11890817419512414
72.0 0.7071529003134268 0.4247194981541781 0.00800615840186301 0.08473750365190132
47.0 0.49321012482815385 0.39954357320310196 0.021513779898921066 0.06304390342372408
21.0 0.3108891180175115 0.2917164272768585 0.00729404521870535 0.03015280481294262
27.0 0.3534483377071174 0.3125912025631189 0.0555843989282836 0.012117755143573971
16.0 0.5401291493959197 0.18723006341147036 0.02130394272743852 0.038600456329540955
39.0 0.6662766696519573 0.377375132035692 0.011754333015911793 0.04083095031006753
37.0 0.5765556543374972 0.6186268132798225 0.03881003053143634 0.011396186363827172
54.0 0.39523488237049026 0.2531624684164596 0.03159750593130288 0.12204105754976528
