11 0.367701 0.466184 0.054866 0.236443
7 0.344961 0.720657 0.057730 0.252831
10 0.728130 0.445672 0.078229 0.224184
1 0.555582 0.711103 0.432848 0.317436
6 0.557023 0.457379 0.364116 0.217065
12 0.541559 0.266246 0.305922 0.171640
14 0.544470 0.286709 0.299856 0.166872
41 0.368414 0.357909 0.034329 0.060490
63 0.561249 0.604195 0.293205 0.113771
71 0.397129 0.564789 0.088859 0.141343
70 0.723301 0.550327 0.075676 0.145315
59 0.565751 0.726341 0.168806 0.095386
60 0.559472 0.788414 0.293762 0.110586
61 0.735907 0.752075 0.068819 0.151441
62 0.388750 0.766233 0.080038 0.143922
40 0.714984 0.343645 0.035769 0.059857
20 0.714672 0.335151 0.035150 0.043939
21 0.368276 0.350417 0.031835 0.043090
33 0.382096 0.746101 0.042107 0.066655
18 0.425392 0.717319 0.015111 0.028614
39 0.564199 0.612975 0.037693 0.075744
32 0.744131 0.732487 0.036674 0.069853
