11.0 0.41601632669849303 0.4068800240531961 0.06974040473350589 0.2594294016018552
7.0 0.3765280806638519 0.6655724025017452 0.0736544825847876 0.2771750698437418
10.0 0.7704910081914693 0.47599414424110115 0.09179836626671857 0.25255370612230044
1.0 0.5835051026376681 0.7084873605558034 0.44550121214258503 0.43841093159792544
6.0 0.6020775298657755 0.4452296089687395 0.3713805582340375 0.31688166818034436
12.0 0.5998558979108263 0.24276266329684 0.3112995670963941 0.2550850770406625
14.0 0.6013235765268615 0.26475405430380133 0.3050346177873887 0.24860926877677525
41.0 0.4240380555521702 0.29456114946750256 0.03772104649154367 0.07146172575835276
63.0 0.5962874604861566 0.5988316675222666 0.29492761758416075 0.19176866387271047
71.0 0.43817569583833577 0.5167136612390997 0.09660878747115609 0.1691487114128007
70.0 0.7586819799586736 0.5835191407829478 0.08396302450483735 0.16996821819477184
59.0 0.5924363237682145 0.7268708421759804 0.17181901936978383 0.14145685504826322
60.0 0.582086869167128 0.789789417862025 0.2952578635471254 0.1885992810808981
61.0 0.7573858506477442 0.7962979982486478 0.07766005913179602 0.17461290237544533
62.0 0.41634259996396156 0.7239118417628694 0.08814194937984127 0.16961531811450462
40.0 0.7645134314258487 0.3666898952058655 0.039088860953103315 0.0711653006961293
20.0 0.7647822823256277 0.35778636221418314 0.037405854435803576 0.05447124450130661
21.0 0.4244095942550815 0.28674231656092397 0.03410098085854727 0.052757418208557845
33.0 0.41118575397360485 0.7013252926882731 0.04575754760782776 0.07981852949088893
18.0 0.4555465438003725 0.6822830791763415 0.01673849439310383 0.03352104425418911
39.0 0.598583486329778 0.6086941585651001 0.04204823406297436 0.08815459996775933
32.0 0.7667671607156124 0.7780093390236992 0.04065149192550999 0.08177821918604154
