7.0 0.5056009963154793 0.4275039918720722 0.6190450042486191 0.6123299822211266
4.0 0.9777899980545044 0.5181040018796921 0.044419050216674805 0.042686015367507935
10.0 0.5 0.27025699615478516 1.0 0.5405139923095703
57.0 0.2100519947707653 0.3336950093507767 0.26958898454904556 0.3943500220775604
57.0 0.8649609982967377 0.3832080066204071 0.12777096033096313 0.3756210207939148
1.0 0.08947300165891647 0.3421749919652939 0.17894600331783295 0.4077329933643341
46.0 0.5622239857912064 0.49195800721645355 0.38495299220085144 0.3745709955692291
32.0 0.02000799961388111 0.46794700622558594 0.04001599922776222 0.05549198389053345
19.0 0.5603620111942291 0.5015759915113449 0.04867500066757202 0.045506030321121216
51.0 0.9243680238723755 0.5597230195999146 0.15046000480651855 0.04055202007293701
