10 0.812124 0.279861 0.375751 0.559723
10 0.216086 0.048289 0.422568 0.096578
7 0.503801 0.491425 0.596237 0.729934
1 0.140856 0.349701 0.281712 0.580947
51 0.928370 0.586935 0.140856 0.065096
4 0.971587 0.368702 0.054422 0.371370
61 0.009559 0.445118 0.019118 0.081253
46 0.507274 0.530518 0.429933 0.519410
57 0.324220 0.326763 0.345200 0.637113
57 0.705456 0.311087 0.341300 0.614713
70 0.013287 0.039150 0.026573 0.078300
17 0.458300 0.533304 0.024535 0.023619
28 0.611873 0.366903 0.020024 0.036235
17 0.553908 0.526996 0.019474 0.017458
19 0.507426 0.550685 0.053694 0.064849
17 0.506599 0.485113 0.019914 0.018191
17 0.479476 0.594858 0.021564 0.022005
17 0.535092 0.592144 0.019694 0.020685
