10.0 0.8121240139007568 0.2798612415790558 0.3757510185241699 0.5597224831581116
10.0 0.21608600579202175 0.04828900098800659 0.42256801202893257 0.09657800197601318
7.0 0.5038010105490685 0.491424985229969 0.5962370187044144 0.729933962225914
1.0 0.14085599780082703 0.3497010041028261 0.28171199560165405 0.580947007983923
51.0 0.9283699989318848 0.5869350135326385 0.14085602760314941 0.06509596109390259
4.0 0.9715870022773743 0.3687020167708397 0.05442202091217041 0.37137003242969513
61.0 0.00955899991095066 0.4451180100440979 0.01911799982190132 0.08125299215316772
46.0 0.5072740018367767 0.5305179804563522 0.42993301153182983 0.5194099247455597
57.0 0.3242200016975403 0.32676301058381796 0.3452000021934509 0.6371130216866732
57.0 0.705456018447876 0.31108699459582567 0.34130001068115234 0.6147129889577627
70.0 0.013286999832331503 0.03914999961853027 0.02657299966466553 0.07829999923706055
17.0 0.45829999446868896 0.5333040058612823 0.024535000324249268 0.023618996143341064
28.0 0.6118730008602142 0.36690300703048706 0.020024001598358154 0.03623497486114502
17.0 0.5539079904556274 0.526995986700058 0.019474029541015625 0.017458021640777588
19.0 0.5074260085821152 0.5506850183010101 0.05369403958320618 0.06484895944595337
17.0 0.5065990090370178 0.4851129949092865 0.01991403102874756 0.018190979957580566
17.0 0.4794760048389435 0.5948580205440521 0.021564006805419922 0.022005021572113037
17.0 0.5350919961929321 0.5921439826488495 0.019693970680236816 0.020685017108917236
