67 0.284787 0.333647 0.085998 0.093770
15 0.225920 0.318234 0.123021 0.081225
46 0.256730 0.601098 0.092327 0.117893
35 0.528364 0.435093 0.043932 0.010343
26 0.577790 0.393151 0.173646 0.014876
7 0.259308 0.593718 0.131955 0.170909
17 0.817097 0.572910 0.005402 0.005696
47 0.193225 0.430150 0.036550 0.047979
3 0.387733 0.427664 0.229162 0.320663
35 0.318176 0.428254 0.043932 0.009993
17 0.265943 0.592988 0.004515 0.007200
46 0.808649 0.579279 0.087888 0.114768
54 0.484395 0.326806 0.039307 0.118945
1 0.897120 0.530929 0.079202 0.127428
14 0.673853 0.323464 0.142477 0.102269
17 0.254090 0.614534 0.005967 0.007308
71 0.903202 0.454902 0.049790 0.050430
62 0.917157 0.540007 0.022312 0.037669
21 0.683784 0.372923 0.032274 0.027390
11 0.807941 0.476767 0.189309 0.220060
66 0.392822 0.329779 0.157804 0.109814
17 0.804075 0.593328 0.004999 0.006770
17 0.246028 0.601316 0.006612 0.007093
9 0.231137 0.452830 0.302545 0.272605
50 0.721356 0.379056 0.041551 0.048071
56 0.260466 0.542954 0.151393 0.109992
6 0.824984 0.395584 0.187057 0.080707
17 0.805889 0.567429 0.004596 0.005910
58 0.808466 0.535689 0.148390 0.118150
41 0.688291 0.368276 0.048471 0.069506
12 0.479274 0.311889 0.507557 0.125034
0 0.136300 0.534477 0.123354 0.135771
7 0.804768 0.572557 0.130435 0.168080
17 0.797705 0.580540 0.004838 0.006125
52 0.534622 0.596319 0.398319 0.020639
13 0.127869 0.373728 0.099107 0.059389
17 0.815807 0.588707 0.005241 0.006555
29 0.740152 0.439979 0.019447 0.011949
19 0.807518 0.579519 0.011933 0.015045
16 0.296992 0.221065 0.064052 0.088208
5 0.602562 0.427650 0.245481 0.317983
43 0.192279 0.570604 0.040256 0.070688
28 0.270735 0.645719 0.005578 0.006666
69 0.577839 0.334465 0.184256 0.121041
17 0.266144 0.609376 0.004757 0.007308
73 0.101648 0.440423 0.048266 0.075727
17 0.253445 0.587400 0.005805 0.006125
28 0.821589 0.534759 0.004232 0.005768
19 0.257880 0.600349 0.012901 0.015475
24 0.387249 0.383875 0.207988 0.015074
