67.0 0.7152130007743835 0.3336469978094101 0.08599793910980225 0.09376999735832214
15.0 0.7740799784660339 0.31823401153087616 0.12302100658416748 0.08122500777244568
46.0 0.7432699799537659 0.6010980010032654 0.09232699871063232 0.11789298057556152
35.0 0.47163599729537964 0.4350930005311966 0.04393196105957031 0.010342985391616821
26.0 0.4222099781036377 0.3931509852409363 0.1736459732055664 0.014876008033752441
7.0 0.7406919896602631 0.593718022108078 0.13195496797561646 0.17090898752212524
17.0 0.182902991771698 0.5729099810123444 0.005401968955993652 0.005695998668670654
47.0 0.8067750036716461 0.43015000224113464 0.03654998540878296 0.047978997230529785
3.0 0.612267017364502 0.42766398191452026 0.22916197776794434 0.3206629753112793
35.0 0.6818239986896515 0.42825400829315186 0.04393202066421509 0.009993016719818115
17.0 0.7340570092201233 0.5929880142211914 0.00451505184173584 0.007200002670288086
46.0 0.1913509964942932 0.5792790055274963 0.08788800239562988 0.11476802825927734
54.0 0.5156050026416779 0.3268060088157654 0.03930705785751343 0.11894500255584717
1.0 0.10288000106811523 0.5309289842844009 0.07920205593109131 0.12742802500724792
14.0 0.3261469900608063 0.3234640061855316 0.14247697591781616 0.1022689938545227
17.0 0.7459099888801575 0.6145339906215668 0.0059670209884643555 0.007307946681976318
71.0 0.09679800271987915 0.4549019932746887 0.049790024757385254 0.05042999982833862
62.0 0.08284300565719604 0.5400069952011108 0.022312045097351074 0.03766906261444092
21.0 0.31621599197387695 0.37292301654815674 0.03227400779724121 0.027390003204345703
11.0 0.1920589804649353 0.47676700353622437 0.1893090009689331 0.22005999088287354
66.0 0.6071779727935791 0.3297789990901947 0.15780401229858398 0.10981398820877075
17.0 0.19592499732971191 0.5933279991149902 0.004999041557312012 0.006770014762878418
17.0 0.7539719939231873 0.6013160049915314 0.006611943244934082 0.00709301233291626
9.0 0.7688629925251007 0.4528300017118454 0.3025450110435486 0.27260497212409973
50.0 0.27864402532577515 0.37905600666999817 0.04155099391937256 0.04807102680206299
56.0 0.7395339906215668 0.5429539829492569 0.15139299631118774 0.10999199748039246
6.0 0.17501598596572876 0.39558398723602295 0.1870570182800293 0.08070701360702515
17.0 0.19411098957061768 0.5674289762973785 0.00459599494934082 0.005909979343414307
58.0 0.19153401255607605 0.5356889963150024 0.148389995098114 0.11814999580383301
41.0 0.3117089867591858 0.3682760000228882 0.04847097396850586 0.06950598955154419
12.0 0.5207259953022003 0.31188900768756866 0.5075569748878479 0.12503400444984436
0.0 0.8637000024318695 0.5344770103693008 0.12335401773452759 0.1357710063457489
7.0 0.19523200392723083 0.5725570172071457 0.130435049533844 0.16808000206947327
17.0 0.20229500532150269 0.5805400013923645 0.004837989807128906 0.006124973297119141
52.0 0.4653779864311218 0.5963189899921417 0.3983190059661865 0.020639002323150635
13.0 0.8721309900283813 0.3737280070781708 0.09910702705383301 0.05938899517059326
17.0 0.1841929852962494 0.5887070000171661 0.005240976810455322 0.006555020809173584
29.0 0.2598479986190796 0.4399790018796921 0.019446969032287598 0.011948972940444946
19.0 0.19248199462890625 0.5795190036296844 0.011932969093322754 0.015044987201690674
16.0 0.7030079960823059 0.2210649996995926 0.06405198574066162 0.08820798993110657
5.0 0.3974379897117615 0.42764998972415924 0.24548101425170898 0.3179830014705658
43.0 0.8077210187911987 0.5706040263175964 0.04025602340698242 0.07068800926208496
28.0 0.7292650043964386 0.6457189917564392 0.005577981472015381 0.006665945053100586
69.0 0.4221610128879547 0.33446501195430756 0.18425601720809937 0.12104102969169617
17.0 0.7338559925556183 0.6093760132789612 0.00475698709487915 0.007308006286621094
73.0 0.8983519971370697 0.44042301177978516 0.04826599359512329 0.07572698593139648
17.0 0.746554970741272 0.5874000191688538 0.005805015563964844 0.006124973297119141
28.0 0.17841097712516785 0.5347590148448944 0.00423198938369751 0.005768001079559326
19.0 0.7421199977397919 0.6003490090370178 0.012901008129119873 0.015475034713745117
24.0 0.6127510070800781 0.3838750123977661 0.20798802375793457 0.015074014663696289
