9.0 0.6954734120019695 0.3385482376676359 0.11541578510482897 0.16401297418431024
8.0 0.2773827355821675 0.48331054218946895 0.10421495846937079 0.1530706509358192
13.0 0.5046473319586101 0.5092119384648917 0.47138325532537634 0.3713557324149239
0.0 0.5332480087036615 0.6528148375896056 0.5470371860045076 0.3578764183216381
12.0 0.46650172817502256 0.3130035925326368 0.36179985248306545 0.1925458012479231
39.0 0.497426517345128 0.47087843852169925 0.047598656777326775 0.059058904260950396
15.0 0.4747926454871034 0.3482674869606697 0.39346837133281637 0.2281626394826033
73.0 0.7308837361911116 0.4475607634943463 0.08953987159559251 0.12754737592083268
59.0 0.5112550436384603 0.5342674003045735 0.20603438664780643 0.12661822223684474
72.0 0.2863569459738927 0.6001585990375761 0.08777060611953935 0.12619491744666597
16.0 0.44969485098871004 0.22496179340522796 0.0313570951930463 0.12555500961249844
