4 0.381887 0.356040 0.272900 0.365648
17 0.162098 0.480793 0.006277 0.007070
13 0.940680 0.299310 0.118582 0.076589
40 0.283820 0.280551 0.051169 0.079629
53 0.508576 0.245076 0.054050 0.144094
15 0.832853 0.244385 0.160155 0.127475
51 0.452523 0.547141 0.423000 0.074091
7 0.174540 0.481382 0.129212 0.175911
17 0.173674 0.476497 0.006766 0.007179
70 0.081144 0.353193 0.032907 0.054178
17 0.745494 0.569750 0.007255 0.007179
72 0.968470 0.422656 0.062418 0.089610
35 0.694149 0.387679 0.053734 0.013531
6 0.170204 0.286997 0.190460 0.077290
17 0.176976 0.502601 0.005869 0.006961
68 0.402955 0.247581 0.214217 0.135611
48 0.984913 0.567308 0.019531 0.022400
1 0.087169 0.431348 0.058414 0.136585
55 0.759756 0.533986 0.190783 0.139432
17 0.181418 0.490637 0.005625 0.007179
17 0.164544 0.497380 0.006440 0.007396
8 0.802828 0.412257 0.393945 0.310826
29 0.229110 0.355463 0.017159 0.011968
17 0.769338 0.581280 0.006358 0.008702
20 0.275526 0.294764 0.024556 0.049996
0 0.916300 0.531551 0.166895 0.147405
7 0.757293 0.575622 0.161541 0.191667
10 0.166138 0.390937 0.184560 0.236990
2 0.613509 0.366098 0.275037 0.383293
24 0.619040 0.323454 0.247411 0.013298
12 0.535189 0.211325 0.591189 0.142716
65 0.750064 0.268873 0.099192 0.122622
17 0.758252 0.595148 0.006032 0.008158
26 0.395197 0.317448 0.201819 0.011393
17 0.761105 0.566107 0.006358 0.008593
35 0.449958 0.373438 0.047439 0.012753
49 0.250445 0.289493 0.040593 0.053722
57 0.136142 0.440842 0.073432 0.110089
64 0.614866 0.252085 0.194322 0.140126
46 0.167709 0.491881 0.086871 0.117084
46 0.757483 0.582655 0.114276 0.134143
61 0.072403 0.438303 0.015843 0.039835
16 0.744266 0.140373 0.049721 0.055001
17 0.743701 0.587643 0.006277 0.009245
23 0.243558 0.263430 0.049488 0.034492
