4.0 0.3467203544241291 0.44984064911260296 0.3275644193791782 0.43690761869738753
17.0 0.16089232688294086 0.6411060362734733 0.007285009178367782 0.008781049596301207
13.0 0.8676181713543057 0.21001337536540524 0.1270267848730836 0.11197546005232843
40.0 0.23940941091360338 0.4110764593304985 0.06347780836329422 0.0923953749406855
53.0 0.4465688583983215 0.3026368164292553 0.07820960830929352 0.1543558892033238
15.0 0.7548501478363827 0.193959392688705 0.17603125085034313 0.17397579008702171
51.0 0.4494485725399496 0.6071419301859594 0.41608455036952835 0.2110197384879493
7.0 0.17283508896018357 0.6375187050090484 0.15561240716736813 0.2095011454179587
17.0 0.17110275392924795 0.6331846961097393 0.007770377606192369 0.009047136434317921
70.0 0.06016338421834015 0.547330510671796 0.04137498515792977 0.062228576125506835
17.0 0.7322899445157932 0.5309410698432502 0.008235393440287168 0.009209960261820851
72.0 0.9169931574719925 0.3174735744674955 0.07603296406172566 0.10558726149726952
35.0 0.6495885217108743 0.37575831983472013 0.05362177859986768 0.030703809499975823
6.0 0.1325518460875922 0.45502398141650247 0.19551805997216595 0.1365828773441047
17.0 0.17909903658165827 0.6567859435093771 0.006876699638258662 0.008541979646676051
68.0 0.3465819512617315 0.34019181354467815 0.22896143244387385 0.19968376721873785
48.0 0.9595396957089226 0.4488747378876911 0.022742228058229633 0.027702448851361323
1.0 0.08043193497216322 0.6192785774546528 0.08096323362788757 0.14870417401825423
55.0 0.7392012830304863 0.4923480012323481 0.2073848516179648 0.19549308166662807
17.0 0.1810981601548867 0.6439851720385399 0.006685205316778469 0.008667017963686999
17.0 0.16630415748524394 0.6559869015717111 0.007500680837265534 0.009143838253839905
8.0 0.7575217686287002 0.3628122620038748 0.4324885819183556 0.4253542664947339
29.0 0.20131152758844953 0.5001879077685843 0.01854567881890212 0.017040907447230916
17.0 0.7571120175462034 0.5339085486439351 0.007665593755037511 0.010352271390405912
20.0 0.23416515380489125 0.42728858809454884 0.032654693261234324 0.05548943619133232
0.0 0.8876324775389611 0.4378957234164324 0.1861489154957611 0.19508006604760816
7.0 0.7446038987364236 0.5325670552807886 0.1892904377464066 0.23517993510113436
10.0 0.14801966789653506 0.5547329203773221 0.21961407634020247 0.28573553291965725
2.0 0.5688798244152309 0.38219994131942625 0.3328791317510031 0.454316281146051
24.0 0.566207611273384 0.34000503956304784 0.2377786151429813 0.09500125016316888
12.0 0.4656013037082252 0.26183417723361263 0.5888095086936955 0.3319843611248579
65.0 0.6806673081883672 0.24471024538654818 0.1171484978643294 0.14907550901103633
17.0 0.7491482267010214 0.5507242826364633 0.0072543917410206405 0.009729016531420342
26.0 0.35220020519516415 0.40888863793914965 0.19406312805426015 0.07801096952988713
17.0 0.746459434551816 0.5222934681856087 0.007645325568513499 0.010249169239500588
35.0 0.41469694075729957 0.44362780639972293 0.047490081939137764 0.02787063072733743
49.0 0.20933087615018428 0.4306558689696736 0.048600085287978344 0.06435747494922153
57.0 0.12877471045902283 0.6119484342170414 0.09031760773588322 0.12863480651591686
64.0 0.5489617516580205 0.273861719200948 0.2108798055173089 0.1973287044082895
46.0 0.16829135431402478 0.6497290626201752 0.104400233629422 0.13973077266804884
46.0 0.7460928914726354 0.5391587936891417 0.13363764580306878 0.16500226343758284
61.0 0.06768221388877511 0.6307786815503252 0.022477875085161164 0.04297196793979535
16.0 0.6512495128969291 0.12504699426013274 0.05751931203205127 0.06860846711966671
17.0 0.7339131313669821 0.5484698378611131 0.007689630662669534 0.010839182629999574
23.0 0.19793264474846312 0.40828763345476154 0.05348267336781996 0.04912398266486497
