52 0.358413 0.831087 0.156150 0.127826
63 0.702257 0.540484 0.188401 0.349307
7 0.269196 0.756284 0.072596 0.125994
41 0.299526 0.594367 0.081148 0.139138
12 0.388532 0.402350 0.380822 0.374567
67 0.206639 0.533952 0.012430 0.093077
66 0.227267 0.524230 0.043761 0.132206
3 0.263743 0.624290 0.120809 0.353329
27 0.264593 0.601953 0.021518 0.014843
60 0.756041 0.669739 0.180924 0.377696
33 0.611825 0.869958 0.085790 0.058618
69 0.277136 0.530298 0.083029 0.154239
58 0.414937 0.827347 0.036095 0.108190
9 0.236215 0.638596 0.091516 0.254058
1 0.649276 0.668429 0.418158 0.638033
46 0.472016 0.915818 0.084834 0.166006
6 0.568505 0.473264 0.405749 0.421038
7 0.477188 0.892787 0.124007 0.213724
21 0.288170 0.621607 0.057191 0.074713
11 0.423100 0.723629 0.168384 0.303385
35 0.270997 0.663297 0.015638 0.016336
50 0.340405 0.602277 0.024912 0.064045
54 0.243848 0.520772 0.029343 0.148510
29 0.359656 0.699337 0.012316 0.018365
62 0.624357 0.875405 0.154420 0.139802
46 0.261399 0.757032 0.042257 0.095536
25 0.233023 0.589122 0.042470 0.026919
35 0.221125 0.633435 0.009298 0.014834
39 0.729444 0.524205 0.035635 0.068512
5 0.323926 0.656101 0.184626 0.421750
30 0.407872 0.526648 0.087348 0.104567
59 0.765526 0.609712 0.112405 0.243569
20 0.565530 0.234949 0.029588 0.034718
22 0.499423 0.410461 0.088445 0.117340
14 0.434767 0.401882 0.316904 0.368033
18 0.673066 0.769237 0.015919 0.031434
16 0.264544 0.342667 0.025136 0.034577
23 0.543463 0.346694 0.071755 0.086814
56 0.229920 0.699777 0.017346 0.044001
71 0.554807 0.716458 0.177662 0.146124
70 0.774862 0.350802 0.050177 0.115270
61 0.839667 0.507432 0.016907 0.080900
40 0.565786 0.236081 0.031907 0.036982
19 0.471106 0.917004 0.008494 0.018365
31 0.469881 0.448472 0.119510 0.132311
