52.0 0.3514923260200184 0.8141534709760604 0.15194147100487748 0.1587564843646573
63.0 0.6475503107341949 0.45540097828316206 0.19645839412985405 0.3874839694924881
7.0 0.2645607574208499 0.7563724524558579 0.07512144424306011 0.14066675112371244
41.0 0.2814994285243256 0.5878445927638245 0.08385658064926332 0.15553184562019615
12.0 0.35027190846539885 0.37767296633847863 0.3747881942093079 0.45027738260185135
67.0 0.19216782420707457 0.5452286055424689 0.017676891341364444 0.09590377562413113
66.0 0.21044828504139576 0.531452073931519 0.0490711702562011 0.1412982333296236
3.0 0.25066790231963654 0.6248583602808653 0.13468443790693926 0.37837831635701114
27.0 0.24994417003676367 0.6022578018923782 0.02075141467634926 0.019093122856151896
60.0 0.7056232231393206 0.5747645563590896 0.19150646785814018 0.41454371090516834
33.0 0.5867240913778468 0.8039115876365186 0.08269605205032539 0.0755604540215223
69.0 0.25663311551235296 0.5278481753655186 0.08659999396871139 0.17106502102100732
58.0 0.40312560802824376 0.799404179578989 0.04041730906626919 0.11568559298204584
9.0 0.22636237918279573 0.6445809437818446 0.10111143271652681 0.2729737027096023
1.0 0.6075321854218056 0.5942125889492124 0.4267996042593877 0.7221634282223434
46.0 0.4614769968032531 0.8771635640983382 0.08904911091391293 0.1832347535606641
6.0 0.5202492776043679 0.41389753145245556 0.40079835471111913 0.501800607097995
7.0 0.46467382956883874 0.8530253987092692 0.12822012650685147 0.23878111735485594
21.0 0.27290953243051536 0.6174129526362981 0.057527872765203276 0.08616421094647615
11.0 0.40363517447806774 0.6936424067921704 0.174992166094837 0.3374671396918893
35.0 0.2599529680339588 0.6626261585701276 0.015454512062117943 0.019449118574988107
50.0 0.31955608283735737 0.5878392067832762 0.027179729244489817 0.0691716504238557
54.0 0.22543565713329225 0.5247541763388145 0.0369342346920458 0.15486988098383275
29.0 0.3437623802252692 0.6815821934487819 0.012541763524722048 0.020841038022393538
62.0 0.5985943446704716 0.8069453414284972 0.15115982046824844 0.17044871718956334
46.0 0.25745399615766806 0.7586400957846898 0.04522156237567899 0.10417443076890053
25.0 0.22010116719204376 0.5955101010881481 0.04079697128784635 0.03529702999266141
35.0 0.21216332212771832 0.6423320037220782 0.009533707479589756 0.016707524260823194
39.0 0.6714099748588126 0.43376301544579154 0.03732351453014075 0.07574374254060313
5.0 0.30805358484470957 0.6451048298269398 0.19787086113193728 0.4595114954375405
30.0 0.37639386272648534 0.49875643738299225 0.08722003192058377 0.12201444756893866
59.0 0.7102880550507962 0.5126288993171881 0.11957988532918903 0.2665010744827412
20.0 0.5014723091197926 0.17511280575176846 0.029497321716865296 0.04062504607803714
22.0 0.4526082106906339 0.36425341559779034 0.08908702690003537 0.1350570456701623
14.0 0.3926808810048977 0.3682110435053313 0.31567595394619097 0.4312837168373047
18.0 0.6361573382287324 0.6908373097155738 0.016729000061122386 0.034668152565695554
16.0 0.2324410296870327 0.3418407429972314 0.025401237012491293 0.039617563822821465
23.0 0.48874033807542816 0.29164097385933346 0.07171139508151232 0.1011508907739111
56.0 0.22470343085185068 0.707255336380918 0.01888508212866455 0.047568008636566766
71.0 0.5240501399056973 0.6608253324519537 0.1729200754349022 0.18131869485861807
70.0 0.7014250378560376 0.2507642980901626 0.053820331034628355 0.12553556149954034
61.0 0.7714576228603104 0.39547992365248297 0.020966603384476912 0.0845439200903413
40.0 0.5017835201860088 0.17619999418939147 0.03177842000976644 0.04334999562224594
19.0 0.46072153754966316 0.8785317720618172 0.00903343182640422 0.020097671435716148
31.0 0.4280500512886757 0.40817699943974606 0.11861050874789787 0.1561354672712743
