4 0.611242 0.431090 0.044831 0.520978
2 0.627120 0.354980 0.047944 0.382321
8 0.640374 0.257525 0.017193 0.094256
10 0.565780 0.556037 0.080962 0.327844
1 0.383861 0.825233 0.411005 0.348346
7 0.577453 0.807002 0.044908 0.306737
12 0.467534 0.260492 0.328729 0.261315
6 0.388753 0.537468 0.370804 0.340797
35 0.646288 0.323732 0.005026 0.018895
7 0.639437 0.490661 0.018059 0.151705
14 0.440538 0.304043 0.278994 0.238949
40 0.620375 0.365192 0.062873 0.131567
53 0.612591 0.246387 0.022623 0.157016
69 0.605279 0.281586 0.028718 0.203523
66 0.619165 0.238559 0.027434 0.134501
49 0.591812 0.403623 0.007983 0.072090
71 0.207836 0.636860 0.036979 0.152609
46 0.585581 0.804296 0.021176 0.214163
57 0.597835 0.654250 0.010840 0.090210
63 0.331592 0.728881 0.245624 0.163427
70 0.494603 0.699897 0.125085 0.178108
59 0.313281 0.854906 0.146579 0.128957
67 0.630325 0.224403 0.009939 0.058024
60 0.324232 0.906679 0.248604 0.168417
41 0.303784 0.325737 0.028518 0.056139
61 0.495712 0.917663 0.109321 0.152145
51 0.618399 0.624822 0.037628 0.214793
21 0.302632 0.319836 0.027706 0.042714
62 0.197395 0.854405 0.024914 0.111058
26 0.619617 0.332855 0.009734 0.021561
20 0.627013 0.367851 0.048672 0.044748
29 0.603330 0.503955 0.005616 0.017899
24 0.629164 0.295022 0.015725 0.058987
18 0.202517 0.800072 0.009412 0.029727
32 0.505125 0.904035 0.063836 0.073632
39 0.318300 0.738330 0.032174 0.078003
