4.0 0.6112419664859772 0.43109001964330673 0.04483097791671753 0.5209780484437943
2.0 0.6271199882030487 0.3549799993634224 0.04794400930404663 0.38232098519802094
8.0 0.6403740048408508 0.2575249969959259 0.017192959785461426 0.09425598382949829
10.0 0.5657800137996674 0.5560369789600372 0.08096200227737427 0.32784396409988403
1.0 0.3838610053062439 0.8252330422401428 0.41100502014160156 0.3483459949493408
7.0 0.5774530172348022 0.8070019781589508 0.04490804672241211 0.3067370057106018
12.0 0.46753402054309845 0.2604919970035553 0.3287290036678314 0.2613149881362915
6.0 0.3887530118227005 0.5374679863452911 0.3708040416240692 0.3407970070838928
35.0 0.6462880373001099 0.32373200356960297 0.005025982856750488 0.018895000219345093
7.0 0.6394369900226593 0.49066098034381866 0.018058955669403076 0.15170499682426453
14.0 0.4405379891395569 0.3040429949760437 0.27899396419525146 0.2389490008354187
40.0 0.620375007390976 0.3651920258998871 0.06287306547164917 0.13156700134277344
53.0 0.6125909984111786 0.24638699740171432 0.022623002529144287 0.15701599419116974
69.0 0.6052790284156799 0.28158600628376007 0.028717994689941406 0.20352301001548767
66.0 0.6191650032997131 0.23855900019407272 0.02743399143218994 0.13450099527835846
49.0 0.5918119847774506 0.4036229997873306 0.007983028888702393 0.07208999991416931
71.0 0.20783600956201553 0.6368600130081177 0.03697900474071503 0.1526089906692505
46.0 0.585580974817276 0.8042959868907928 0.021176040172576904 0.21416300535202026
57.0 0.5978350341320038 0.6542499661445618 0.010839998722076416 0.0902099609375
63.0 0.33159199357032776 0.7288810014724731 0.24562400579452515 0.16342699527740479
70.0 0.4946029931306839 0.6998969912528992 0.12508496642112732 0.17810797691345215
59.0 0.31328100711107254 0.8549059927463531 0.14657901227474213 0.12895697355270386
67.0 0.6303249895572662 0.2244030088186264 0.009939014911651611 0.05802401900291443
60.0 0.32423198968172073 0.9066790044307709 0.24860398471355438 0.1684170365333557
41.0 0.30378401279449463 0.32573699951171875 0.02851802110671997 0.05613899230957031
61.0 0.495712012052536 0.9176630079746246 0.10932105779647827 0.15214496850967407
51.0 0.6183989942073822 0.6248219907283783 0.037627995014190674 0.21479302644729614
21.0 0.30263200402259827 0.31983599066734314 0.027706027030944824 0.04271399974822998
62.0 0.19739499688148499 0.8544049859046936 0.02491399645805359 0.11105799674987793
26.0 0.6196170151233673 0.3328550010919571 0.009733974933624268 0.021560996770858765
20.0 0.6270129978656769 0.36785101890563965 0.04867202043533325 0.044748008251190186
29.0 0.603329986333847 0.5039550215005875 0.00561600923538208 0.017899006605148315
24.0 0.6291640400886536 0.29502199590206146 0.015725016593933105 0.05898699164390564
18.0 0.20251699537038803 0.8000720143318176 0.009412005543708801 0.02972698211669922
32.0 0.5051249861717224 0.9040350019931793 0.0638359785079956 0.07363194227218628
39.0 0.3183000087738037 0.7383299767971039 0.032173991203308105 0.07800298929214478
