3.0 0.3780669867992401 0.446821004152298 0.20545899868011475 0.2870180010795593
9.0 0.24053699523210526 0.47003401815891266 0.26018498837947845 0.24001798033714294
7.0 0.7592570185661316 0.5870049893856049 0.12426900863647461 0.1552320122718811
7.0 0.26374300569295883 0.5922450125217438 0.11560501158237457 0.15230399370193481
11.0 0.7755529880523682 0.4952629953622818 0.2058730125427246 0.20112797617912292
35.0 0.5022030174732208 0.45377199351787567 0.039035022258758545 0.011469990015029907
6.0 0.7941719889640808 0.42177800834178925 0.17268800735473633 0.07916799187660217
5.0 0.5734819918870926 0.4492050111293793 0.21899399161338806 0.2918580174446106
35.0 0.3140989989042282 0.4449709802865982 0.039342015981674194 0.010241001844406128
13.0 0.15749000012874603 0.3807600140571594 0.07703700661659241 0.02237999439239502
1.0 0.8520210087299347 0.5521750003099442 0.08917397260665894 0.1187569797039032
66.0 0.38240599632263184 0.3568200021982193 0.1385369896888733 0.09650400280952454
47.0 0.20581000298261642 0.44482798874378204 0.03197799623012543 0.04232701659202576
12.0 0.46313299238681793 0.3435889780521393 0.4616909921169281 0.11713099479675293
46.0 0.7623260021209717 0.5915279984474182 0.08430004119873047 0.10735702514648438
0.0 0.15750300139188766 0.5371129959821701 0.10676799714565277 0.11991599202156067
15.0 0.23926100879907608 0.3454809933900833 0.10701100528240204 0.07161298394203186
67.0 0.28777800500392914 0.3605719953775406 0.07619401812553406 0.08202198147773743
43.0 0.1981400027871132 0.5873999893665314 0.021348997950553894 0.061479032039642334
69.0 0.5517760068178177 0.3641189932823181 0.16415902972221375 0.11027300357818604
73.0 0.12873400002717972 0.45092999935150146 0.041134998202323914 0.06911700963973999
48.0 0.11530400067567825 0.5576440095901489 0.006454005837440491 0.014454007148742676
54.0 0.4655259996652603 0.35598599910736084 0.03164401650428772 0.10590100288391113
14.0 0.6449159979820251 0.3537079989910126 0.13792502880096436 0.09965801239013672
41.0 0.6483019888401031 0.39614200592041016 0.0488700270652771 0.06308698654174805
50.0 0.6814750134944916 0.40580199658870697 0.03677898645401001 0.04337403178215027
27.0 0.5473520010709763 0.4164910167455673 0.1543540060520172 0.015172988176345825
56.0 0.26150599867105484 0.5502720028162003 0.13674800097942352 0.10810098052024841
71.0 0.8578199744224548 0.4778890013694763 0.05326700210571289 0.04628002643585205
25.0 0.37807999551296234 0.40553198754787445 0.18396100401878357 0.0157029926776886
52.0 0.5118100047111511 0.5999369919300079 0.36332499980926514 0.020438015460968018
17.0 0.755407989025116 0.5824059844017029 0.006199002265930176 0.006124019622802734
29.0 0.7008769810199738 0.46026501059532166 0.032514989376068115 0.010648012161254883
46.0 0.2600740045309067 0.5987339913845062 0.08165201544761658 0.1052979826927185
58.0 0.763933002948761 0.5534520000219345 0.14155101776123047 0.11253300309181213
21.0 0.6428120136260986 0.40314099192619324 0.037716031074523926 0.02802097797393799
17.0 0.7528190016746521 0.5969869792461395 0.005105018615722656 0.00670701265335083
17.0 0.7624450027942657 0.6041309833526611 0.005688965320587158 0.007387042045593262
17.0 0.7673320174217224 0.581045001745224 0.005105018615722656 0.00573498010635376
62.0 0.8815990090370178 0.5562659800052643 0.02932596206665039 0.049385011196136475
17.0 0.7711609899997711 0.5944589972496033 0.005032002925872803 0.007096052169799805
17.0 0.253928005695343 0.5900850296020508 0.005833983421325684 0.007290005683898926
17.0 0.264831006526947 0.5870720148086548 0.005032002925872803 0.0063179731369018555
17.0 0.25287099182605743 0.6042279899120331 0.005470007658004761 0.006804049015045166
17.0 0.2627529948949814 0.6108869910240173 0.005396991968154907 0.006706953048706055
16.0 0.3241779953241348 0.27799300849437714 0.04916998744010925 0.04306498169898987
17.0 0.2705560028553009 0.6009719967842102 0.004230022430419922 0.0063179731369018555
33.0 0.8805429935455322 0.5514670014381409 0.017735958099365234 0.019659996032714844
19.0 0.7616890072822571 0.5912669897079468 0.01079404354095459 0.01399695873260498
19.0 0.2608200013637543 0.5981049835681915 0.010137021541595459 0.013413965702056885
