8 0.329558 0.491960 0.069647 0.336818
2 0.319761 0.377779 0.043284 0.279513
15 0.485168 0.331080 0.283967 0.164851
9 0.643527 0.405594 0.076237 0.171863
7 0.323702 0.828369 0.043637 0.140897
0 0.493677 0.752814 0.393083 0.293681
13 0.503024 0.555354 0.319125 0.334606
12 0.469334 0.266564 0.277593 0.127910
35 0.302701 0.427181 0.002785 0.011066
59 0.520627 0.595743 0.138116 0.094219
16 0.464937 0.192810 0.018459 0.087363
40 0.302264 0.342429 0.037237 0.046338
35 0.300155 0.473512 0.005331 0.022132
39 0.523171 0.506601 0.027872 0.060335
73 0.667944 0.555293 0.038821 0.137795
38 0.402589 0.657843 0.037880 0.017071
72 0.344702 0.597012 0.075709 0.141914
