8.0 0.28309933336412985 0.4614451913867565 0.09469998050704528 0.38562859872226174
2.0 0.28058723727490387 0.3348986608258445 0.06354973074712025 0.3156259965165917
15.0 0.45509976896732335 0.334423079054509 0.3052645668632694 0.264378026385296
9.0 0.6141998146474319 0.46300607934744614 0.0904921238563376 0.2090883385748618
7.0 0.25452441955904753 0.8237766789580306 0.05464152855415572 0.16570521120882417
0.0 0.4357007400137612 0.7875153879686105 0.42694552285839515 0.424969224062779
13.0 0.45859661835122834 0.5825655577305358 0.3530512084631772 0.45875041188242044
12.0 0.443009599739036 0.2598028835290043 0.29618860418820103 0.2224664361659619
35.0 0.2596051329518762 0.38320371634246814 0.003626094780092899 0.01282002042166366
59.0 0.47413397266815327 0.6316079486577908 0.14941397209392 0.1437827103164037
16.0 0.44338804163304835 0.17864607400245863 0.024971449543490773 0.1001426733376513
40.0 0.2648225944414717 0.2913421797542856 0.041683695611240905 0.061424270230097514
35.0 0.25386733657622823 0.43257830631274663 0.007004503173697003 0.02556771541724271
39.0 0.48273388306457404 0.5358973203187295 0.03291654757352925 0.07373883835304172
73.0 0.6294842516136899 0.6324200699868318 0.04944387642610129 0.1608900283175619
38.0 0.3476729068283576 0.6630908198863275 0.040391846558309415 0.02994242607117809
72.0 0.29176252752371296 0.5797297160768752 0.08794128708409413 0.17651401792901514
