8 0.669872 0.546504 0.192433 0.188480
10 0.249820 0.564129 0.143207 0.157003
4 0.402563 0.528275 0.179478 0.225397
7 0.253168 0.628833 0.092495 0.121537
2 0.555830 0.528528 0.162004 0.225112
13 0.727254 0.477844 0.071691 0.033647
7 0.640917 0.637753 0.096486 0.118852
6 0.254684 0.491352 0.139557 0.055823
1 0.191098 0.604113 0.048506 0.090909
0 0.726853 0.602363 0.078536 0.092361
15 0.665274 0.450768 0.081509 0.059475
12 0.486130 0.444372 0.357740 0.096007
40 0.336754 0.488299 0.030351 0.054317
35 0.606512 0.533228 0.029127 0.007014
35 0.455736 0.538279 0.031085 0.007340
53 0.486971 0.458256 0.027248 0.085051
14 0.351370 0.451427 0.102366 0.075524
49 0.311667 0.499455 0.020000 0.027800
68 0.417870 0.463181 0.140204 0.088634
64 0.550575 0.459348 0.112491 0.079994
65 0.630213 0.466139 0.053017 0.062627
44 0.303667 0.643871 0.009455 0.056563
42 0.694638 0.644339 0.016778 0.051598
57 0.219470 0.608710 0.039875 0.080512
55 0.665202 0.596949 0.065061 0.045807
46 0.252095 0.637781 0.062386 0.076289
70 0.184584 0.549295 0.029435 0.037540
46 0.645954 0.649322 0.060359 0.076054
51 0.451122 0.647162 0.282069 0.013901
72 0.751618 0.536993 0.029536 0.054518
26 0.416524 0.506391 0.133220 0.011657
20 0.338983 0.497105 0.022955 0.026224
24 0.555824 0.500205 0.145380 0.009826
29 0.300997 0.540925 0.013117 0.008195
19 0.252318 0.638569 0.008529 0.009890
19 0.646221 0.649289 0.009809 0.011936
