8.0 0.330128014087677 0.546504020690918 0.19243299961090088 0.18848001956939697
10.0 0.7501799762248993 0.5641289800405502 0.14320701360702515 0.15700295567512512
4.0 0.5974369943141937 0.5282750129699707 0.1794779896736145 0.225396990776062
7.0 0.746832013130188 0.628832995891571 0.09249496459960938 0.1215369701385498
2.0 0.4441699981689453 0.5285279750823975 0.1620039939880371 0.2251119613647461
13.0 0.2727459967136383 0.4778439998626709 0.07169097661972046 0.033647000789642334
7.0 0.35908299684524536 0.6377530097961426 0.09648597240447998 0.11885201930999756
6.0 0.7453159689903259 0.49135199189186096 0.13955700397491455 0.05582302808761597
1.0 0.8089019954204559 0.6041130423545837 0.048505961894989014 0.09090900421142578
0.0 0.27314698696136475 0.6023629903793335 0.0785360336303711 0.0923609733581543
15.0 0.3347259759902954 0.45076800882816315 0.08150899410247803 0.05947497487068176
12.0 0.513869971036911 0.4443719983100891 0.35773998498916626 0.09600698947906494
40.0 0.6632460057735443 0.48829901218414307 0.030350983142852783 0.05431699752807617
35.0 0.39348798990249634 0.5332280099391937 0.029127001762390137 0.007013976573944092
35.0 0.544264018535614 0.5382789969444275 0.03108501434326172 0.007339954376220703
53.0 0.513029009103775 0.45825597643852234 0.027247965335845947 0.08505100011825562
14.0 0.6486300230026245 0.45142699778079987 0.10236597061157227 0.07552400231361389
49.0 0.6883330345153809 0.4994550198316574 0.019999980926513672 0.027799993753433228
68.0 0.5821299850940704 0.4631810188293457 0.14020401239395142 0.08863401412963867
64.0 0.4494250416755676 0.45934799313545227 0.11249101161956787 0.07999402284622192
65.0 0.3697870373725891 0.4661390036344528 0.0530170202255249 0.06262698769569397
44.0 0.6963330209255219 0.6438710391521454 0.00945502519607544 0.056562960147857666
42.0 0.3053620159626007 0.644338995218277 0.01677805185317993 0.05159801244735718
57.0 0.7805300056934357 0.6087100207805634 0.03987497091293335 0.08051198720932007
55.0 0.3347979784011841 0.5969489812850952 0.06506097316741943 0.04580700397491455
46.0 0.7479050159454346 0.6377809941768646 0.06238603591918945 0.07628899812698364
70.0 0.815416008234024 0.5492950081825256 0.02943497896194458 0.03753995895385742
46.0 0.3540459871292114 0.6493220031261444 0.06035900115966797 0.0760539174079895
51.0 0.5488779842853546 0.647161990404129 0.28206902742385864 0.013900935649871826
72.0 0.24838200211524963 0.536992996931076 0.029536068439483643 0.054518043994903564
26.0 0.5834760069847107 0.5063909888267517 0.13322007656097412 0.011656999588012695
20.0 0.6610170006752014 0.4971050024032593 0.02295506000518799 0.02622401714324951
24.0 0.44417598843574524 0.5002049952745438 0.1453799605369568 0.009826034307479858
29.0 0.6990030109882355 0.540924996137619 0.013117015361785889 0.008194983005523682
19.0 0.7476820051670074 0.6385689973831177 0.00852900743484497 0.009889960289001465
19.0 0.35377901792526245 0.6492890119552612 0.009809017181396484 0.011936068534851074
