9 0.263393 0.491945 0.254879 0.239833
7 0.785162 0.623788 0.123137 0.148404
7 0.285793 0.608829 0.118885 0.150723
12 0.486416 0.367916 0.461610 0.132529
11 0.789316 0.528173 0.188767 0.203854
6 0.809024 0.445487 0.194468 0.100224
15 0.262367 0.365738 0.106642 0.072374
41 0.670085 0.427054 0.048815 0.063993
0 0.181412 0.555518 0.105179 0.124443
66 0.404898 0.385436 0.137239 0.100676
69 0.575622 0.393988 0.172475 0.117768
1 0.878244 0.588255 0.093891 0.120063
54 0.486540 0.384317 0.030254 0.109143
67 0.309711 0.386139 0.072245 0.081167
13 0.184775 0.397088 0.088751 0.033873
56 0.283942 0.568011 0.133940 0.095617
45 0.716423 0.632755 0.016169 0.076990
43 0.219859 0.608985 0.022015 0.068400
71 0.885315 0.514488 0.054653 0.048084
14 0.667226 0.380649 0.137455 0.109673
58 0.788513 0.589624 0.136878 0.112839
46 0.785886 0.628726 0.081770 0.100225
46 0.283725 0.615382 0.076572 0.097982
73 0.153993 0.471638 0.037764 0.067245
35 0.336313 0.471226 0.038250 0.012121
50 0.706604 0.439089 0.033299 0.041929
35 0.523015 0.484343 0.039052 0.010160
52 0.530812 0.626981 0.360526 0.032065
5 0.595026 0.479239 0.220053 0.298899
3 0.399116 0.473630 0.201041 0.287348
19 0.785445 0.629453 0.012273 0.015548
21 0.666681 0.431948 0.037205 0.026537
29 0.719764 0.495194 0.016162 0.009971
62 0.906083 0.597572 0.029329 0.047757
19 0.283424 0.615864 0.011666 0.014900
33 0.904487 0.591224 0.016526 0.017492
47 0.229626 0.467674 0.031246 0.041452
25 0.399634 0.432400 0.183128 0.019605
27 0.568907 0.446180 0.154206 0.017661
16 0.344424 0.293987 0.041316 0.044539
