9.0 0.6892304657930471 0.47629304054648525 0.28316903730648924 0.2916193765392331
7.0 0.184614440638799 0.7193935947864448 0.14072596610237062 0.17294785514952637
7.0 0.6809724575168896 0.5963291469079797 0.13676373012547022 0.17431055557689729
12.0 0.4517979987508425 0.4024537781637275 0.47646688025570105 0.2307267776038847
11.0 0.16894614474114145 0.6260760111865337 0.2128805049780314 0.24182467919076606
6.0 0.13931982949226038 0.548872598964377 0.20607739790476542 0.14094470239098597
15.0 0.675042475275061 0.35170653694309334 0.11510713732069935 0.0944500820844069
41.0 0.2757010599137945 0.5005699275132212 0.05640987769103186 0.07364751423204755
0.0 0.7786754543817612 0.5211542316311001 0.1199234558802983 0.14544134642043685
66.0 0.5352304180199089 0.40203491803729724 0.1490413317482905 0.1289758846209201
69.0 0.36595015924753804 0.44749574381048773 0.18625210322780214 0.1534617358423661
1.0 0.08747484607021763 0.7045709894310223 0.10813478969473489 0.1386765837352871
54.0 0.45365104105696996 0.418642165837351 0.043335618107455405 0.11411192612968837
67.0 0.6302718665663393 0.38207955223200696 0.08185314199220357 0.09565321846772798
13.0 0.7562253458045715 0.3657673397324297 0.09261891071314608 0.052630323292076404
56.0 0.6778992616834338 0.555705735218233 0.1451405030361182 0.12327512320042154
45.0 0.25426789760863644 0.7133186650636224 0.02540935272325233 0.07937309337082372
43.0 0.7467657367213136 0.5821803845093954 0.030205841187257554 0.07217666955107915
71.0 0.07152997185156632 0.6334151023636814 0.060316309196649355 0.05923722098422458
14.0 0.2729600677955571 0.4542224298141754 0.15034120641449594 0.13788834714567025
58.0 0.17715379289028102 0.6864554079234679 0.1501471603013301 0.14088293199465726
46.0 0.18448733909317663 0.7244165147691389 0.09365206419348719 0.11649905966021909
46.0 0.6838252612553619 0.6023378839139021 0.0881963537499332 0.11316128695418241
73.0 0.7959182605981932 0.4325513564168222 0.04577756140370904 0.07445476479629204
35.0 0.6139896173456898 0.47169452780424437 0.039618363873846554 0.020241255132861447
50.0 0.24072099456279802 0.5203509215054241 0.03827209781740526 0.04853997400144376
35.0 0.4293202419660909 0.5251196570470464 0.040182046126557035 0.018482837117652858
52.0 0.4387339805785383 0.6673659965061817 0.3635186303984734 0.10980263522578891
5.0 0.3568682704647398 0.5357109239977856 0.25554641134365436 0.3422682995692848
3.0 0.5516282906781521 0.48768674913883664 0.2351880904997366 0.326761858817725
19.0 0.18501488451076328 0.7250372661511142 0.014117293407012474 0.017983217112604786
21.0 0.2796867112989677 0.5046540557611326 0.04031343285710861 0.034220030520185296
29.0 0.2343550369951521 0.5784913026231665 0.017324728875828962 0.013331305206274414
62.0 0.060826205517897663 0.7197908063445959 0.03501410754047375 0.05342164443095625
19.0 0.6841836302355948 0.6027475439651973 0.01343365050037581 0.017213043169905025
33.0 0.061653182530372205 0.7131893596131708 0.018594401568622392 0.020821420087953964
47.0 0.7199904274833242 0.44505166917344763 0.03616660745754188 0.0476245922642464
25.0 0.546142145999306 0.44717119855721055 0.18504801285252473 0.05904310146125801
27.0 0.37893954628047305 0.49746894165736244 0.15596158865576976 0.050853662726195493
16.0 0.5845359688799291 0.298803283664586 0.046584289352165624 0.052850947097907566
