8 0.379286 0.420372 0.036047 0.075730
9 0.629441 0.427574 0.038549 0.074528
7 0.373651 0.642102 0.035273 0.020933
7 0.622668 0.642988 0.037333 0.017844
13 0.505424 0.482885 0.239139 0.141037
12 0.501335 0.358108 0.222176 0.068701
40 0.382295 0.396000 0.011876 0.018990
15 0.503672 0.381471 0.229781 0.070712
43 0.634760 0.619816 0.029322 0.030834
0 0.502755 0.574488 0.301995 0.125783
42 0.370667 0.609796 0.037965 0.057405
72 0.377480 0.489109 0.047276 0.063584
73 0.630319 0.493806 0.041305 0.062453
48 0.502417 0.611439 0.284162 0.016679
16 0.501770 0.319050 0.010572 0.039398
59 0.504143 0.503000 0.106372 0.035659
36 0.378461 0.607855 0.036248 0.010065
39 0.507272 0.457233 0.021146 0.026457
