8.0 0.379285991191864 0.42037199437618256 0.03604698181152344 0.07572999596595764
9.0 0.6294410228729248 0.4275739938020706 0.038548946380615234 0.07452800869941711
7.0 0.37365101277828217 0.6421020030975342 0.0352729856967926 0.020933032035827637
7.0 0.6226679980754852 0.6429880261421204 0.03733295202255249 0.017843961715698242
13.0 0.5054239928722382 0.4828850030899048 0.23913902044296265 0.1410369873046875
12.0 0.5013349950313568 0.3581079989671707 0.22217601537704468 0.06870099902153015
40.0 0.38229499757289886 0.3959999829530716 0.011876016855239868 0.018990010023117065
15.0 0.5036720186471939 0.38147100806236267 0.22978100180625916 0.07071197032928467
43.0 0.6347599923610687 0.6198160350322723 0.02932196855545044 0.03083401918411255
0.0 0.5027550011873245 0.5744879841804504 0.30199500918388367 0.12578296661376953
42.0 0.3706669956445694 0.6097959876060486 0.03796502947807312 0.05740499496459961
72.0 0.37748001515865326 0.48910900950431824 0.04727599024772644 0.06358402967453003
73.0 0.6303189694881439 0.49380598962306976 0.04130500555038452 0.06245294213294983
48.0 0.5024169981479645 0.6114390194416046 0.2841619849205017 0.016678988933563232
16.0 0.5017700046300888 0.31905001401901245 0.010571986436843872 0.039398014545440674
59.0 0.5041429847478867 0.5029999911785126 0.10637202858924866 0.03565901517868042
36.0 0.37846100330352783 0.6078549921512604 0.03624802827835083 0.010065019130706787
39.0 0.5072719901800156 0.4572329968214035 0.02114596962928772 0.026456981897354126
