11 0.372329 0.456638 0.036909 0.128409
10 0.646007 0.439285 0.050110 0.126520
12 0.506143 0.336303 0.240073 0.115491
1 0.512921 0.572074 0.319228 0.157856
14 0.505653 0.352568 0.230365 0.101694
6 0.511997 0.448496 0.265949 0.123502
41 0.369150 0.389491 0.032924 0.034580
40 0.644772 0.375412 0.034043 0.034937
71 0.397392 0.510661 0.067106 0.070278
70 0.632022 0.494818 0.061929 0.074516
63 0.517598 0.526678 0.202074 0.056692
59 0.518103 0.583912 0.118975 0.046051
61 0.647126 0.590174 0.040854 0.069051
62 0.391253 0.606938 0.058029 0.063622
60 0.522555 0.609634 0.211020 0.059234
20 0.646398 0.370669 0.029677 0.024237
33 0.387709 0.600944 0.034602 0.029287
21 0.367377 0.384406 0.028035 0.023564
32 0.646118 0.583977 0.029045 0.031644
39 0.516645 0.530955 0.026393 0.035009
18 0.420480 0.585156 0.011366 0.014475
