11.0 0.3729068810799877 0.4733766003995634 0.05636261472686286 0.12555385393599605
10.0 0.6629506664098661 0.3814252828595949 0.07021426597450461 0.1275424311744734
12.0 0.49996926041889933 0.3280259994364715 0.2716709845564828 0.17065686115444975
1.0 0.5383086681502092 0.5377508117901203 0.3618095587951309 0.2307716092349842
14.0 0.501591316979241 0.342761388782059 0.25948138242314106 0.15556416098932482
6.0 0.5210211112996409 0.4270911890721196 0.30036741811483725 0.18506842890384
41.0 0.36065416219119334 0.4139959643048553 0.03972950969786183 0.04022551952923405
40.0 0.6532063327790633 0.3244406844707545 0.04097186151190708 0.04085822607283597
71.0 0.40680415518113167 0.5148705767543584 0.08095016018700373 0.0818055575221286
70.0 0.6553374821765413 0.43517178246232396 0.07597936419696717 0.08416461655719817
63.0 0.5373165044096637 0.4957004143415906 0.2233259366351396 0.10727731761487071
59.0 0.5454053661029202 0.5469298797899851 0.13315901544268702 0.07453580934417693
61.0 0.6840489910028147 0.5165435079682646 0.0527468916280669 0.07337802076156069
62.0 0.4129461499277584 0.6029972641395198 0.07037652738096199 0.07329828422532292
60.0 0.5535536998428249 0.5687742625914974 0.23321703022690987 0.1120554948012243
20.0 0.6543175265521706 0.3197298522068439 0.034896891562339744 0.0300359669195916
33.0 0.40836992306902137 0.5986063932361628 0.040823657740332496 0.035942967518459074
21.0 0.3580895730533611 0.40992672415873666 0.03305418032362714 0.02897370281152689
32.0 0.6821548578791171 0.5112626627165939 0.03519884759456327 0.036507761011818365
39.0 0.5368626819758293 0.49980519119492833 0.03280989266155397 0.03878793891105829
18.0 0.4412921811338456 0.5752903486977007 0.014050052402037636 0.016164023040023748
