3 0.288483 0.278454 0.336537 0.371284
7 0.757725 0.479021 0.123008 0.174651
0 0.017521 0.326660 0.035041 0.034487
5 0.554228 0.297678 0.273780 0.360454
11 0.744507 0.367401 0.173463 0.225309
7 0.595446 0.547334 0.086033 0.044468
9 0.141277 0.278727 0.282554 0.368369
7 0.105487 0.458531 0.210974 0.251362
28 0.788257 0.447900 0.004656 0.004790
17 0.764043 0.465640 0.005721 0.007273
66 0.314789 0.156605 0.195339 0.125067
46 0.767140 0.479892 0.078200 0.131485
35 0.213596 0.236692 0.066812 0.020727
67 0.171746 0.144696 0.086236 0.076963
12 0.362201 0.153290 0.529691 0.149945
1 0.831493 0.440531 0.045271 0.128803
41 0.642115 0.245157 0.052051 0.070320
56 0.113164 0.388687 0.226328 0.178061
69 0.522529 0.194294 0.206007 0.147756
58 0.768158 0.436111 0.116126 0.138808
17 0.085509 0.453494 0.011442 0.012063
44 0.549968 0.530674 0.022227 0.012125
47 0.023945 0.200541 0.047890 0.061162
17 0.121430 0.453938 0.010377 0.012595
17 0.115177 0.477282 0.011176 0.012740
35 0.486165 0.281328 0.048575 0.016853
54 0.424937 0.169778 0.050676 0.111550
27 0.532215 0.247784 0.188687 0.046633
21 0.643817 0.235581 0.020813 0.049846
28 0.037657 0.435486 0.005854 0.007983
17 0.775218 0.471583 0.004656 0.006741
17 0.775618 0.488524 0.001996 0.004790
17 0.766371 0.494378 0.003725 0.006918
45 0.689134 0.474266 0.048443 0.088187
46 0.100630 0.461292 0.164888 0.190760
71 0.823910 0.361561 0.026471 0.037721
52 0.463135 0.480962 0.471937 0.035031
25 0.326742 0.206482 0.221812 0.045714
46 0.602000 0.539431 0.052740 0.025866
19 0.769298 0.479566 0.009579 0.017030
17 0.758588 0.480630 0.005189 0.007805
17 0.104068 0.439391 0.010510 0.011176
17 0.092893 0.478152 0.010510 0.013127
19 0.103912 0.460321 0.020489 0.024303
