3.0 0.36863385791508896 0.28263675896067464 0.3407329245175738 0.38753089607773406
7.0 0.7814301685351439 0.5370453479254033 0.1279192544353657 0.17675956003992457
0.0 0.1160401373399163 0.2836210200742625 0.03511604827686943 0.036588968533221855
5.0 0.6105963825678424 0.34163305683107786 0.2822592057347499 0.3679270805484192
11.0 0.7789932427139182 0.4343305379736336 0.17856908231099264 0.230345710031907
7.0 0.6267310039752816 0.5731982065095514 0.08273024032746122 0.05358276788326375
9.0 0.23365457880239202 0.2598042771566863 0.29098953830697044 0.3764392529938434
7.0 0.18524817509147498 0.4163140005019248 0.2152180759756336 0.25971730028255996
28.0 0.8121205422410892 0.5137717339535913 0.004683994563730968 0.005048885564030456
17.0 0.7883829310644341 0.5259708288998991 0.0058756804860861205 0.00745463402837389
66.0 0.4033189463636855 0.17689542902342983 0.18993036863012536 0.14339186817878272
46.0 0.7899860869783955 0.5393067486469231 0.08309622943898404 0.13081386182440055
35.0 0.30360103084541246 0.2332412962341553 0.06304965511633435 0.029163211032385384
67.0 0.2732127923961189 0.14373167362098643 0.08573467374685304 0.08291381583063602
12.0 0.4470728730379888 0.1813395982266135 0.4986155350658635 0.21824216490084594
1.0 0.8523975894037854 0.5139058719004517 0.052674996813561754 0.12323310036050493
41.0 0.6957247401080529 0.3080560508479563 0.05381842616871751 0.07156467803626229
56.0 0.19834403616845075 0.35454254778274646 0.22293676694095713 0.19603243477527843
69.0 0.5905020919234537 0.24344685028984922 0.20167844890056652 0.16552197244631744
58.0 0.7947166175251322 0.4999910538554011 0.11850120764996717 0.1433626223663083
17.0 0.16736960344981713 0.4086402854038679 0.011536054027071762 0.01267048926523349
44.0 0.5864826004327506 0.5510467452886304 0.021428843734881773 0.014417192724135866
47.0 0.1328681347370701 0.17091257542303456 0.0492093467292086 0.06265498938090275
17.0 0.20026277580547172 0.41467224507221884 0.010605823605165057 0.012983201324227657
17.0 0.1925054632277768 0.43474009762963733 0.011350906715908238 0.013239195977266024
35.0 0.5496156137587868 0.31622026277417803 0.045994330798986315 0.022811047504360114
54.0 0.5031579609993648 0.2060416610193621 0.056133783528332606 0.10852426388920551
27.0 0.5947426950381278 0.2931948173410593 0.17702916563434512 0.07162871220514477
21.0 0.6981156582358167 0.29968867178496567 0.02340420566474516 0.04820682092356893
28.0 0.12506169592339386 0.38490119131176975 0.006059220804059393 0.008115673367411647
17.0 0.7981125371196574 0.5330813510586516 0.004853155538309201 0.006808009495076514
17.0 0.7970099216945713 0.548418977686889 0.002245377167801716 0.0046318334118653735
17.0 0.7880246888144253 0.5522475209935235 0.00401501622463608 0.00682164383112062
45.0 0.7189596863890673 0.5220044230621839 0.05206023017232316 0.08710884116755223
46.0 0.1805559057582107 0.4180420009766854 0.16771117867951527 0.197850105122876
71.0 0.8522948725503452 0.44151351997464644 0.027539748316548488 0.0381613308097336
52.0 0.5111874100326491 0.49261027519539097 0.4357009918300692 0.10557507302208048
25.0 0.40995127146435484 0.22374114267343903 0.20731781537863356 0.07599337168447394
46.0 0.6334250076462926 0.5670999787653106 0.05059440485274128 0.03159059105357036
19.0 0.7919928194471947 0.5393511097037964 0.0102589507020762 0.01685693672097942
17.0 0.7820817863459881 0.5386313891211929 0.005434123691244016 0.007850940145179064
17.0 0.18560732178641887 0.3988339159301674 0.010604691233043724 0.011724628149332325
17.0 0.17200046811902278 0.4320309168535885 0.010773897436630027 0.013483733385622953
19.0 0.1836489927352567 0.41768104957791125 0.020891766121030813 0.025125084028366208
