14 0.484072 0.195636 0.736724 0.195931
60 0.475392 0.715004 0.652268 0.089873
62 0.108698 0.689670 0.200940 0.123795
11 0.059663 0.391278 0.119326 0.261181
7 0.972790 0.610446 0.052808 0.184052
10 0.913658 0.380026 0.138382 0.261814
1 0.493242 0.632769 0.986484 0.300430
6 0.473874 0.398422 0.857362 0.253886
12 0.483972 0.155233 0.756297 0.221984
41 0.061371 0.252127 0.087165 0.060395
40 0.918553 0.239224 0.111052 0.059823
71 0.099342 0.511043 0.194045 0.150184
70 0.850804 0.501290 0.206618 0.155284
63 0.470826 0.549449 0.608609 0.075875
59 0.472160 0.653327 0.383722 0.066964
61 0.849404 0.682529 0.209519 0.126255
20 0.925723 0.230449 0.096136 0.039425
21 0.062876 0.243263 0.085794 0.043615
16 0.497438 0.023048 0.007445 0.046095
39 0.469201 0.553053 0.089824 0.067342
22 0.482076 0.281357 0.288734 0.017890
30 0.213923 0.284041 0.174791 0.016101
23 0.599597 0.280463 0.190898 0.018784
