14.0 0.5159280002117157 0.19563600793480873 0.7367239594459534 0.19593100994825363
60.0 0.5246080160140991 0.7150039970874786 0.6522679328918457 0.08987301588058472
62.0 0.8913019895553589 0.6896700263023376 0.20094001293182373 0.1237950325012207
11.0 0.9403370022773743 0.3912779837846756 0.11932599544525146 0.26118096709251404
7.0 0.02721002697944641 0.6104459762573242 0.05280798673629761 0.1840519905090332
10.0 0.08634200692176819 0.3800259977579117 0.13838201761245728 0.2618139684200287
1.0 0.5067580044269562 0.6327690184116364 0.9864839911460876 0.3004299998283386
6.0 0.5261259973049164 0.3984220027923584 0.8573619723320007 0.25388598442077637
12.0 0.5160279870033264 0.15523299016058445 0.7562969923019409 0.22198398038744926
41.0 0.9386289715766907 0.2521269991993904 0.0871649980545044 0.06039498746395111
40.0 0.08144703507423401 0.23922400921583176 0.11105197668075562 0.059822991490364075
71.0 0.90065798163414 0.511042982339859 0.19404500722885132 0.15018397569656372
70.0 0.14919602870941162 0.5012900233268738 0.20661795139312744 0.15528404712677002
63.0 0.5291740298271179 0.5494489967823029 0.6086089611053467 0.07587498426437378
59.0 0.5278399884700775 0.6533269882202148 0.3837220072746277 0.0669640302658081
61.0 0.1505959928035736 0.6825290024280548 0.20951896905899048 0.12625497579574585
20.0 0.07427704334259033 0.23044900596141815 0.09613597393035889 0.03942498564720154
21.0 0.9371240139007568 0.24326299875974655 0.08579397201538086 0.04361499845981598
16.0 0.5025619864463806 0.023048000815748537 0.007444977760314941 0.0460950016314996
39.0 0.530799001455307 0.5530529916286469 0.08982402086257935 0.06734198331832886
22.0 0.5179240107536316 0.2813569903373718 0.2887340784072876 0.017889976501464844
30.0 0.7860769927501678 0.28404100239276886 0.17479103803634644 0.016101032495498657
23.0 0.4004029929637909 0.28046299517154694 0.19089800119400024 0.018784016370773315
