8 0.549246 0.455482 0.172945 0.207870
4 0.168889 0.506111 0.331852 0.367778
1 0.004791 0.666071 0.009246 0.056238
0 0.615424 0.478386 0.049152 0.081005
7 0.534815 0.537778 0.115556 0.117778
2 0.423704 0.457222 0.213333 0.272222
14 0.056296 0.358883 0.112593 0.075567
12 0.268148 0.355000 0.536296 0.127778
53 0.312593 0.373889 0.041481 0.107778
35 0.300000 0.474444 0.054815 0.017778
35 0.502222 0.435000 0.035556 0.012222
68 0.168889 0.391667 0.260741 0.130000
40 0.066667 0.443889 0.133333 0.081111
65 0.497778 0.365556 0.074074 0.057778
64 0.403704 0.371388 0.167407 0.096109
72 0.631852 0.421111 0.016296 0.042222
51 0.244081 0.631677 0.488161 0.157816
20 0.076296 0.447778 0.114074 0.033333
46 0.548148 0.540000 0.062222 0.075556
55 0.566712 0.486749 0.065882 0.042751
24 0.413613 0.410534 0.192094 0.035811
19 0.545926 0.540000 0.010370 0.013333
26 0.226886 0.444124 0.185062 0.036921
42 0.596137 0.526863 0.012214 0.035256
