8.0 0.4507540166378021 0.45548200607299805 0.1729450821876526 0.2078700065612793
4.0 0.8311109840869904 0.5061109960079193 0.3318520188331604 0.3677780032157898
1.0 0.9952089786529541 0.6660709977149963 0.009245991706848145 0.05623805522918701
0.0 0.3845760226249695 0.4783860146999359 0.04915201663970947 0.0810050368309021
7.0 0.4651850163936615 0.5377779901027679 0.11555606126785278 0.1177780032157898
2.0 0.5762960016727448 0.45722201466560364 0.21333307027816772 0.27222198247909546
14.0 0.9437037408351898 0.35888300836086273 0.11259251832962036 0.07556697726249695
12.0 0.7318520247936249 0.35500000417232513 0.5362959504127502 0.12777796387672424
53.0 0.6874070167541504 0.3738889992237091 0.04148101806640625 0.10777801275253296
35.0 0.699999988079071 0.4744440019130707 0.054814934730529785 0.017777979373931885
35.0 0.4977779984474182 0.4349999874830246 0.03555595874786377 0.01222202181816101
68.0 0.8311109840869904 0.3916670083999634 0.26074105501174927 0.12999999523162842
40.0 0.93333300948143 0.4438890069723129 0.1333330273628235 0.08111098408699036
65.0 0.5022219717502594 0.3655559867620468 0.07407397031784058 0.057777971029281616
64.0 0.5962959825992584 0.3713880032300949 0.16740697622299194 0.09610900282859802
72.0 0.36814799904823303 0.42111100256443024 0.016295969486236572 0.04222199320793152
51.0 0.7559190392494202 0.6316770017147064 0.48816096782684326 0.15781599283218384
20.0 0.9237039983272552 0.44777800142765045 0.11407405138015747 0.033333033323287964
46.0 0.451852023601532 0.5399999916553497 0.06222200393676758 0.07555598020553589
55.0 0.43328800797462463 0.48674899339675903 0.06588202714920044 0.04275095462799072
24.0 0.5863869786262512 0.41053400933742523 0.19209396839141846 0.03581097722053528
19.0 0.454073965549469 0.5399999916553497 0.010370016098022461 0.013333022594451904
26.0 0.7731139957904816 0.4441239833831787 0.1850619912147522 0.036921024322509766
42.0 0.40386298298835754 0.5268629789352417 0.01221400499343872 0.035256028175354004
