9 0.829204 0.371210 0.099886 0.104393
8 0.299051 0.365498 0.077766 0.099272
12 0.554529 0.277583 0.468600 0.085660
13 0.573861 0.438402 0.524398 0.190998
40 0.324503 0.308728 0.019427 0.021095
0 0.562652 0.553485 0.624888 0.148739
15 0.557565 0.311608 0.470041 0.095323
16 0.558426 0.222064 0.018515 0.064775
72 0.297017 0.452792 0.094445 0.080804
73 0.841431 0.461951 0.085201 0.077871
39 0.577151 0.418031 0.048863 0.036095
59 0.570613 0.465739 0.232148 0.044493
38 0.377462 0.492141 0.056675 0.011063
