9.0 0.1324097874049224 0.4043353808690675 0.11380642763841399 0.12313343675380244
8.0 0.6090935997031584 0.3413899330592019 0.09269805530811583 0.11524839556491379
12.0 0.35875504211682563 0.2740725349889161 0.44197530468055474 0.14245678000984907
13.0 0.377912085816343 0.4493481910206118 0.5162471389973347 0.26188497538778494
40.0 0.5732309064181317 0.28297430397705725 0.022314390994458876 0.024800780083279947
0.0 0.4141997262354505 0.5720936753202152 0.5972343746919652 0.22713648895528138
15.0 0.3637585485776406 0.3110432623330993 0.4454728601953077 0.1530183596717027
16.0 0.3426108114269882 0.21469512939322097 0.031429486018727346 0.0717471739345174
72.0 0.630787068298303 0.435189097363928 0.10353423678561167 0.09714482989438163
73.0 0.14202982955659307 0.5033747475857215 0.09453265374187023 0.0929956383437007
39.0 0.3703114459842046 0.42776074142008397 0.052266327342716835 0.044109428590883036
59.0 0.38705976082036325 0.478442648813535 0.2194257850215907 0.07278892657810243
38.0 0.5672101991157159 0.4861864140454385 0.05361471949980316 0.017986441914626235
