5 0.324878 0.423304 0.121096 0.360972
11 0.466305 0.489441 0.181596 0.237033
10 0.636647 0.347658 0.015868 0.015449
3 0.244695 0.384418 0.090028 0.283414
12 0.421035 0.299429 0.419389 0.154437
9 0.203767 0.388298 0.072466 0.227847
0 0.173482 0.408996 0.012477 0.072389
4 0.603794 0.279416 0.027767 0.086910
6 0.606078 0.440596 0.362386 0.175727
7 0.453844 0.633417 0.060520 0.199247
14 0.498216 0.319921 0.283893 0.136378
1 0.636203 0.612493 0.343163 0.222801
7 0.211696 0.474368 0.058997 0.122167
35 0.276232 0.398459 0.018910 0.016421
35 0.207919 0.361571 0.012883 0.012052
50 0.392713 0.378737 0.021756 0.057242
41 0.346104 0.361155 0.077820 0.088106
40 0.642285 0.335390 0.039242 0.032273
58 0.418564 0.541928 0.061441 0.053770
66 0.255111 0.296853 0.062169 0.099225
69 0.326356 0.306179 0.084149 0.115425
54 0.283875 0.297097 0.023904 0.108841
45 0.405372 0.609424 0.037015 0.087102
43 0.182561 0.455684 0.007923 0.068401
73 0.168553 0.356283 0.005970 0.037153
71 0.586871 0.538221 0.153069 0.091971
46 0.198975 0.475837 0.022390 0.082135
59 0.749681 0.591030 0.084080 0.082965
63 0.717092 0.522636 0.146193 0.090595
70 0.792483 0.492471 0.011991 0.045416
60 0.728971 0.636432 0.144936 0.119279
56 0.189334 0.409234 0.021450 0.025810
67 0.222106 0.289241 0.033444 0.067276
62 0.604230 0.672058 0.137106 0.055846
47 0.181447 0.350297 0.007958 0.031640
23 0.598685 0.360644 0.056077 0.008237
21 0.336547 0.363363 0.058457 0.031254
31 0.528113 0.373950 0.114214 0.006125
52 0.303540 0.555964 0.167386 0.134150
27 0.290493 0.359431 0.035450 0.022572
20 0.642600 0.331606 0.039212 0.023730
25 0.241945 0.336278 0.062798 0.032991
30 0.471164 0.379125 0.091561 0.012673
29 0.386661 0.451525 0.013312 0.014470
18 0.665807 0.630906 0.013975 0.019192
39 0.740396 0.524001 0.020752 0.044253
