5.0 0.6751219630241394 0.4233039915561676 0.12109601497650146 0.36097198724746704
11.0 0.5336949825286865 0.48944099247455597 0.181596040725708 0.23703297972679138
10.0 0.3633529841899872 0.3476579934358597 0.015868008136749268 0.015448957681655884
3.0 0.7553050220012665 0.3844180032610893 0.09002798795700073 0.2834140211343765
12.0 0.5789650082588196 0.2994290068745613 0.419389009475708 0.15443699061870575
9.0 0.7962329983711243 0.38829801976680756 0.07246601581573486 0.22784700989723206
0.0 0.8265179991722107 0.40899600088596344 0.01247704029083252 0.07238897681236267
4.0 0.39620599150657654 0.2794160023331642 0.02776700258255005 0.08690999448299408
6.0 0.39392197132110596 0.44059599936008453 0.36238598823547363 0.175726979970932
7.0 0.5461559891700745 0.633417010307312 0.060520052909851074 0.19924700260162354
14.0 0.5017839968204498 0.31992101669311523 0.28389304876327515 0.1363779902458191
1.0 0.36379700899124146 0.6124930083751678 0.34316301345825195 0.22280102968215942
7.0 0.7883040010929108 0.47436799108982086 0.05899697542190552 0.1221669614315033
35.0 0.723768025636673 0.3984590172767639 0.018909990787506104 0.016421020030975342
35.0 0.7920809984207153 0.3615710139274597 0.01288294792175293 0.012051999568939209
50.0 0.6072869896888733 0.3787370026111603 0.02175605297088623 0.057241976261138916
41.0 0.6538959741592407 0.3611550033092499 0.0778200626373291 0.08810597658157349
40.0 0.35771501064300537 0.33539000153541565 0.03924202919006348 0.03227299451828003
58.0 0.5814359784126282 0.5419280230998993 0.06144106388092041 0.05377000570297241
66.0 0.7448889911174774 0.2968529984354973 0.062169015407562256 0.0992249995470047
69.0 0.6736440062522888 0.3061790019273758 0.08414900302886963 0.11542502045631409
54.0 0.7161250114440918 0.29709699749946594 0.023904085159301758 0.10884100198745728
45.0 0.5946280062198639 0.6094239950180054 0.03701502084732056 0.08710193634033203
43.0 0.8174390196800232 0.45568399131298065 0.007923007011413574 0.06840100884437561
73.0 0.8314470052719116 0.3562829941511154 0.005970001220703125 0.0371529757976532
71.0 0.4131290018558502 0.5382209867238998 0.15306895971298218 0.09197095036506653
46.0 0.8010249733924866 0.47583697736263275 0.022390007972717285 0.08213499188423157
59.0 0.2503190040588379 0.5910299718379974 0.08407998085021973 0.0829649567604065
63.0 0.28290799260139465 0.5226359963417053 0.14619296789169312 0.09059500694274902
70.0 0.20751702785491943 0.49247099459171295 0.011991024017333984 0.0454159677028656
60.0 0.2710290253162384 0.6364319920539856 0.14493602514266968 0.11927902698516846
56.0 0.8106659948825836 0.40923401713371277 0.0214499831199646 0.02581000328063965
67.0 0.777893990278244 0.2892409861087799 0.033443987369537354 0.0672760009765625
62.0 0.39577001333236694 0.6720580160617828 0.1371060609817505 0.05584603548049927
47.0 0.8185530006885529 0.3502970039844513 0.007957994937896729 0.03163999319076538
23.0 0.40131500363349915 0.36064401268959045 0.05607694387435913 0.008237004280090332
21.0 0.6634530127048492 0.36336299777030945 0.05845695734024048 0.03125399351119995
31.0 0.4718869924545288 0.3739499896764755 0.11421394348144531 0.006125003099441528
52.0 0.6964599788188934 0.5559639930725098 0.167385995388031 0.13415002822875977
27.0 0.7095069885253906 0.3594309985637665 0.035449981689453125 0.022571980953216553
20.0 0.35740000009536743 0.33160600066185 0.03921198844909668 0.023729979991912842
25.0 0.7580550014972687 0.3362780213356018 0.06279796361923218 0.032990992069244385
30.0 0.5288360118865967 0.3791249841451645 0.091560959815979 0.012672990560531616
29.0 0.6133390069007874 0.4515249878168106 0.013311982154846191 0.014470010995864868
18.0 0.33419299125671387 0.6309059858322144 0.013975024223327637 0.019191980361938477
39.0 0.25960400700569153 0.5240010023117065 0.020752012729644775 0.044252991676330566
