15.0 0.47098878878395245 0.35454793202754886 0.31661992087246066 0.1514067122730053
8.0 0.29631667087139446 0.39531469159926136 0.06514083561133958 0.12966825223015374
9.0 0.6355240645740453 0.4447402468937009 0.07085747024198412 0.13354526491556137
13.0 0.4622352057490047 0.5089096246535489 0.3523964855073234 0.2604292043226692
12.0 0.4724182741938891 0.31387765631681674 0.29925382330862615 0.13208033347793158
0.0 0.44936711915499944 0.6415954732530802 0.4146805490370043 0.22282831687544394
73.0 0.6339349126928481 0.5515112554951951 0.0619703563352841 0.09980295658789759
72.0 0.285434826735959 0.5006810868763026 0.06730972872404568 0.10154265302700771
59.0 0.4615016117496418 0.5374477009272246 0.1516126250266037 0.0648989946673922
39.0 0.4670038495803622 0.48199028680860273 0.03459317526887835 0.0465496154585534
16.0 0.47934979035550423 0.23516302824702592 0.01653221288231909 0.11166216001504867
