4 0.221243 0.397155 0.099180 0.296532
10 0.162067 0.424682 0.039713 0.141417
2 0.280783 0.419254 0.107431 0.336513
13 0.591751 0.467354 0.320149 0.244838
0 0.560319 0.606373 0.406059 0.250488
7 0.352544 0.636890 0.093450 0.209148
8 0.403586 0.470570 0.245926 0.272219
7 0.173204 0.473881 0.048344 0.114729
9 0.752485 0.395761 0.006270 0.023727
12 0.436370 0.286659 0.467229 0.118918
72 0.484257 0.515443 0.123957 0.105983
15 0.518126 0.322453 0.302141 0.124882
35 0.218695 0.403676 0.013549 0.013177
35 0.298278 0.437519 0.023557 0.017407
40 0.173899 0.329310 0.053584 0.050920
68 0.230477 0.308395 0.070062 0.103141
53 0.257479 0.306266 0.039076 0.114755
65 0.348062 0.335207 0.033482 0.112846
46 0.338989 0.642542 0.045772 0.133763
55 0.318835 0.565284 0.041564 0.096671
57 0.151290 0.434159 0.017637 0.074575
46 0.161521 0.474898 0.021605 0.082643
64 0.291384 0.317338 0.079583 0.123010
26 0.217398 0.360011 0.049697 0.014484
73 0.751808 0.447467 0.010619 0.081346
59 0.655515 0.485113 0.106424 0.074697
29 0.168970 0.379991 0.005720 0.011151
24 0.287669 0.376450 0.092557 0.027504
51 0.242483 0.558552 0.127601 0.127519
19 0.338783 0.640838 0.006147 0.019002
17 0.345484 0.648518 0.004183 0.008648
17 0.340063 0.656938 0.002732 0.007282
16 0.494118 0.190110 0.046450 0.119495
17 0.334557 0.626501 0.002988 0.008079
17 0.341216 0.627867 0.003842 0.008534
39 0.670231 0.427998 0.021131 0.040512
