4.0 0.7787569761276245 0.3971550092101097 0.09917998313903809 0.2965319901704788
10.0 0.8379330039024353 0.42468197643756866 0.03971302509307861 0.141416996717453
2.0 0.7192170023918152 0.41925401985645294 0.10743105411529541 0.3365130126476288
13.0 0.40824899077415466 0.4673539996147156 0.3201490044593811 0.24483799934387207
0.0 0.4396809935569763 0.6063730269670486 0.40605902671813965 0.2504880130290985
7.0 0.6474559903144836 0.6368900239467621 0.09344995021820068 0.20914798974990845
8.0 0.5964139997959137 0.47056999802589417 0.24592608213424683 0.2722190022468567
7.0 0.8267959952354431 0.47388097643852234 0.04834401607513428 0.11472898721694946
9.0 0.2475150227546692 0.39576101303100586 0.006270051002502441 0.023726999759674072
12.0 0.5636300146579742 0.28665900230407715 0.4672289490699768 0.11891800165176392
72.0 0.5157429873943329 0.5154430270195007 0.12395697832107544 0.10598301887512207
15.0 0.4818739593029022 0.32245300710201263 0.302141010761261 0.12488201260566711
35.0 0.7813050150871277 0.40367600321769714 0.013548970222473145 0.013176977634429932
35.0 0.7017219960689545 0.43751901388168335 0.023557007312774658 0.017407000064849854
40.0 0.8261010050773621 0.32930999994277954 0.05358397960662842 0.05092000961303711
68.0 0.7695229947566986 0.30839499831199646 0.07006198167800903 0.10314100980758667
53.0 0.7425209879875183 0.3062659949064255 0.03907597064971924 0.11475500464439392
65.0 0.6519379913806915 0.3352070152759552 0.03348201513290405 0.1128460168838501
46.0 0.6610110104084015 0.6425419747829437 0.045772016048431396 0.13376301527023315
55.0 0.6811649799346924 0.565284013748169 0.041563987731933594 0.09667098522186279
57.0 0.8487100005149841 0.4341590106487274 0.017637014389038086 0.07457500696182251
46.0 0.8384790122509003 0.47489799559116364 0.021604955196380615 0.08264300227165222
64.0 0.7086159884929657 0.3173380047082901 0.07958298921585083 0.12301000952720642
26.0 0.7826020121574402 0.3600109964609146 0.049697041511535645 0.014484018087387085
73.0 0.2481919825077057 0.44746698439121246 0.010618984699249268 0.08134600520133972
59.0 0.34448498487472534 0.4851130098104477 0.10642397403717041 0.07469704747200012
29.0 0.831030011177063 0.37999099493026733 0.005720019340515137 0.011151015758514404
24.0 0.7123309671878815 0.37644998729228973 0.09255701303482056 0.027503997087478638
51.0 0.757517009973526 0.5585519969463348 0.12760096788406372 0.12751895189285278
19.0 0.6612170040607452 0.6408379971981049 0.00614696741104126 0.019002020359039307
17.0 0.6545159816741943 0.6485179960727692 0.004183053970336914 0.00864797830581665
17.0 0.6599370241165161 0.6569380164146423 0.0027320384979248047 0.0072820186614990234
16.0 0.5058819949626923 0.1901099979877472 0.04644995927810669 0.11949500441551208
17.0 0.6654430031776428 0.6265009939670563 0.002987980842590332 0.008078992366790771
17.0 0.6587839722633362 0.6278670132160187 0.003841996192932129 0.008534014225006104
39.0 0.3297690153121948 0.42799799144268036 0.021131038665771484 0.04051199555397034
