12 0.492410 0.317765 0.530842 0.111764
35 0.690345 0.442346 0.021823 0.012138
11 0.788201 0.458349 0.068800 0.169071
21 0.770876 0.375121 0.017349 0.032395
25 0.591148 0.413363 0.140555 0.024076
47 0.456327 0.501038 0.036786 0.058292
17 0.516586 0.669987 0.002552 0.005792
13 0.264691 0.489925 0.260658 0.236229
7 0.783900 0.515583 0.060971 0.122697
9 0.434231 0.505160 0.324389 0.268748
0 0.299434 0.619176 0.342322 0.246796
69 0.690256 0.345210 0.106879 0.105578
15 0.360265 0.352828 0.262696 0.125455
59 0.190577 0.504536 0.065804 0.069878
41 0.757617 0.366876 0.044676 0.052217
19 0.508790 0.672516 0.010005 0.017652
46 0.796850 0.518486 0.029243 0.084140
17 0.500893 0.664149 0.004139 0.006436
17 0.509412 0.686812 0.002966 0.005057
17 0.511688 0.655829 0.003104 0.006160
17 0.499824 0.683732 0.003518 0.006620
5 0.701069 0.436800 0.142036 0.300781
3 0.598368 0.455638 0.155178 0.335954
7 0.502610 0.666755 0.110984 0.207653
1 0.819805 0.474097 0.009783 0.083836
66 0.590509 0.353919 0.115642 0.121623
54 0.643429 0.344079 0.044216 0.114721
43 0.428520 0.691122 0.063917 0.142422
46 0.508098 0.672986 0.069157 0.131042
27 0.703832 0.397936 0.087918 0.015047
19 0.794723 0.518168 0.005814 0.013351
35 0.561300 0.471897 0.033851 0.017635
58 0.807303 0.478162 0.026833 0.078513
67 0.506044 0.371119 0.054628 0.110909
45 0.761156 0.535400 0.033629 0.058924
56 0.533824 0.604221 0.067511 0.105759
29 0.776998 0.419391 0.007047 0.008652
73 0.320645 0.538913 0.127339 0.103572
52 0.666715 0.596665 0.205540 0.121919
39 0.172628 0.447480 0.014702 0.037625
16 0.389760 0.225610 0.064267 0.114313
