12.0 0.4924100264906883 0.3177649825811386 0.5308420211076736 0.11176398396492004
35.0 0.6903449892997742 0.44234599173069 0.02182304859161377 0.01213797926902771
11.0 0.7882010042667389 0.45834898948669434 0.06880003213882446 0.16907095909118652
21.0 0.7708759903907776 0.37512099742889404 0.0173490047454834 0.032395005226135254
25.0 0.5911479890346527 0.4133630096912384 0.14055496454238892 0.024075984954833984
47.0 0.45632700622081757 0.501037985086441 0.03678598999977112 0.0582919716835022
17.0 0.5165859758853912 0.6699870228767395 0.0025519728660583496 0.005792021751403809
13.0 0.26469098776578903 0.48992499709129333 0.26065798103809357 0.23622900247573853
7.0 0.7838999927043915 0.5155829787254333 0.060970962047576904 0.12269699573516846
9.0 0.4342309832572937 0.5051600337028503 0.3243889808654785 0.26874804496765137
0.0 0.29943399876356125 0.619175985455513 0.3423220068216324 0.24679598212242126
69.0 0.6902559995651245 0.3452099859714508 0.10687899589538574 0.10557800531387329
15.0 0.36026500165462494 0.3528279960155487 0.2626959979534149 0.12545496225357056
59.0 0.19057700783014297 0.5045360177755356 0.06580398976802826 0.06987801194190979
41.0 0.7576169669628143 0.3668759763240814 0.044676005840301514 0.05221700668334961
19.0 0.508789986371994 0.6725159883499146 0.010005056858062744 0.017652034759521484
46.0 0.7968499958515167 0.5184860080480576 0.029243052005767822 0.08413997292518616
17.0 0.5008929818868637 0.6641489863395691 0.004138976335525513 0.006435990333557129
17.0 0.5094119608402252 0.6868119835853577 0.002965986728668213 0.005056977272033691
17.0 0.5116879940032959 0.6558290123939514 0.003103971481323242 0.00616002082824707
17.0 0.49982398748397827 0.6837320327758789 0.0035179853439331055 0.006620049476623535
5.0 0.7010689973831177 0.4368000030517578 0.14203596115112305 0.3007810115814209
3.0 0.5983679890632629 0.45563797652721405 0.15517795085906982 0.3359539806842804
7.0 0.5026100128889084 0.6667550206184387 0.11098399758338928 0.20765304565429688
1.0 0.8198049962520599 0.47409698367118835 0.009782969951629639 0.08383601903915405
66.0 0.5905089676380157 0.35391899943351746 0.1156420111656189 0.1216229796409607
54.0 0.6434290111064911 0.34407901763916016 0.04421597719192505 0.11472100019454956
43.0 0.42852000892162323 0.6911219954490662 0.06391701102256775 0.14242196083068848
46.0 0.5080980062484741 0.6729860305786133 0.06915700435638428 0.1310420036315918
27.0 0.7038320004940033 0.39793600142002106 0.0879179835319519 0.01504698395729065
19.0 0.7947230041027069 0.5181680023670197 0.005814015865325928 0.013351023197174072
35.0 0.5612999796867371 0.4718969762325287 0.033851027488708496 0.017634987831115723
58.0 0.8073030114173889 0.4781620055437088 0.026832938194274902 0.0785129964351654
67.0 0.5060440003871918 0.3711189925670624 0.054627954959869385 0.11090898513793945
45.0 0.7611559927463531 0.535400003194809 0.033629000186920166 0.05892401933670044
56.0 0.5338239967823029 0.604220986366272 0.06751102209091187 0.10575902462005615
29.0 0.776997983455658 0.419391006231308 0.007047057151794434 0.008652031421661377
73.0 0.3206450045108795 0.5389130115509033 0.12733900547027588 0.10357201099395752
52.0 0.666714996099472 0.5966649949550629 0.2055400013923645 0.12191897630691528
39.0 0.1726280003786087 0.4474800080060959 0.014701992273330688 0.03762498497962952
16.0 0.38975998759269714 0.22560999542474747 0.06426697969436646 0.11431299149990082
