0 0.340949 0.622964 0.494786 0.311284
7 0.590566 0.684810 0.138690 0.266492
1 0.892207 0.409433 0.007447 0.069272
5 0.787181 0.380246 0.132667 0.386303
7 0.851938 0.481429 0.070586 0.157813
52 0.753279 0.587721 0.182590 0.158310
11 0.866245 0.415806 0.053660 0.191844
3 0.700024 0.404786 0.148877 0.435382
9 0.531403 0.465490 0.322620 0.358068
13 0.303308 0.455795 0.393836 0.321389
35 0.786193 0.389616 0.019670 0.016103
39 0.197880 0.399186 0.025839 0.051864
67 0.609733 0.294427 0.045167 0.148008
16 0.452197 0.134497 0.034615 0.082602
38 0.122191 0.477718 0.017795 0.020231
21 0.865416 0.305947 0.020395 0.039792
73 0.425310 0.515886 0.157100 0.138381
72 0.106906 0.421844 0.012112 0.109122
25 0.693438 0.350830 0.127570 0.031865
56 0.641389 0.590247 0.061579 0.120757
59 0.215390 0.475553 0.128065 0.101432
12 0.509467 0.223903 0.594431 0.146099
29 0.858002 0.362160 0.006094 0.010283
46 0.615877 0.691579 0.069014 0.178165
15 0.402309 0.270254 0.375809 0.164883
41 0.846044 0.295217 0.059110 0.067197
54 0.736609 0.260904 0.045775 0.148817
35 0.674123 0.426414 0.029627 0.020875
66 0.690814 0.275566 0.106543 0.157339
69 0.777348 0.263974 0.101342 0.137785
46 0.869866 0.485295 0.028499 0.110333
58 0.882392 0.429832 0.021451 0.088052
47 0.574063 0.465572 0.035718 0.077481
19 0.612215 0.689745 0.011294 0.027050
27 0.793097 0.334060 0.073698 0.016653
