0.0 0.3381360693894382 0.571431115648232 0.4631622209680201 0.38324892924682674
7.0 0.5592604341652115 0.6611464152061187 0.14009316103544223 0.30254887986101847
1.0 0.846526159922797 0.3884187106967077 0.010670800533246544 0.07607911035886669
5.0 0.7536697714592949 0.34722519609980157 0.14153532310129605 0.43243775086359293
7.0 0.8061580359332512 0.4631835413076445 0.07257084755753794 0.17812995418460986
52.0 0.7112714540309847 0.5700467765243661 0.1734081508808013 0.1887167376154585
11.0 0.8227940424986242 0.3930279357947468 0.05928601509668833 0.21365878795373466
3.0 0.6738185733402723 0.3661228556623016 0.15893652465142205 0.4873202054496205
9.0 0.5185743791249449 0.41708297699455105 0.3108846917108638 0.4187374198074615
13.0 0.31383342347582244 0.38607084354026583 0.3728812966716797 0.38519520114476935
35.0 0.7522437463240123 0.3573369697598214 0.018626322299788663 0.01929432217063994
39.0 0.22218601597486454 0.3149889908382455 0.02622727404331454 0.05877788196459555
67.0 0.5988741576857994 0.2378851306341606 0.04913082588084971 0.1651760877440046
16.0 0.46624565386647226 0.049651994306758915 0.03588690649943023 0.09302716679373411
38.0 0.1495637409832364 0.3936922638564658 0.0171752405644339 0.02361997454483678
21.0 0.8283410825751055 0.27335844007353993 0.02063587367654738 0.045147770016481334
73.0 0.42019879368967217 0.4624297539042607 0.14932437963138961 0.16473531594804725
72.0 0.13900717588081127 0.33149556927734447 0.017152271131383734 0.11987918548150805
25.0 0.67098169138979 0.30679434294563646 0.11664435273491564 0.04613082684030589
56.0 0.6104204703106002 0.5627611860555506 0.06234139215604065 0.13698208535013723
59.0 0.23357127231040878 0.39969442204825417 0.12107493126499198 0.12190750338484006
12.0 0.5126698730469852 0.15211809141486854 0.5433850668146368 0.2123617085678473
29.0 0.8184480422080437 0.3338882934255355 0.006073915385647315 0.011740887005244087
46.0 0.5816538022584418 0.670785440114208 0.07232179254276426 0.20014457982609724
15.0 0.4135674818720563 0.19296586413927125 0.3476910017845863 0.21320211166702346
41.0 0.811519977232683 0.2599399996013556 0.05705106467396926 0.0784538770672895
54.0 0.7149889012780358 0.2127707594477924 0.04972442294875672 0.1661113502308349
35.0 0.6492675557510635 0.387344547985281 0.027861518492439452 0.025382300006269454
66.0 0.6729313493874853 0.22462477907855263 0.10490662210632679 0.1808389022825719
69.0 0.7514800685310614 0.2197667424143776 0.09910542452278776 0.1590854839892363
46.0 0.822072575561207 0.46900014734588397 0.0319707722561814 0.12266729222788725
58.0 0.8365236906083185 0.4097452164143242 0.024350840148877825 0.09777948969670716
47.0 0.5569656971926733 0.4209984752892615 0.036586242156719774 0.08755125237222262
19.0 0.5784628675271369 0.6684604818132497 0.011714661164018689 0.03046026859971433
27.0 0.7616401204506235 0.29747660739472115 0.06728561607430815 0.02473887006912661
