5 0.288061 0.440707 0.142501 0.399146
3 0.188517 0.400002 0.110530 0.319975
11 0.453681 0.515846 0.207951 0.265853
9 0.127478 0.404932 0.070799 0.235410
7 0.440744 0.671673 0.131691 0.231422
41 0.314842 0.376418 0.089221 0.089720
7 0.147165 0.506252 0.072267 0.144929
6 0.625170 0.454590 0.434631 0.191555
0 0.100930 0.439814 0.019211 0.101018
1 0.658716 0.641348 0.418782 0.237725
14 0.496248 0.323572 0.341763 0.153797
12 0.398661 0.301824 0.523764 0.175936
35 0.145837 0.377158 0.015442 0.012604
35 0.230666 0.416496 0.024338 0.017859
69 0.289276 0.312943 0.101574 0.130735
50 0.367516 0.395964 0.021962 0.050628
67 0.159642 0.293810 0.041329 0.076703
47 0.109850 0.364372 0.009782 0.037406
54 0.238146 0.301835 0.027109 0.121763
59 0.789093 0.620984 0.107829 0.086180
66 0.201261 0.301516 0.078240 0.109159
56 0.119501 0.451444 0.027967 0.070921
58 0.397718 0.601135 0.067945 0.124115
46 0.421551 0.678328 0.074130 0.155298
46 0.130547 0.508183 0.031073 0.100904
73 0.092343 0.368326 0.006841 0.044173
71 0.593551 0.558593 0.179600 0.095161
63 0.753962 0.543215 0.180643 0.089231
70 0.848573 0.509282 0.014609 0.062650
60 0.767527 0.668368 0.188759 0.122296
62 0.615405 0.703158 0.162552 0.061934
52 0.264220 0.593326 0.211042 0.143780
27 0.248195 0.373852 0.044368 0.023705
25 0.187145 0.347737 0.080527 0.036319
21 0.304616 0.376788 0.068474 0.034797
29 0.362522 0.471853 0.014848 0.016528
19 0.133519 0.506679 0.007511 0.016528
19 0.423572 0.676783 0.012227 0.023488
18 0.683734 0.657668 0.017906 0.020864
16 0.275902 0.199492 0.016568 0.038765
39 0.779003 0.546011 0.029384 0.048016
23 0.619030 0.370301 0.078965 0.008393
22 0.583057 0.376606 0.093671 0.011471
30 0.461650 0.390232 0.113058 0.016251
31 0.530464 0.382577 0.143194 0.009081
