5.0 0.7119390368461609 0.4407070055603981 0.14250099658966064 0.3991460055112839
3.0 0.8114829659461975 0.40000200271606445 0.11053001880645752 0.31997501850128174
11.0 0.5463190078735352 0.5158460289239883 0.20795106887817383 0.26585301756858826
9.0 0.8725219964981079 0.40493200719356537 0.07079899311065674 0.23541000485420227
7.0 0.5592559576034546 0.6716730296611786 0.13169097900390625 0.23142200708389282
41.0 0.6851580142974854 0.37641799449920654 0.08922100067138672 0.08972001075744629
7.0 0.8528350293636322 0.5062520056962967 0.07226699590682983 0.14492902159690857
6.0 0.3748299777507782 0.45458997786045074 0.4346310496330261 0.191554993391037
0.0 0.8990699946880341 0.4398140162229538 0.019210994243621826 0.10101798176765442
1.0 0.34128400683403015 0.6413480043411255 0.4187820553779602 0.23772501945495605
14.0 0.5037519931793213 0.3235720098018646 0.3417630195617676 0.15379703044891357
12.0 0.6013390123844147 0.3018239960074425 0.5237639546394348 0.1759359985589981
35.0 0.8541629910469055 0.3771580010652542 0.01544201374053955 0.01260402798652649
35.0 0.7693339884281158 0.41649600863456726 0.024338066577911377 0.017859041690826416
69.0 0.7107240259647369 0.3129429966211319 0.10157400369644165 0.13073500990867615
50.0 0.6324840188026428 0.39596399664878845 0.02196204662322998 0.05062800645828247
67.0 0.8403579890727997 0.29380999505519867 0.04132896661758423 0.07670298218727112
47.0 0.8901499807834625 0.36437200009822845 0.009782016277313232 0.03740599751472473
54.0 0.7618539929389954 0.30183500051498413 0.02710902690887451 0.12176299095153809
59.0 0.2109070122241974 0.6209840178489685 0.1078290343284607 0.08617997169494629
66.0 0.7987390160560608 0.30151601135730743 0.0782400369644165 0.10915902256965637
56.0 0.880499005317688 0.45144401490688324 0.027966976165771484 0.07092097401618958
58.0 0.6022820472717285 0.6011349558830261 0.06794500350952148 0.124114990234375
46.0 0.5784489810466766 0.6783279776573181 0.07412999868392944 0.15529799461364746
46.0 0.8694530129432678 0.5081829875707626 0.03107297420501709 0.10090401768684387
73.0 0.9076569974422455 0.36832599341869354 0.006841003894805908 0.04417303204536438
71.0 0.40644896030426025 0.5585930049419403 0.17960000038146973 0.09516102075576782
63.0 0.24603798985481262 0.5432150065898895 0.1806430220603943 0.08923095464706421
70.0 0.1514270007610321 0.5092819780111313 0.014608919620513916 0.06264999508857727
60.0 0.2324729859828949 0.6683679819107056 0.18875902891159058 0.12229597568511963
62.0 0.38459497690200806 0.7031580209732056 0.16255199909210205 0.06193399429321289
52.0 0.7357799708843231 0.5933259725570679 0.21104198694229126 0.14377999305725098
27.0 0.7518050074577332 0.373852014541626 0.04436790943145752 0.023705005645751953
25.0 0.8128550052642822 0.34773699939250946 0.08052706718444824 0.03631898760795593
21.0 0.6953840255737305 0.376788005232811 0.06847405433654785 0.03479698300361633
29.0 0.6374779939651489 0.47185300290584564 0.014847993850708008 0.01652798056602478
19.0 0.8664810061454773 0.5066789984703064 0.007511019706726074 0.016528010368347168
19.0 0.5764279961585999 0.67678302526474 0.01222693920135498 0.02348804473876953
18.0 0.3162659704685211 0.6576679944992065 0.017906010150909424 0.020864009857177734
16.0 0.7240979969501495 0.19949200004339218 0.016568005084991455 0.03876499831676483
39.0 0.22099700570106506 0.5460110008716583 0.029384076595306396 0.0480160117149353
23.0 0.3809700310230255 0.3703010082244873 0.07896500825881958 0.00839298963546753
22.0 0.4169429838657379 0.3766060024499893 0.09367102384567261 0.011471003293991089
30.0 0.5383500158786774 0.39023199677467346 0.11305803060531616 0.016251027584075928
31.0 0.4695360064506531 0.38257700204849243 0.1431940793991089 0.009081006050109863
