11 0.228646 0.412591 0.081698 0.217960
7 0.227779 0.734979 0.069456 0.061231
10 0.768915 0.412471 0.097310 0.216165
7 0.778423 0.744408 0.050955 0.042419
12 0.491867 0.222948 0.467648 0.167776
1 0.503282 0.649518 0.638067 0.268138
6 0.509372 0.419321 0.534598 0.197783
14 0.494022 0.249197 0.454298 0.158769
41 0.225206 0.305496 0.059244 0.059786
40 0.760503 0.307251 0.059244 0.055570
71 0.272158 0.513095 0.137743 0.132728
70 0.747738 0.515037 0.117384 0.129628
60 0.513447 0.717441 0.414820 0.091707
63 0.513765 0.543279 0.377283 0.073130
59 0.515674 0.646806 0.241766 0.068103
20 0.760460 0.298302 0.056624 0.037534
21 0.223007 0.295781 0.054397 0.037921
62 0.274065 0.695774 0.136789 0.115698
22 0.520689 0.321785 0.134246 0.016080
61 0.744873 0.698105 0.122156 0.114150
16 0.474176 0.122785 0.003559 0.030841
18 0.315007 0.650412 0.021932 0.031777
39 0.516675 0.546249 0.053679 0.063843
30 0.340453 0.320309 0.139832 0.017213
23 0.570868 0.321330 0.122516 0.016986
31 0.428988 0.320649 0.193642 0.017892
