11.0 0.7412144584264608 0.3628609790783375 0.10951157667968915 0.24203194929008554
7.0 0.7791819680353098 0.7004106093838937 0.07883520435578052 0.07580496573595813
10.0 0.1827431259673917 0.4534851007611478 0.1254427605012654 0.24277403912856407
7.0 0.21108431356113286 0.80277993250672 0.05754811669293777 0.05299203825413315
12.0 0.44732490771700545 0.20842717922796092 0.5026842050817426 0.25429378346540615
1.0 0.4845767760234003 0.6571685393591069 0.6903811217530876 0.3880466303377669
6.0 0.4518114609534755 0.4170644956031251 0.575338711054978 0.296971283526291
14.0 0.44811574615912314 0.2362844831911793 0.4878491074370208 0.2426167169021017
41.0 0.7324554703112284 0.2501031348633653 0.06811324221645969 0.07257600207460017
40.0 0.17933908593469114 0.34185619725750316 0.06762850907769505 0.0681598471125172
71.0 0.7077944950783114 0.4754457801270175 0.1576425693944496 0.16216699384293376
70.0 0.2164270640420298 0.5573639638886395 0.1362416584862975 0.15550005312248338
60.0 0.4818800320076163 0.7300240325936711 0.4393306617517847 0.16573928351576847
63.0 0.46152447553046183 0.5476460552500162 0.3983937563382791 0.13997515368352867
59.0 0.47145575600950773 0.6564092920900099 0.2577363497972418 0.11194638449483793
20.0 0.17835446385718323 0.33247505861808363 0.06284624594062803 0.048827367895849724
21.0 0.7336113409887801 0.23955750234351594 0.06058883117217082 0.048858723613385724
62.0 0.7268295323706999 0.6671189000276135 0.1546982033979116 0.1441681192521671
22.0 0.4288978821993977 0.31679832915759787 0.14061445433959893 0.03939296578378768
61.0 0.24043942745440028 0.7486429653393298 0.13939450756216926 0.14008868765245855
16.0 0.4540938263408082 0.10053673477312206 0.007225204933915245 0.032903165745347615
18.0 0.6792929833214492 0.6264801712581174 0.026324393038301624 0.036969785971489276
39.0 0.45885803739278896 0.5512458487796759 0.06282742030727395 0.07589089347893611
30.0 0.6150318930752596 0.28497772852162395 0.1465188881191668 0.041518092020543296
23.0 0.3769772107439051 0.3247503729263439 0.128593845254594 0.03837171505892141
31.0 0.5235554101201579 0.30020523821486883 0.20221845849002792 0.051267861562281275
