9 0.753469 0.380513 0.093511 0.138197
8 0.251237 0.377922 0.075756 0.135778
7 0.258637 0.727629 0.080495 0.044572
12 0.494648 0.259089 0.437983 0.105531
38 0.322585 0.550971 0.054216 0.015216
72 0.248338 0.497390 0.087715 0.114476
39 0.511194 0.438410 0.043054 0.051710
73 0.766357 0.502217 0.080036 0.113787
0 0.503405 0.649370 0.599615 0.213547
15 0.498783 0.298390 0.450978 0.120693
13 0.509876 0.485577 0.492412 0.256402
59 0.507359 0.512389 0.223928 0.060954
16 0.491028 0.186326 0.013114 0.075109
