9.0 0.24653100967407227 0.380512997508049 0.09351098537445068 0.13819703459739685
8.0 0.7487629950046539 0.3779219835996628 0.0757560133934021 0.13577798008918762
7.0 0.741362988948822 0.7276290059089661 0.08049499988555908 0.04457199573516846
12.0 0.5053519904613495 0.25908898562192917 0.437982976436615 0.1055309921503067
38.0 0.6774149835109711 0.5509710013866425 0.054215967655181885 0.015216052532196045
72.0 0.7516619861125946 0.497390016913414 0.08771497011184692 0.11447599530220032
39.0 0.48880600929260254 0.4384099990129471 0.04305398464202881 0.05170997977256775
73.0 0.23364299535751343 0.5022170096635818 0.08003604412078857 0.11378702521324158
0.0 0.49659502506256104 0.649370014667511 0.5996149778366089 0.2135469913482666
15.0 0.5012170076370239 0.2983900085091591 0.45097804069519043 0.12069301307201385
13.0 0.490123987197876 0.4855770021677017 0.49241209030151367 0.25640198588371277
59.0 0.49264100193977356 0.5123889893293381 0.22392791509628296 0.060954004526138306
16.0 0.5089719891548157 0.18632599711418152 0.013114094734191895 0.07510900497436523
