4 0.710253 0.411707 0.150046 0.497730
8 0.856394 0.372048 0.089801 0.296082
6 0.364469 0.417231 0.456307 0.261234
2 0.813817 0.360727 0.101662 0.393618
10 0.534347 0.500927 0.231123 0.328066
7 0.548913 0.700312 0.162201 0.281189
7 0.839659 0.487817 0.072628 0.168513
0 0.886895 0.406648 0.022405 0.113141
1 0.323424 0.656505 0.425010 0.334353
14 0.504817 0.257009 0.357047 0.204957
12 0.598741 0.235436 0.522015 0.219268
35 0.772193 0.383426 0.024934 0.020618
35 0.853229 0.336273 0.015824 0.014881
53 0.770344 0.239232 0.025514 0.153283
68 0.716414 0.251495 0.101058 0.158786
64 0.804556 0.239183 0.069548 0.137558
40 0.691494 0.329225 0.097935 0.119726
49 0.629610 0.353425 0.026400 0.078968
65 0.843092 0.233626 0.037175 0.099260
46 0.856762 0.489949 0.030415 0.117411
46 0.547943 0.715602 0.119910 0.187784
55 0.871948 0.421240 0.022444 0.073743
72 0.899520 0.324633 0.007482 0.056612
57 0.593379 0.594216 0.066979 0.105597
70 0.378251 0.566788 0.200243 0.121492
19 0.545126 0.714594 0.018582 0.029066
59 0.177865 0.623921 0.099431 0.129763
71 0.131661 0.473044 0.015832 0.069512
63 0.216840 0.529385 0.171515 0.142677
61 0.353681 0.751167 0.172092 0.071646
60 0.202521 0.685524 0.168469 0.183029
51 0.729649 0.595081 0.201148 0.174990
26 0.758556 0.326408 0.036993 0.026517
20 0.702044 0.333558 0.075691 0.048954
29 0.635137 0.453652 0.016195 0.021417
24 0.815125 0.298475 0.074440 0.042069
19 0.854607 0.488376 0.006989 0.017593
39 0.187406 0.529247 0.025416 0.062176
22 0.428522 0.324920 0.084149 0.031359
30 0.349931 0.298082 0.041512 0.029043
16 0.729884 0.114016 0.015860 0.042433
31 0.383915 0.307132 0.080772 0.045459
23 0.459691 0.329027 0.074721 0.035357
