4.0 0.6642002565070367 0.46446851387254784 0.16622744488924782 0.49985548982989014
8.0 0.8063281131741842 0.440133718606724 0.09940529616965382 0.29739972787235314
6.0 0.3318347701854031 0.4359658810944519 0.4498804206782671 0.2993501701019949
2.0 0.7659365484447377 0.4249262623464449 0.11513046115257566 0.39363306498894046
10.0 0.49128190280093736 0.5341947699454043 0.23656362507736603 0.34242495555256436
7.0 0.49641503199695997 0.7299682369800587 0.16828271018965463 0.2899783987942361
7.0 0.785111620511697 0.551336853055722 0.07724391533507126 0.17137180039256328
0.0 0.8340868733174782 0.4768483796051636 0.026545678283628246 0.11247732606326467
1.0 0.281782468306095 0.6651703267190245 0.4230683697977712 0.367554166651367
14.0 0.47375436023643774 0.2935473368397732 0.35204279249380654 0.2347679017942555
12.0 0.5649252447109683 0.2817241623349734 0.511127732308065 0.2648842222857642
35.0 0.7249489588216581 0.44297242012572796 0.024864620894993833 0.02254048888420038
35.0 0.804877405649866 0.4049526861739371 0.015859779988942176 0.016055690734473847
53.0 0.7295785524678379 0.30224141267337223 0.03131514249788372 0.15190948484572384
68.0 0.6772348957953631 0.3089093090344896 0.10411830493206992 0.16467671867763486
64.0 0.7624408088694759 0.3055464350797126 0.0729104432118452 0.14089725858685914
40.0 0.6498466159859226 0.3822326853510016 0.09938356740892611 0.1262978566253992
49.0 0.5893329893316427 0.39975640970888704 0.02886474625442607 0.07955944893027513
65.0 0.7997008984551118 0.3039064258961895 0.04011542344075773 0.10039458328171048
46.0 0.801444116599486 0.5550910774967228 0.03442886957047686 0.11742435657656242
46.0 0.4948041311572708 0.7447767163361358 0.12351361123691305 0.19478935712111156
55.0 0.8190822411669935 0.4896067843575076 0.02483294153545804 0.07407880511294147
72.0 0.8498563158246523 0.39814338443223357 0.00970120742449827 0.05591447467184064
57.0 0.543837026264503 0.6309112552499144 0.06902319551340326 0.10949225240183165
70.0 0.3384284080665362 0.5830937795271908 0.19772726881545366 0.1380454342767326
19.0 0.4921432638740591 0.7435181239648428 0.019138903491551958 0.030152487816663902
59.0 0.14342281326909975 0.6191449465205461 0.10126634422474326 0.13622786582422103
71.0 0.10574700621906195 0.4675530463207054 0.018294316138957344 0.06930681241422626
63.0 0.1850572472201055 0.5308177247284421 0.17107558574624346 0.15587967932522584
61.0 0.30663866195895734 0.7604050958267987 0.16847439719166146 0.08670044138995435
60.0 0.16436792521814017 0.6816073703352248 0.1699425083538272 0.1949133736711162
51.0 0.6746837701385031 0.6451089381244657 0.20097302615117807 0.19028010140424445
26.0 0.7143837665328094 0.38605900285823597 0.036709181847260575 0.029472178427079866
20.0 0.6597872607541334 0.38749008991312744 0.07487467634883785 0.05513452785137263
29.0 0.5901891949185075 0.49799204269678166 0.016506447216672104 0.022462840874982206
24.0 0.7699583032970347 0.36437573129719564 0.07336727720364962 0.04830097162280588
19.0 0.799444145251478 0.5533466290505182 0.00749430069986128 0.01783326124016091
39.0 0.15679249752690527 0.5277986515735185 0.02717369419144402 0.06309537232538101
22.0 0.39745742065480244 0.3522650848298701 0.08221687761478833 0.03881313370364625
30.0 0.32316422532813843 0.3184034086316587 0.0411618080430145 0.03237718770188259
16.0 0.6962798074052656 0.17622488176729662 0.017118242482948746 0.042914887723859166
31.0 0.3554032989210752 0.3305551218742522 0.07959963736808931 0.05222581868684363
23.0 0.42721230531949905 0.3593228659424207 0.07333901134245835 0.041786123185369076
