4 0.228085 0.408530 0.151567 0.400633
2 0.330381 0.427686 0.158802 0.439445
8 0.493997 0.482149 0.321150 0.362554
10 0.131547 0.445800 0.065146 0.212462
1 0.098874 0.476790 0.007904 0.099376
7 0.138738 0.524638 0.071980 0.172550
7 0.438294 0.700760 0.134121 0.271702
15 0.593398 0.283496 0.297293 0.138866
0 0.654967 0.631716 0.399797 0.294873
13 0.689096 0.460952 0.307131 0.285746
12 0.400229 0.244697 0.453769 0.131913
72 0.606524 0.504394 0.132584 0.130583
35 0.236359 0.412719 0.022602 0.013272
40 0.166859 0.317369 0.058387 0.074803
73 0.841582 0.435133 0.008558 0.100984
46 0.123321 0.528248 0.032640 0.122111
35 0.366131 0.438526 0.033149 0.018399
64 0.341364 0.290058 0.115834 0.149910
68 0.240504 0.284177 0.113762 0.138147
46 0.418885 0.705890 0.074387 0.186326
65 0.426027 0.306520 0.050477 0.138750
53 0.288533 0.280859 0.048217 0.146592
57 0.112687 0.469455 0.027646 0.096893
55 0.403430 0.605934 0.085985 0.135086
24 0.338738 0.365763 0.140084 0.020198
70 0.105149 0.398257 0.009510 0.033316
59 0.765723 0.477163 0.090219 0.083105
20 0.153079 0.326574 0.030102 0.037704
26 0.225729 0.356734 0.087952 0.009695
19 0.125115 0.527249 0.005918 0.018166
29 0.147034 0.391754 0.008465 0.011109
51 0.260593 0.619802 0.214002 0.134979
16 0.546798 0.161766 0.035054 0.082193
19 0.419675 0.703250 0.011179 0.028171
39 0.780183 0.403497 0.019456 0.048617
38 0.691457 0.547362 0.034216 0.022563
