4.0 0.228084996342659 0.40852998942136765 0.1515670120716095 0.40063299238681793
2.0 0.33038099110126495 0.4276859909296036 0.15880200266838074 0.43944498896598816
8.0 0.4939970076084137 0.48214899003505707 0.321150004863739 0.36255398392677307
10.0 0.131547000259161 0.4457999914884567 0.06514600664377213 0.21246197819709778
1.0 0.09887399896979332 0.4767899811267853 0.007904000580310822 0.09937602281570435
7.0 0.138738002628088 0.5246379971504211 0.07198000699281693 0.17254996299743652
7.0 0.4382940083742142 0.7007600367069244 0.13412103056907654 0.27170199155807495
15.0 0.5933979898691177 0.2834959998726845 0.2972930371761322 0.13886599242687225
0.0 0.6549669951200485 0.6317159682512283 0.3997969925403595 0.2948729693889618
13.0 0.6890960037708282 0.4609519839286804 0.30713099241256714 0.2857459783554077
12.0 0.40022900700569153 0.24469700455665588 0.4537690281867981 0.13191300630569458
72.0 0.6065240204334259 0.504393994808197 0.13258403539657593 0.13058292865753174
35.0 0.23635899275541306 0.4127189964056015 0.022601976990699768 0.013272017240524292
40.0 0.1668590009212494 0.3173690140247345 0.05838701128959656 0.07480299472808838
73.0 0.8415820002555847 0.4351329952478409 0.008558034896850586 0.10098400712013245
46.0 0.12332100048661232 0.5282479971647263 0.0326400026679039 0.1221109926700592
35.0 0.3661310076713562 0.4385260045528412 0.033149003982543945 0.01839900016784668
64.0 0.3413639962673187 0.2900580018758774 0.11583399772644043 0.14991000294685364
68.0 0.24050400406122208 0.2841769978404045 0.1137620061635971 0.1381470113992691
46.0 0.4188849925994873 0.7058899998664856 0.07438701391220093 0.1863260269165039
65.0 0.42602699995040894 0.3065200001001358 0.050477027893066406 0.13874998688697815
53.0 0.2885330021381378 0.28085899353027344 0.04821699857711792 0.14659196138381958
57.0 0.11268699914216995 0.4694550186395645 0.027645990252494812 0.09689304232597351
55.0 0.4034299850463867 0.6059339940547943 0.08598500490188599 0.13508599996566772
24.0 0.33873800933361053 0.36576299369335175 0.14008399844169617 0.020198017358779907
70.0 0.10514900088310242 0.3982570022344589 0.009509995579719543 0.0333159863948822
59.0 0.7657229900360107 0.47716300189495087 0.09021902084350586 0.08310499787330627
20.0 0.15307900309562683 0.3265739977359772 0.03010198473930359 0.0377039909362793
26.0 0.22572900354862213 0.3567340075969696 0.08795198798179626 0.009694993495941162
19.0 0.12511499598622322 0.5272490084171295 0.005917988717556 0.018166005611419678
29.0 0.14703400433063507 0.39175400137901306 0.008464992046356201 0.011108994483947754
51.0 0.2605929970741272 0.6198019683361053 0.21400201320648193 0.13497895002365112
16.0 0.5467979907989502 0.16176600009202957 0.03505396842956543 0.08219300210475922
19.0 0.41967499256134033 0.7032500207424164 0.011179029941558838 0.028171002864837646
39.0 0.7801829874515533 0.40349699556827545 0.01945596933364868 0.048617035150527954
38.0 0.6914570033550262 0.5473619997501373 0.03421598672866821 0.022563040256500244
