4 0.429790 0.486105 0.255906 0.427545
10 0.208558 0.550662 0.210132 0.299866
2 0.649910 0.487175 0.233606 0.426865
8 0.801765 0.517923 0.300117 0.372940
7 0.208046 0.688263 0.139414 0.220258
7 0.773034 0.707765 0.139985 0.217556
6 0.176279 0.428784 0.203221 0.124042
0 0.896630 0.631563 0.116495 0.176402
13 0.897081 0.400308 0.100978 0.050678
14 0.344184 0.337793 0.167541 0.151934
12 0.541524 0.322816 0.499706 0.175210
1 0.107326 0.617480 0.102350 0.190554
35 0.509705 0.500095 0.046214 0.012838
40 0.341768 0.405006 0.050014 0.095847
49 0.305490 0.418654 0.043772 0.064642
15 0.806934 0.345041 0.116220 0.110850
35 0.724323 0.492988 0.043781 0.013108
68 0.455079 0.361632 0.188920 0.160968
53 0.552900 0.351883 0.038099 0.158708
64 0.647157 0.355479 0.157258 0.147347
57 0.207911 0.635620 0.159885 0.163313
65 0.756170 0.367688 0.081396 0.122445
55 0.785991 0.644551 0.137189 0.147033
46 0.779895 0.711434 0.091492 0.154596
72 0.930229 0.507140 0.045417 0.098120
46 0.206424 0.691889 0.096429 0.156592
61 0.080173 0.630193 0.041259 0.067127
70 0.098806 0.519284 0.063518 0.068170
51 0.495053 0.712225 0.414940 0.026527
20 0.347963 0.416132 0.032156 0.041537
26 0.456720 0.440628 0.180441 0.018816
29 0.286061 0.502476 0.019010 0.014881
19 0.778457 0.710541 0.015050 0.024596
19 0.207163 0.690035 0.015304 0.025731
24 0.652215 0.431938 0.209320 0.017751
16 0.711502 0.231747 0.036785 0.064020
22 0.274697 0.389061 0.024809 0.035887
23 0.261865 0.392913 0.025563 0.037618
31 0.286332 0.366237 0.030258 0.018266
