4.0 0.5659763784288316 0.4658121207640502 0.27165242422038477 0.42970772360508214
10.0 0.7858998011939836 0.5508765500289526 0.221302076199136 0.3047702245444755
2.0 0.344914052205441 0.44248809231855224 0.2492373116940005 0.42660459790325855
8.0 0.19137759414034078 0.45457376990466297 0.3141686371796279 0.3833252246660799
7.0 0.7816849496947814 0.6801272889569121 0.1475572402143529 0.22220983885951967
7.0 0.21370245661696416 0.6359927105634056 0.14803768121316305 0.21973602614136903
6.0 0.8225002400936855 0.4400123962083527 0.2083199872262491 0.1389244761035661
0.0 0.09221682496680991 0.5507859517706668 0.12303667732958697 0.17850011285612652
13.0 0.09971163967944467 0.3336098211489919 0.10313503774695469 0.05874234993088756
14.0 0.6570316281891138 0.3360229386819426 0.1734517852438615 0.1611688687373998
12.0 0.459394542074854 0.30015002552187536 0.5077832593687021 0.21973521603816776
1.0 0.8852518845961121 0.6248008480904818 0.10931989962396946 0.1902241663780475
35.0 0.48525180330186857 0.47011481494979757 0.046845311875518686 0.017161468153131906
40.0 0.657147614865434 0.39939651783559865 0.053513783857978295 0.09551894107886894
49.0 0.6931058196460744 0.4162202981921557 0.04617363282617182 0.06553053808164479
15.0 0.19212883377795886 0.2916828534684278 0.12050779651795257 0.11692268500353929
35.0 0.2699951492080909 0.4397214774039304 0.04441157937933487 0.017146046214853303
68.0 0.5448611610044765 0.3461488356623834 0.19522920467672975 0.1720138414871596
53.0 0.44697276080466586 0.3261838467167712 0.04371016958114131 0.1532224970450594
64.0 0.352204449958713 0.3191424256529293 0.16296884712002666 0.15572562438836626
57.0 0.783629713989267 0.6307154751163169 0.1661553796092514 0.17100651703940206
65.0 0.2423234044264601 0.3185568877882772 0.08593895303619564 0.12396037248122324
55.0 0.20286464832371545 0.5752087762076232 0.1428064919757448 0.15321269241954596
46.0 0.2066870755304239 0.6386792561431964 0.09718144653552246 0.15526292432207545
72.0 0.06275568278471748 0.43025115800648617 0.04897598220353251 0.09714500954385114
46.0 0.7831889978080968 0.6837110152008384 0.10220734844713188 0.15768267420551227
61.0 0.912079719353422 0.6397382309550196 0.04373570561026194 0.06758594628917795
70.0 0.8971817147796965 0.5335458984453871 0.06612211757489983 0.07102538256499927
51.0 0.4926737304838709 0.6709039958105621 0.41755866458946134 0.07076743512684415
20.0 0.6505448082882587 0.4091580826399502 0.03371579462694096 0.04255327977597512
26.0 0.5404984852591833 0.4201371541168504 0.1818299267007499 0.037609609975155445
29.0 0.7097340294948257 0.4970685094461594 0.019599572884497717 0.016072886377200935
19.0 0.2081617040123066 0.6379997264948042 0.015957209731868788 0.024756715798143102
19.0 0.7825106667458097 0.6818886058902722 0.01625129448011582 0.02585038538303361
24.0 0.34449795300326513 0.3903710611346603 0.21079117417779117 0.0398014793451271
16.0 0.2918470630096358 0.19585821366161785 0.039136536626479736 0.06417428894861667
22.0 0.7250425428792431 0.3918387139188234 0.02614440611526021 0.036436435253843956
23.0 0.7377949344822852 0.3968736182683277 0.026960997002899584 0.03814502163380474
31.0 0.7141440755655304 0.3691231919187171 0.03101017188117036 0.020494263960837426
