44.0 0.8455580174922943 0.4129500091075897 0.1358010172843933 0.30227500200271606
7.0 0.495058998465538 0.44325098395347595 0.5632520020008087 0.5176929831504822
1.0 0.09611599892377853 0.3951739966869354 0.19223199784755707 0.33392399549484253
4.0 0.9648480117321014 0.43930698931217194 0.06989496946334839 0.07000401616096497
10.0 0.4998190104961395 0.23889000732742716 0.999638020992279 0.47681501469924115
57.0 0.14872299879789352 0.42201900482177734 0.09362299740314484 0.24792802333831787
57.0 0.8617889881134033 0.3172390088438988 0.09125900268554688 0.16471101343631744
46.0 0.5692930072546005 0.46356700360774994 0.3497389853000641 0.36553898453712463
17.0 0.5934540033340454 0.4636420011520386 0.011710047721862793 0.012192964553833008
19.0 0.567656010389328 0.4755910038948059 0.04061800241470337 0.04145604372024536
51.0 0.9366410076618195 0.4862480014562607 0.1264140009880066 0.030591994524002075
