8 0.435747 0.456173 0.420803 0.236194
35 0.138830 0.374117 0.020160 0.014760
35 0.257464 0.421383 0.032345 0.019735
0 0.671019 0.616852 0.657248 0.216624
64 0.255601 0.312539 0.128008 0.126776
55 0.284000 0.539139 0.066102 0.079364
7 0.331318 0.613633 0.135632 0.186474
53 0.204906 0.292566 0.067058 0.102728
4 0.151196 0.369361 0.152232 0.257697
65 0.341485 0.329517 0.054606 0.112526
57 0.048295 0.367164 0.019140 0.020376
2 0.237005 0.394962 0.173207 0.307465
10 0.065566 0.383175 0.053145 0.117797
12 0.505955 0.297624 0.742409 0.143016
15 0.625881 0.331732 0.494807 0.125563
7 0.064953 0.420722 0.077765 0.097648
13 0.740814 0.488804 0.517521 0.243626
41 0.080419 0.303698 0.084185 0.044778
68 0.165810 0.292022 0.114726 0.092466
46 0.310052 0.617624 0.070239 0.127262
72 0.561661 0.537023 0.216571 0.096123
17 0.325305 0.627858 0.009852 0.007280
73 0.996471 0.500731 0.006802 0.020324
59 0.860386 0.519888 0.171972 0.081108
46 0.064480 0.424781 0.053532 0.071332
26 0.139361 0.334889 0.074220 0.022201
51 0.170863 0.511708 0.176888 0.140018
24 0.245696 0.361957 0.142255 0.040484
17 0.309631 0.611240 0.008957 0.006801
17 0.314621 0.600320 0.011004 0.009866
38 0.702626 0.571657 0.065684 0.017071
39 0.893845 0.458988 0.033484 0.039734
17 0.315069 0.627379 0.010108 0.007471
17 0.324638 0.609570 0.005964 0.005609
16 0.577982 0.229236 0.057542 0.054774
19 0.320210 0.614776 0.010287 0.017326
