14 0.661266 0.346033 0.144084 0.151101
7 0.772931 0.667888 0.131085 0.206297
35 0.515217 0.489749 0.039505 0.013035
15 0.243308 0.329675 0.112253 0.110632
3 0.387702 0.475070 0.203637 0.395834
5 0.586177 0.479120 0.224328 0.403954
69 0.565193 0.362865 0.169269 0.156416
54 0.477808 0.351594 0.033852 0.149938
9 0.253108 0.500474 0.280452 0.343236
11 0.780603 0.545060 0.182339 0.275040
6 0.805577 0.432996 0.175691 0.124476
7 0.270272 0.665920 0.121003 0.208624
13 0.161140 0.376741 0.089115 0.057785
0 0.163430 0.598438 0.112059 0.170254
1 0.867640 0.611195 0.086191 0.173597
12 0.481486 0.326165 0.456447 0.180293
41 0.664567 0.408654 0.047949 0.088530
67 0.295445 0.359325 0.077044 0.116662
73 0.133343 0.478886 0.045630 0.097816
52 0.522929 0.685067 0.367847 0.027718
35 0.326218 0.475356 0.040561 0.011949
50 0.698250 0.423550 0.037446 0.061874
66 0.393728 0.354878 0.144118 0.139324
58 0.788905 0.622424 0.124211 0.146326
71 0.875190 0.521314 0.052957 0.064386
27 0.561362 0.437403 0.159365 0.020949
47 0.214908 0.474259 0.032670 0.057854
46 0.778776 0.678696 0.085478 0.143751
56 0.270359 0.612697 0.140162 0.134818
46 0.269381 0.675994 0.082921 0.143093
22 0.717204 0.385875 0.020807 0.023521
21 0.660148 0.418051 0.034442 0.036501
19 0.270108 0.674269 0.013068 0.021741
31 0.726444 0.391256 0.013836 0.023124
23 0.710896 0.374513 0.015716 0.013953
25 0.388542 0.422038 0.186498 0.022146
29 0.713805 0.500877 0.017276 0.014959
19 0.778149 0.677748 0.013733 0.023935
16 0.321494 0.225617 0.036325 0.065422
30 0.725060 0.406205 0.008633 0.019933
62 0.890314 0.624265 0.035694 0.059341
