14.0 0.3387340009212494 0.3460329920053482 0.14408403635025024 0.15110096335411072
7.0 0.22706899046897888 0.6678880155086517 0.13108497858047485 0.20629698038101196
35.0 0.48478302359580994 0.489749014377594 0.039505064487457275 0.013034999370574951
15.0 0.7566919922828674 0.32967500388622284 0.11225306987762451 0.11063197255134583
3.0 0.6122979521751404 0.475069984793663 0.2036370038986206 0.3958339989185333
5.0 0.4138230085372925 0.4791199862957001 0.22432804107666016 0.4039539694786072
69.0 0.4348069727420807 0.36286498606204987 0.16926902532577515 0.15641596913337708
54.0 0.5221920013427734 0.351594015955925 0.0338519811630249 0.14993801712989807
9.0 0.746891975402832 0.5004740059375763 0.28045201301574707 0.3432360291481018
11.0 0.21939700841903687 0.5450599938631058 0.18233895301818848 0.27504000067710876
6.0 0.19442299008369446 0.4329959899187088 0.17569106817245483 0.12447598576545715
7.0 0.7297280132770538 0.6659199595451355 0.12100297212600708 0.208624005317688
13.0 0.8388599753379822 0.3767410069704056 0.08911502361297607 0.05778500437736511
0.0 0.8365699946880341 0.5984379947185516 0.11205905675888062 0.17025405168533325
1.0 0.13235998153686523 0.6111950278282166 0.08619093894958496 0.17359697818756104
12.0 0.5185139775276184 0.32616500556468964 0.4564470052719116 0.1802929937839508
41.0 0.3354329764842987 0.40865398943424225 0.047949016094207764 0.08852997422218323
67.0 0.7045550346374512 0.35932500660419464 0.07704401016235352 0.11666199564933777
73.0 0.866657018661499 0.4788860082626343 0.04562997817993164 0.09781599044799805
52.0 0.47707101702690125 0.6850669980049133 0.3678470253944397 0.027717947959899902
35.0 0.6737819910049438 0.47535599768161774 0.04056096076965332 0.011948972940444946
50.0 0.3017500042915344 0.423550009727478 0.037446022033691406 0.06187403202056885
66.0 0.6062720119953156 0.3548780083656311 0.14411801099777222 0.13932400941848755
58.0 0.21109497547149658 0.6224240362644196 0.12421095371246338 0.1463260054588318
71.0 0.12481001019477844 0.5213139802217484 0.052956998348236084 0.06438598036766052
27.0 0.43863803148269653 0.43740299344062805 0.15936505794525146 0.02094900608062744
47.0 0.7850919961929321 0.47425900399684906 0.032670021057128906 0.05785396695137024
46.0 0.22122398018836975 0.6786960065364838 0.08547800779342651 0.14375096559524536
56.0 0.7296409904956818 0.6126969754695892 0.14016205072402954 0.13481801748275757
46.0 0.7306189835071564 0.6759939789772034 0.08292096853256226 0.14309298992156982
22.0 0.2827959954738617 0.38587501645088196 0.020807087421417236 0.023521006107330322
21.0 0.3398520052433014 0.41805100440979004 0.034442007541656494 0.03650104999542236
19.0 0.7298920154571533 0.6742690205574036 0.013067960739135742 0.021741032600402832
31.0 0.2735559940338135 0.39125601947307587 0.013836026191711426 0.023124009370803833
23.0 0.28910398483276367 0.37451300024986267 0.015715956687927246 0.013952970504760742
25.0 0.6114580035209656 0.4220380187034607 0.18649804592132568 0.022145986557006836
29.0 0.2861950099468231 0.5008769929409027 0.017275989055633545 0.01495903730392456
19.0 0.22185099124908447 0.6777479946613312 0.01373302936553955 0.023935019969940186
16.0 0.6785060167312622 0.22561699897050858 0.03632497787475586 0.06542198359966278
30.0 0.27493998408317566 0.4062050133943558 0.008632957935333252 0.01993301510810852
62.0 0.1096859872341156 0.6242649853229523 0.0356939435005188 0.05934101343154907
