5 0.249252 0.413054 0.164230 0.510266
3 0.132580 0.339911 0.123022 0.374878
4 0.599535 0.192478 0.039567 0.119724
9 0.089145 0.337870 0.088316 0.283480
7 0.110219 0.452616 0.075836 0.154605
11 0.459136 0.520082 0.277972 0.317697
7 0.431694 0.739331 0.144136 0.279111
1 0.681379 0.718454 0.458057 0.364804
6 0.637259 0.464130 0.492784 0.324702
12 0.370261 0.247058 0.559899 0.247247
0 0.058549 0.353570 0.013377 0.083821
14 0.472360 0.278636 0.375263 0.225434
35 0.094712 0.309713 0.015860 0.016819
35 0.183176 0.376688 0.023124 0.021991
50 0.344159 0.374368 0.030769 0.082303
41 0.278097 0.348280 0.105641 0.121113
69 0.247724 0.261611 0.113933 0.190859
54 0.187431 0.231911 0.028257 0.151781
66 0.147840 0.228994 0.083737 0.136564
25 0.136826 0.280412 0.080888 0.059600
59 0.851577 0.691935 0.091307 0.151343
19 0.412348 0.749546 0.020597 0.041223
19 0.091673 0.453473 0.007397 0.021580
67 0.106882 0.212121 0.037598 0.088820
43 0.070393 0.414493 0.017315 0.080016
58 0.379757 0.609401 0.077801 0.058281
45 0.352662 0.670208 0.030043 0.085136
70 0.885710 0.528987 0.010419 0.049705
46 0.091601 0.452748 0.035795 0.111351
46 0.417450 0.747874 0.097657 0.197816
56 0.076960 0.363356 0.026682 0.030193
71 0.638965 0.641182 0.226764 0.135110
63 0.805503 0.606937 0.168726 0.193169
62 0.659757 0.831604 0.170286 0.081104
60 0.803356 0.772806 0.163297 0.164473
47 0.062541 0.286790 0.010100 0.039183
52 0.229323 0.583435 0.219836 0.227442
40 0.656135 0.275229 0.040819 0.038978
20 0.656102 0.271961 0.040819 0.032509
21 0.264416 0.357911 0.077961 0.051903
29 0.341587 0.477903 0.037772 0.033233
27 0.206111 0.325361 0.059559 0.040986
16 0.234332 0.103924 0.025160 0.044497
33 0.649636 0.819739 0.105054 0.035863
18 0.761972 0.767640 0.009715 0.012098
39 0.843672 0.602911 0.024973 0.063216
30 0.449978 0.368148 0.126033 0.021754
31 0.532396 0.353571 0.158805 0.021749
22 0.577723 0.343993 0.119674 0.028715
23 0.619463 0.328109 0.078587 0.016098
