5.0 0.24925201386213303 0.4130540117621422 0.16423000395298004 0.5102660208940506
3.0 0.1325799971818924 0.33991100639104843 0.12302199006080627 0.37487800419330597
4.0 0.5995349884033203 0.1924779936671257 0.039566993713378906 0.11972399055957794
9.0 0.0891449935734272 0.3378700166940689 0.08831598609685898 0.2834800183773041
7.0 0.11021900177001953 0.45261599123477936 0.07583600282669067 0.15460500121116638
11.0 0.4591359943151474 0.5200819969177246 0.277972012758255 0.31769704818725586
7.0 0.43169400095939636 0.7393310070037842 0.14413601160049438 0.27911102771759033
1.0 0.6813790053129196 0.7184540033340454 0.4580569565296173 0.3648040294647217
6.0 0.6372590065002441 0.4641299992799759 0.4927840232849121 0.3247019946575165
12.0 0.3702610023319721 0.24705799669027328 0.5598989948630333 0.24724699556827545
0.0 0.058548999950289726 0.35356998443603516 0.013376999646425247 0.08382099866867065
14.0 0.4723600000143051 0.27863600105047226 0.3752630054950714 0.22543402016162872
35.0 0.09471200034022331 0.3097130060195923 0.015859998762607574 0.016819000244140625
35.0 0.18317599594593048 0.37668801844120026 0.023124009370803833 0.021990984678268433
50.0 0.34415899217128754 0.37436801195144653 0.030769020318984985 0.082302987575531
41.0 0.2780969962477684 0.3482799828052521 0.10564102232456207 0.12111300230026245
69.0 0.2477240040898323 0.2616109997034073 0.1139330118894577 0.19085898995399475
54.0 0.1874310001730919 0.23191101104021072 0.02825699746608734 0.15178100764751434
66.0 0.1478400006890297 0.22899401187896729 0.08373700082302094 0.13656401634216309
25.0 0.13682599738240242 0.2804119884967804 0.08088799566030502 0.059599995613098145
59.0 0.8515770137310028 0.6919350028038025 0.09130698442459106 0.1513429880142212
19.0 0.41234801709651947 0.7495460212230682 0.020597010850906372 0.041222989559173584
19.0 0.09167299792170525 0.4534730017185211 0.007397003471851349 0.021579980850219727
67.0 0.1068819984793663 0.21212099492549896 0.03759799897670746 0.08882001042366028
43.0 0.07039300352334976 0.41449300944805145 0.017315000295639038 0.08001598715782166
58.0 0.37975700199604034 0.6094009876251221 0.07780101895332336 0.0582810640335083
45.0 0.35266199707984924 0.6702080070972443 0.03004300594329834 0.08513599634170532
70.0 0.8857100009918213 0.5289869904518127 0.010419011116027832 0.04970502853393555
46.0 0.09160099551081657 0.45274800062179565 0.03579499572515488 0.11135101318359375
46.0 0.4174499958753586 0.747873991727829 0.09765699505805969 0.19781607389450073
56.0 0.0769599974155426 0.36335599422454834 0.02668200433254242 0.030192971229553223
71.0 0.638964980840683 0.6411819756031036 0.2267640233039856 0.13510996103286743
63.0 0.8055030107498169 0.6069369912147522 0.1687260866165161 0.1931689977645874
62.0 0.659756988286972 0.83160400390625 0.17028599977493286 0.08110392093658447
60.0 0.8033559918403625 0.7728059887886047 0.16329693794250488 0.1644730567932129
47.0 0.06254099681973457 0.28679001331329346 0.010099999606609344 0.03918302059173584
52.0 0.22932299599051476 0.583434984087944 0.21983600407838821 0.2274419367313385
40.0 0.6561349928379059 0.27522900700569153 0.040818989276885986 0.038977980613708496
20.0 0.6561019718647003 0.2719610035419464 0.040818989276885986 0.032509028911590576
21.0 0.26441600173711777 0.35791099071502686 0.07796098291873932 0.05190300941467285
29.0 0.34158700704574585 0.47790300846099854 0.03777199983596802 0.03323298692703247
27.0 0.20611099898815155 0.3253609985113144 0.059559017419815063 0.04098603129386902
16.0 0.23433199524879456 0.10392399877309799 0.025160014629364014 0.04449699819087982
33.0 0.6496360003948212 0.8197390139102936 0.10505396127700806 0.03586298227310181
18.0 0.7619720101356506 0.7676399648189545 0.009714961051940918 0.01209801435470581
39.0 0.8436720371246338 0.6029109954833984 0.024973034858703613 0.06321597099304199
30.0 0.44997797906398773 0.36814798414707184 0.1260329782962799 0.02175399661064148
31.0 0.5323960185050964 0.35357101261615753 0.1588050127029419 0.021748989820480347
22.0 0.5777229964733124 0.34399300813674927 0.11967402696609497 0.028715014457702637
23.0 0.6194629967212677 0.328109011054039 0.07858699560165405 0.016097992658615112
