9 0.709340 0.362395 0.092169 0.202297
4 0.234451 0.278081 0.139668 0.281886
0 0.472003 0.665906 0.560623 0.219946
13 0.481037 0.484960 0.479945 0.309757
12 0.473259 0.201305 0.387297 0.126356
8 0.243411 0.350067 0.089845 0.202516
68 0.239498 0.202173 0.119771 0.094717
73 0.721923 0.519777 0.073745 0.125847
15 0.476202 0.269285 0.426613 0.158215
72 0.232787 0.510555 0.081518 0.135829
48 0.471991 0.740128 0.518216 0.060508
59 0.482904 0.537841 0.210245 0.072799
39 0.486355 0.462578 0.043357 0.057059
37 0.703495 0.734149 0.041121 0.019072
16 0.476991 0.137118 0.019520 0.077153
36 0.242455 0.727261 0.061099 0.036196
38 0.302466 0.574288 0.053781 0.021079
