9.0 0.700932751943804 0.44649406661221547 0.11547568452314683 0.21922503637998525
4.0 0.23025312501088696 0.2677496428947049 0.17226465964944404 0.3077234738072396
0.0 0.42756594970425466 0.7002094993768638 0.5909003264803929 0.33051803131081836
13.0 0.4566595966775962 0.5224339382165523 0.5192655053572063 0.4035025911820302
12.0 0.4800922693454487 0.23935701622557637 0.40539038289883284 0.20293547926070518
8.0 0.23136739819634386 0.3409874466691334 0.11315093927738713 0.21897716629301756
68.0 0.2437287604265688 0.19342332772014087 0.13150496915543838 0.11798026105146826
73.0 0.696287581471132 0.6052103815849497 0.08841983537118002 0.1396623377987417
15.0 0.47556697812333576 0.30741447691032675 0.44864281954324337 0.24242510905192516
72.0 0.20292369867844817 0.4981406943492713 0.09737741474110045 0.15112521442211385
48.0 0.4193653134711163 0.7738704231159564 0.530448667917321 0.16379098290011462
59.0 0.4527125380038743 0.575290629242808 0.22053104452220396 0.1143386263771135
39.0 0.4645039134691417 0.5012850107624323 0.05011696202428368 0.06530887377731769
37.0 0.6540114918257596 0.8142797594342878 0.04366602568788702 0.02716024426529688
16.0 0.4909456846211871 0.17640023405802155 0.028241204829670418 0.080479852961743
36.0 0.18878740822189813 0.7151509266626361 0.06574749835677729 0.04815456923010912
38.0 0.2663186251348526 0.5753425931420055 0.05668326544364594 0.03168648238329126
