4 0.145629 0.468490 0.217423 0.666953
2 0.639262 0.452496 0.455880 0.695502
8 0.803936 0.632092 0.392127 0.419299
7 0.856903 0.868940 0.285069 0.260387
12 0.604601 0.197354 0.789699 0.347209
35 0.740469 0.553473 0.106136 0.054658
15 0.962186 0.164710 0.075203 0.095357
64 0.638528 0.268173 0.340132 0.300600
40 0.145216 0.291731 0.094082 0.060818
65 0.895470 0.314770 0.208394 0.292902
68 0.143826 0.282762 0.101855 0.224821
53 0.467526 0.226494 0.085464 0.249604
46 0.873265 0.917115 0.245799 0.165770
24 0.648293 0.401771 0.423150 0.104853
16 0.954874 0.044604 0.090075 0.049442
19 0.862521 0.971118 0.049862 0.054566
51 0.463422 0.712762 0.451852 0.313670
55 0.751574 0.801303 0.125840 0.125423
