4.0 0.14562899991869926 0.46848999708890915 0.2174229994416237 0.666952982544899
2.0 0.6392620205879211 0.4524960070848465 0.4558800458908081 0.6955020129680634
8.0 0.8039360046386719 0.6320920139551163 0.3921269178390503 0.4192989766597748
7.0 0.8569029569625854 0.868939995765686 0.28506898880004883 0.26038694381713867
12.0 0.6046010032296181 0.19735400285571814 0.7896990031003952 0.347209008410573
35.0 0.7404689788818359 0.5534729659557343 0.10613596439361572 0.05465799570083618
15.0 0.9621859788894653 0.16471000015735626 0.0752030611038208 0.0953570008277893
64.0 0.6385280042886734 0.268172986805439 0.3401319682598114 0.30059997737407684
40.0 0.14521599933505058 0.29173098504543304 0.09408200532197952 0.060817986726760864
65.0 0.8954699635505676 0.3147699907422066 0.20839393138885498 0.29290197789669037
68.0 0.14382600039243698 0.28276199847459793 0.10185499489307404 0.22482101619243622
53.0 0.46752598881721497 0.226493988186121 0.08546394109725952 0.2496039792895317
46.0 0.8732650279998779 0.9171150028705597 0.24579906463623047 0.16576999425888062
24.0 0.6482929885387421 0.4017709940671921 0.4231500029563904 0.10485300421714783
16.0 0.9548740088939667 0.04460399970412254 0.09007495641708374 0.049442000687122345
19.0 0.8625209927558899 0.9711180031299591 0.049862027168273926 0.05456596612930298
51.0 0.463421992957592 0.7127620279788971 0.4518519788980484 0.31366997957229614
55.0 0.7515740096569061 0.8013029992580414 0.12584000825881958 0.12542301416397095
