7 0.185218 0.517910 0.154661 0.184922
2 0.655283 0.356118 0.246313 0.353301
4 0.420097 0.356308 0.274168 0.359141
10 0.177501 0.411174 0.234409 0.250487
8 0.810804 0.384254 0.306937 0.298207
7 0.777324 0.532938 0.143556 0.165918
13 0.912094 0.293092 0.096144 0.043211
1 0.067763 0.467221 0.114909 0.161001
6 0.138954 0.312117 0.213228 0.096288
0 0.906355 0.473118 0.113501 0.140922
14 0.327042 0.234538 0.184631 0.124246
12 0.541018 0.222558 0.544744 0.141617
35 0.734022 0.362219 0.046556 0.011715
35 0.506447 0.368341 0.051253 0.013077
40 0.322973 0.288106 0.054528 0.079406
70 0.057778 0.384413 0.071088 0.058012
55 0.799238 0.483285 0.130152 0.116419
49 0.284701 0.299164 0.048113 0.056746
17 0.169650 0.528212 0.008288 0.009008
64 0.652614 0.248216 0.169775 0.125770
68 0.448538 0.252112 0.205449 0.135368
24 0.657257 0.312498 0.220741 0.014386
61 0.038384 0.479030 0.044678 0.053152
57 0.174145 0.480517 0.164760 0.136583
51 0.493676 0.541808 0.425192 0.019092
19 0.182989 0.528369 0.015703 0.018956
44 0.273978 0.540719 0.024206 0.093631
72 0.941874 0.373926 0.046393 0.079948
53 0.554478 0.244416 0.040850 0.134643
17 0.178350 0.515030 0.007520 0.007323
20 0.329785 0.293969 0.035847 0.034882
65 0.766579 0.258187 0.087109 0.102556
26 0.447971 0.318962 0.195136 0.014385
29 0.265025 0.370768 0.021293 0.012822
17 0.790876 0.526589 0.007353 0.008480
17 0.192566 0.521840 0.006312 0.008202
28 0.148219 0.556021 0.005110 0.007400
46 0.785662 0.539863 0.093114 0.122830
28 0.813340 0.567328 0.004300 0.005654
46 0.181645 0.528269 0.106831 0.130925
17 0.192675 0.539783 0.006093 0.008788
17 0.777697 0.533199 0.006169 0.008730
17 0.788446 0.554940 0.006730 0.009478
17 0.178350 0.544030 0.008178 0.010106
16 0.734930 0.129710 0.070989 0.094444
17 0.797263 0.540557 0.007415 0.008148
17 0.776638 0.550201 0.005421 0.009312
19 0.785268 0.540446 0.013210 0.016907
