7.0 0.18521800264716148 0.5179099887609482 0.15466100722551346 0.1849220097064972
2.0 0.6552829742431641 0.35611799359321594 0.2463129758834839 0.3533009886741638
4.0 0.4200969934463501 0.3563079908490181 0.2741680145263672 0.3591409772634506
10.0 0.17750100418925285 0.4111739844083786 0.23440901190042496 0.25048699975013733
8.0 0.8108039796352386 0.38425400108098984 0.30693691968917847 0.29820699989795685
7.0 0.7773240208625793 0.5329380035400391 0.14355599880218506 0.1659179925918579
13.0 0.9120940268039703 0.2930919975042343 0.09614402055740356 0.043211013078689575
1.0 0.06776299886405468 0.4672210067510605 0.11490899696946144 0.16100099682807922
6.0 0.13895400241017342 0.31211699545383453 0.2132280096411705 0.09628799557685852
0.0 0.9063549637794495 0.47311799228191376 0.11350095272064209 0.14092198014259338
14.0 0.32704201340675354 0.2345379963517189 0.18463099002838135 0.12424598634243011
12.0 0.541018009185791 0.22255799919366837 0.5447440147399902 0.14161698520183563
35.0 0.7340220212936401 0.3622190058231354 0.04655599594116211 0.01171499490737915
35.0 0.5064470022916794 0.36834098398685455 0.05125299096107483 0.013076990842819214
40.0 0.32297299802303314 0.2881060019135475 0.05452796816825867 0.0794060081243515
70.0 0.057777997106313705 0.3844129890203476 0.07108799368143082 0.0580119788646698
55.0 0.7992379665374756 0.48328499495983124 0.13015198707580566 0.1164189875125885
49.0 0.28470100462436676 0.29916398227214813 0.04811301827430725 0.0567459762096405
17.0 0.16964999586343765 0.5282120108604431 0.008288010954856873 0.009007930755615234
64.0 0.6526139974594116 0.24821601063013077 0.16977500915527344 0.12577001750469208
68.0 0.44853799045085907 0.2521119937300682 0.20544901490211487 0.1353680044412613
24.0 0.6572570204734802 0.3124980032444 0.22074103355407715 0.014385998249053955
61.0 0.03838399983942509 0.4790299981832504 0.04467799887061119 0.053151994943618774
57.0 0.17414498701691628 0.4805170148611069 0.16475998610258102 0.13658300042152405
51.0 0.49367599189281464 0.541808009147644 0.4251920282840729 0.01909196376800537
19.0 0.1829889938235283 0.5283689796924591 0.015703007578849792 0.018956005573272705
44.0 0.27397800981998444 0.5407190322875977 0.0242060124874115 0.09363102912902832
72.0 0.9418739676475525 0.37392598390579224 0.04639303684234619 0.07994800806045532
53.0 0.5544779896736145 0.2444160059094429 0.040850043296813965 0.13464300334453583
17.0 0.17834999412298203 0.5150299966335297 0.007520005106925964 0.007322967052459717
20.0 0.3297850042581558 0.293968990445137 0.03584703803062439 0.03488197922706604
65.0 0.7665790021419525 0.2581870034337044 0.0871090292930603 0.10255603492259979
26.0 0.447970986366272 0.3189620077610016 0.1951359510421753 0.014384984970092773
29.0 0.26502498984336853 0.3707679957151413 0.02129298448562622 0.012822002172470093
17.0 0.7908760011196136 0.5265890061855316 0.007353007793426514 0.0084800124168396
17.0 0.19256599992513657 0.5218400061130524 0.0063119977712631226 0.008202016353607178
28.0 0.14821899682283401 0.5560210049152374 0.005110010504722595 0.0073999762535095215
46.0 0.7856620252132416 0.5398630052804947 0.0931139588356018 0.12283000349998474
28.0 0.8133400082588196 0.5673279762268066 0.0042999982833862305 0.005653977394104004
46.0 0.1816449984908104 0.5282690078020096 0.10683099925518036 0.1309250295162201
17.0 0.19267499446868896 0.5397830009460449 0.0060929954051971436 0.008787989616394043
17.0 0.7776969969272614 0.5331990122795105 0.006169021129608154 0.008730053901672363
17.0 0.7884460091590881 0.5549400150775909 0.0067299604415893555 0.00947803258895874
17.0 0.17835000157356262 0.5440299808979034 0.008177995681762695 0.010106027126312256
16.0 0.7349299788475037 0.12971000373363495 0.07098901271820068 0.09444400668144226
17.0 0.7972629964351654 0.5405569970607758 0.00741499662399292 0.008148014545440674
17.0 0.776638001203537 0.5502009987831116 0.005420982837677002 0.009312033653259277
19.0 0.7852680385112762 0.540446013212204 0.013209998607635498 0.016907036304473877
