5 0.701281 0.308659 0.089415 0.338414
15 0.373783 0.196941 0.392376 0.137053
66 0.643292 0.211314 0.073464 0.134095
67 0.594216 0.223754 0.032365 0.131602
46 0.604807 0.600305 0.044721 0.167891
3 0.653296 0.332166 0.102108 0.390069
11 0.740404 0.362474 0.054066 0.180011
56 0.620851 0.500089 0.044566 0.120536
9 0.525439 0.380352 0.250205 0.330540
7 0.577835 0.598453 0.108175 0.235391
7 0.736735 0.409914 0.049641 0.129837
0 0.323315 0.551496 0.538641 0.298104
13 0.290316 0.381690 0.442664 0.297349
12 0.501326 0.163604 0.411086 0.112134
35 0.712088 0.320713 0.012694 0.012842
35 0.645610 0.347378 0.020578 0.019442
54 0.671753 0.205709 0.040090 0.134290
41 0.744163 0.241563 0.054112 0.061133
69 0.692416 0.208508 0.064170 0.124939
58 0.760229 0.356963 0.010266 0.062361
72 0.069214 0.357769 0.019281 0.112470
73 0.450782 0.428789 0.154684 0.139757
59 0.210556 0.404751 0.156484 0.096929
25 0.649086 0.280156 0.081818 0.014005
46 0.751050 0.410660 0.016329 0.093862
47 0.579857 0.379361 0.026593 0.074485
27 0.710253 0.273825 0.040741 0.007491
8 0.078385 0.284131 0.033070 0.040161
52 0.685514 0.498399 0.107472 0.137641
19 0.602731 0.598648 0.007584 0.022519
39 0.192236 0.321177 0.030607 0.053964
16 0.414543 0.058623 0.039087 0.117247
38 0.092394 0.412239 0.024906 0.019897
