5.0 0.6690104398995019 0.34005631459544305 0.11876461986577454 0.33712765884237267
15.0 0.3702255645710324 0.17536328524753117 0.3852834564013605 0.2003586398847747
66.0 0.6239244755590151 0.23729860894141827 0.08306699711213364 0.14040114987274901
67.0 0.5762095457529128 0.2403075980801876 0.043906697841826485 0.13067048880658258
46.0 0.5482775219969898 0.5994958388301058 0.05926242670827795 0.1673175310786847
3.0 0.6212127814458669 0.35376176572175666 0.13598833165695748 0.3884151519575245
11.0 0.7006238525392682 0.3981297340218863 0.06933117774376721 0.18049228892883007
56.0 0.5735689732399664 0.5072811245080294 0.05434198606341179 0.12235703501425012
9.0 0.49531136288830246 0.3765703357637604 0.27019289960739046 0.35847085770525455
7.0 0.5229294338652646 0.592905041738385 0.1261395770564415 0.24273620720620914
7.0 0.6923681225199994 0.4424856487563529 0.06008413194854285 0.13209172761494165
0.0 0.2867054879605234 0.5027385186632409 0.5399894274701842 0.37938330625906846
13.0 0.27258237552561443 0.335704566346069 0.44905058952412663 0.3614673297673147
12.0 0.4943328122932539 0.16658789909259278 0.40048445015275147 0.18006718380803866
35.0 0.6780264600989054 0.3534304411987654 0.013312134908371244 0.014459961644351347
35.0 0.6124028594678008 0.36681829549051426 0.021441314775170025 0.022135240648280406
54.0 0.6514338868040246 0.23708067449143888 0.05149097096741959 0.13460535401530288
41.0 0.7163711218970323 0.28407700169848465 0.057391161229675164 0.06770320831968893
69.0 0.670713693787536 0.24343942264080043 0.07334523053602586 0.130047951319664
58.0 0.7199479446374577 0.3964533641885193 0.016005340382861753 0.061010938036034586
72.0 0.06567351293569906 0.2733844191154625 0.029591249669521744 0.11017237878316219
73.0 0.41974981758656826 0.40915082202104575 0.16052977592833428 0.16032860819203504
59.0 0.19474780221545152 0.3432925580506757 0.1579165315656634 0.12001382457826021
25.0 0.622470023887921 0.3036576304274875 0.0788699769194642 0.02795085149368717
46.0 0.7058450770980598 0.4457588057663252 0.02492074436013013 0.09198716565749415
47.0 0.5469295131009287 0.38538203765008666 0.03268447146706185 0.07544067500649251
27.0 0.6810158822261113 0.30861192310364916 0.03932521718594378 0.01440884289190827
8.0 0.08177899319454059 0.2051565191475094 0.035356294630909134 0.04403308982600411
52.0 0.6349566642820386 0.5172655205426401 0.11562025458468735 0.14986017189931677
19.0 0.5464791503709986 0.5975515786031158 0.009449905621125557 0.022726227818103923
39.0 0.18582880183769657 0.2607103315329564 0.03441596283200703 0.05668865423435473
16.0 0.42275687770188797 0.05527595656439234 0.04882335882964436 0.11055191312878468
38.0 0.08212742095708622 0.32922224509746795 0.02558458968767777 0.02334256748621934
