5 0.197043 0.392673 0.087123 0.395790
3 0.155018 0.350054 0.079036 0.309487
52 0.190960 0.546448 0.106733 0.143602
63 0.598820 0.489945 0.230914 0.092834
66 0.165719 0.251183 0.046819 0.097818
29 0.228591 0.409556 0.011596 0.016439
11 0.296102 0.457834 0.151768 0.285468
30 0.331955 0.322150 0.114475 0.014442
7 0.144535 0.468291 0.054252 0.133537
7 0.294810 0.631523 0.105154 0.247102
9 0.126278 0.368211 0.031825 0.211340
1 0.510868 0.607449 0.467862 0.268202
6 0.492694 0.400792 0.444887 0.176521
12 0.356092 0.246609 0.442183 0.148243
14 0.405313 0.262204 0.341973 0.141245
35 0.161771 0.364734 0.011759 0.014643
50 0.241016 0.328519 0.014530 0.063887
35 0.125385 0.334229 0.008760 0.010112
69 0.203192 0.257478 0.053533 0.117672
41 0.197407 0.311008 0.084388 0.092991
58 0.252307 0.542963 0.037343 0.124926
56 0.117418 0.404360 0.010828 0.055670
71 0.414775 0.500422 0.183391 0.111028
70 0.723405 0.453754 0.021925 0.078283
46 0.126885 0.468673 0.015606 0.095881
46 0.270244 0.635811 0.043915 0.171423
59 0.637713 0.584671 0.146497 0.104739
60 0.615432 0.633808 0.243175 0.143478
62 0.435976 0.670258 0.169838 0.075861
21 0.186494 0.310151 0.061022 0.036362
40 0.569647 0.291842 0.025932 0.024063
18 0.501047 0.616090 0.018961 0.022968
39 0.624742 0.490741 0.034415 0.055674
23 0.501299 0.312436 0.084392 0.012239
22 0.464149 0.313966 0.120166 0.011627
31 0.411748 0.319474 0.147914 0.010403
