5.0 0.228771205815382 0.4331168907237563 0.143234759385821 0.42652232141717333
3.0 0.18463190152649195 0.4004695139505647 0.12159964407395595 0.3363367718207836
52.0 0.24929403670252753 0.5916586856568674 0.11805249266405529 0.1741604229956078
63.0 0.5985708861594673 0.428610760349822 0.2187491844207807 0.15441973940814252
66.0 0.17740943363758252 0.29677948982413427 0.057644147151539184 0.11194625673638009
29.0 0.2593638712481874 0.4422002396652703 0.012966705212424661 0.01977640867651092
11.0 0.326874732400349 0.47403990991536893 0.18153871927119064 0.33060900853522057
30.0 0.3355837573297332 0.3262739212099122 0.10313068362085867 0.044316762833296025
7.0 0.19530460084872034 0.5238716144649381 0.07019277987949891 0.15032779554431536
7.0 0.3549627837702679 0.6516717504514312 0.13407821713788712 0.279403102595115
9.0 0.16240512338948027 0.42642878026280956 0.06355530949776861 0.22395340331485544
1.0 0.5409728100791593 0.5712787749320258 0.456693352685852 0.39464731085583415
6.0 0.4902138718418641 0.3650229884515887 0.4210567416080899 0.29512570707150787
12.0 0.3441060601747027 0.2429274692512502 0.41392010220189496 0.2655615380916278
14.0 0.3900284942619321 0.24613022829006523 0.32459047274227953 0.23252881412359042
35.0 0.19304236914142686 0.41370990353585146 0.012807902653613729 0.01798519482414257
50.0 0.2566586882227627 0.35626938489891774 0.023531177848900454 0.06896832838737522
35.0 0.15590182108891307 0.3919713753059112 0.009407382241712222 0.01258525672059265
69.0 0.2114326576161067 0.293524098736237 0.0668908620083379 0.13394733974974718
41.0 0.21535060593050492 0.3496609588869518 0.0898804489401653 0.11672492341575814
58.0 0.3026730353822047 0.5722522286992027 0.05386945321264619 0.1371693261235881
56.0 0.16069357203329926 0.46561789326067843 0.018892057070788486 0.05962420066823004
71.0 0.438434092467616 0.486853577877238 0.18000571641906732 0.1607141852257953
70.0 0.7020757362019577 0.35948114519421676 0.03245864100603427 0.08557398179018469
46.0 0.17984262841029092 0.5288214292100532 0.029860940775455234 0.10190509016149861
46.0 0.3340741917416233 0.662395478665184 0.06747424375999225 0.1863304526316683
59.0 0.6487225220890918 0.5152570361352701 0.14649283693745863 0.14476288672586812
60.0 0.637390174902531 0.5711713233283793 0.2380561094387687 0.2092836693832584
62.0 0.4856603556636916 0.6547412703645056 0.16216636096062123 0.12131502544534553
21.0 0.20560652169251484 0.35160552063056444 0.05979769014289907 0.052882649624535594
40.0 0.5395757448860087 0.23392827810331998 0.026860472965542784 0.031262556679493944
18.0 0.533787439461289 0.5826366085701059 0.020544051050332447 0.028343882802099495
39.0 0.6215077643887696 0.4227263337115827 0.03964165063737236 0.06572197642471403
23.0 0.4829168558442497 0.2726079482981634 0.07629679656390664 0.03429604653705953
22.0 0.4504944084955748 0.28376746587653773 0.10766331236474382 0.042913579180554114
31.0 0.4053253540525547 0.30292773671235057 0.13186655518055565 0.048832843777168754
