3 0.434271 0.410008 0.247920 0.359562
5 0.648019 0.406877 0.233778 0.349923
11 0.825166 0.456375 0.156233 0.218717
7 0.815683 0.549927 0.119110 0.153086
7 0.280871 0.604440 0.154338 0.188291
9 0.234985 0.437247 0.386339 0.315370
0 0.127114 0.532198 0.195797 0.173149
6 0.829351 0.369601 0.147982 0.076185
13 0.101662 0.342766 0.130967 0.124425
47 0.211692 0.415320 0.048509 0.060088
66 0.440758 0.301093 0.180285 0.127090
46 0.282482 0.610680 0.111248 0.133368
29 0.779793 0.421461 0.015329 0.011137
52 0.569394 0.586411 0.388788 0.044855
19 0.825352 0.553779 0.009868 0.015292
17 0.827281 0.541666 0.005445 0.004845
35 0.586446 0.419120 0.042760 0.011573
1 0.895498 0.502513 0.046432 0.119261
35 0.362499 0.413859 0.050445 0.011573
12 0.506260 0.274694 0.529022 0.158493
15 0.225876 0.268484 0.173735 0.111051
41 0.732952 0.347709 0.041774 0.071280
54 0.536315 0.297917 0.041948 0.135379
50 0.763851 0.360518 0.030665 0.045872
17 0.818433 0.553703 0.002949 0.006813
69 0.626552 0.305733 0.188367 0.140106
56 0.283126 0.540549 0.184344 0.116318
67 0.314446 0.302232 0.098656 0.109252
58 0.845006 0.509453 0.084165 0.105904
46 0.826369 0.554108 0.074025 0.108552
73 0.081081 0.420931 0.085495 0.104500
71 0.900525 0.430703 0.025332 0.046140
17 0.831364 0.564302 0.005445 0.006813
21 0.740307 0.355028 0.020956 0.033670
27 0.635141 0.373676 0.177347 0.016576
25 0.432860 0.361114 0.228767 0.022533
17 0.834654 0.548177 0.006352 0.006662
17 0.820872 0.566876 0.002609 0.007722
17 0.272623 0.603081 0.007455 0.007410
17 0.288365 0.595936 0.007375 0.007728
19 0.283644 0.610559 0.015767 0.018320
16 0.285970 0.151471 0.075273 0.111618
17 0.288246 0.626317 0.008248 0.009845
17 0.297525 0.610809 0.007455 0.008680
17 0.273178 0.622241 0.007455 0.009739
