3.0 0.604695150048448 0.37040944039581714 0.2552879201534774 0.3830411900920673
5.0 0.4019606260105112 0.3877166766578393 0.24134081070101757 0.37205605284763255
11.0 0.23688921462729448 0.4541207092150509 0.16043064712110047 0.233517866403553
7.0 0.25116983244064633 0.5467076959656828 0.12153729371307637 0.16437857552546
7.0 0.7610668760613445 0.5500536594370191 0.15691309777309953 0.20292970612322236
9.0 0.795089047352797 0.3785778351492093 0.38395913352333716 0.3521108970761162
0.0 0.9025067118732679 0.4631561348114189 0.19498657625346416 0.19176099821967185
6.0 0.2280127515334461 0.3678009765320186 0.14454577366509572 0.09028592249845306
13.0 0.9160852965479204 0.2714088439699673 0.13115151391463997 0.1368690739614937
47.0 0.8159216612345841 0.3544374904034982 0.049369714761806544 0.0646884077800155
66.0 0.5923842247731876 0.2621825826093736 0.17803831482218158 0.14424765738390616
46.0 0.759893290943488 0.556443808815357 0.11297097841202468 0.14392122525260864
29.0 0.27791093502813574 0.414890406011592 0.015156645160933995 0.012595621436529014
52.0 0.4866291097551834 0.5596213957512052 0.3709714831471401 0.0819987772795809
19.0 0.2422250267848642 0.5514817052949905 0.010216763891179472 0.01622592469044858
17.0 0.23971155869534205 0.5395607155413902 0.00543410927273257 0.005362534298685029
35.0 0.4610028259463767 0.394065088394344 0.04117618973861871 0.015654018138174366
1.0 0.17285035422311693 0.5069543282727922 0.050750020498995546 0.12362592717307844
35.0 0.6729274329030559 0.3673959438912705 0.048458906285180396 0.01638878211209376
12.0 0.5288176755213224 0.2420626481108715 0.5102943612283765 0.208973549552635
15.0 0.7941707993462865 0.20904920792727938 0.17092357606062383 0.12759242148108643
41.0 0.3181259268121333 0.33670596502836353 0.04362065360651617 0.07522948844761147
54.0 0.5016503697681849 0.2681446988916155 0.04741295558447651 0.1393051560275302
50.0 0.2895695072468582 0.3524612293874249 0.03165542894154015 0.04877527485529134
17.0 0.24877750950156421 0.5507442332758956 0.00318015329474458 0.007090691464100272
69.0 0.41657995383544755 0.2845833292351371 0.1864337327747027 0.15802820540353765
56.0 0.7553143160867234 0.48641809409804393 0.18127523373897048 0.13387043750556582
67.0 0.7121476793864705 0.25124425679160006 0.09967347995233553 0.11861627107942681
58.0 0.2210915884074699 0.5090624858169628 0.08575172279164732 0.11388488062232992
46.0 0.24127994218755114 0.55190773219329 0.07629238916454412 0.11556171038228862
73.0 0.9400121553024765 0.34755732609250045 0.08693259998919814 0.11260892549882764
71.0 0.16402281033795907 0.43566974585203994 0.02661685006604036 0.04853318088927718
17.0 0.23712328836810054 0.5625729646048687 0.005545423552296995 0.007329327056014486
21.0 0.3115702020282892 0.3447236068290841 0.02176422756557623 0.03565262103223803
27.0 0.4122855859008651 0.35330514911992483 0.169000106665496 0.03352171038234058
25.0 0.6032653529902433 0.32141102734144245 0.218065114074082 0.04439123107705005
17.0 0.23309302266263743 0.546772584703996 0.006396454176909571 0.007265166410919527
17.0 0.24721164347711708 0.5641422228138392 0.0029094102909485286 0.007966649095766234
17.0 0.7688061230010087 0.5479069382391635 0.0074840199914289465 0.008118134051225996
17.0 0.7534839470082837 0.5422714308287176 0.0074262168726850555 0.008428338291312865
19.0 0.7587852868251704 0.5564339842018313 0.015978235681397262 0.019816065808125557
16.0 0.7306012521868965 0.0978547480579904 0.07764856129061219 0.11874518126632186
17.0 0.7553160120347707 0.5726221516112394 0.008373282471226085 0.010627459879496773
17.0 0.7456451981286192 0.5580109602548297 0.007555885806738919 0.009387278393870872
17.0 0.769364407821606 0.5671080252822627 0.007615817835577256 0.010445673056412726
