4 0.205461 0.312976 0.123828 0.366345
10 0.132208 0.340649 0.047191 0.152929
8 0.451741 0.386269 0.337584 0.358641
2 0.282507 0.337029 0.140230 0.416925
7 0.146208 0.411961 0.061239 0.144812
35 0.306135 0.353096 0.030319 0.020585
44 0.163108 0.439084 0.042180 0.082202
7 0.384148 0.615556 0.131952 0.252147
0 0.636786 0.570340 0.500992 0.301718
13 0.681105 0.397200 0.395480 0.295893
12 0.417058 0.158685 0.446014 0.106258
68 0.215110 0.201744 0.092669 0.130495
35 0.201321 0.321050 0.020064 0.014863
15 0.579698 0.205334 0.372155 0.139815
53 0.251312 0.199047 0.049194 0.140891
26 0.197986 0.270354 0.068007 0.010326
24 0.291437 0.280842 0.120771 0.023159
51 0.235928 0.513107 0.164718 0.148878
40 0.147176 0.235729 0.066401 0.060977
65 0.371778 0.223580 0.045246 0.138838
64 0.294712 0.208039 0.103555 0.145057
55 0.338665 0.517862 0.068692 0.127936
57 0.119250 0.360734 0.017015 0.075395
72 0.559771 0.443472 0.168220 0.139481
46 0.131058 0.413509 0.024771 0.101171
46 0.360059 0.620597 0.067100 0.177024
73 0.876734 0.372077 0.014779 0.105333
59 0.776906 0.418759 0.118812 0.093486
19 0.361716 0.618733 0.009683 0.024518
29 0.139117 0.297905 0.008252 0.012332
39 0.796865 0.336934 0.024696 0.053621
16 0.546282 0.061551 0.060825 0.123102
38 0.667871 0.489035 0.045690 0.022460
