4.0 0.19505670455833599 0.3423258058370479 0.15033490346135273 0.38993561816911904
10.0 0.12105432333265877 0.3787767577861454 0.05810626804436872 0.1622840754659671
8.0 0.45401831115310654 0.39066242405831597 0.3707405376615369 0.4054234678208164
2.0 0.27613869145448255 0.35860227592711225 0.17037349425866707 0.4436966669167383
7.0 0.13987752660179106 0.45050904939961384 0.07212628579865983 0.15548277724496226
35.0 0.30153537358013704 0.3725224124329528 0.03258663265865659 0.024468200194587755
44.0 0.1589975747284052 0.47652461638836524 0.04860722064779061 0.08907139430875191
7.0 0.3981822289300274 0.6336294619480799 0.15175249450157693 0.27349940537601286
0.0 0.6564732385905294 0.5595153004389491 0.5361140011424338 0.3648320755205341
13.0 0.6916904222746446 0.3767811269445216 0.42673146540603196 0.34729565011786034
12.0 0.4042755989135055 0.1606426107765691 0.46736287378088 0.15799959033795147
68.0 0.19823132036705837 0.22699098279924804 0.10372855681593217 0.1442147596061845
35.0 0.19127208899627865 0.35107419228100833 0.021640421275777727 0.017466769945355478
15.0 0.5751832601664666 0.19076274036121868 0.3930937930351265 0.1843892726729915
53.0 0.23547444324351782 0.2202565795717093 0.05944048677704108 0.1501356805481849
26.0 0.1847286883701713 0.29935487819642975 0.07090320165479624 0.018054513787340333
24.0 0.28193336197397806 0.29989871947478375 0.12620885185901162 0.03701576802446506
51.0 0.23876573194505368 0.5446023199500345 0.1793006468548034 0.17098945514325847
40.0 0.1301107414893425 0.2693444531439621 0.07233828622416649 0.06991687851258273
65.0 0.3614520768213401 0.23227239027403293 0.055235588887927636 0.14759419178593067
64.0 0.2808695048749215 0.22474323764815365 0.11586686651064326 0.16036743812437612
55.0 0.34521546906598427 0.5382395252187064 0.07879651519246612 0.13896058316920087
57.0 0.10889179263333461 0.4008305301293732 0.022188095285965163 0.07932274035865383
72.0 0.5691417302820209 0.43760453631269086 0.18234521026067446 0.1617185066906283
46.0 0.12431744576959289 0.4537581365188668 0.0317772529524764 0.10665387833935087
46.0 0.3735988034329895 0.6414459030193672 0.08015057498836758 0.18921870629378082
73.0 0.8923009990833971 0.32955178106224625 0.02170679411711414 0.10983595725607123
59.0 0.7919997155257136 0.38844189430279547 0.1284813136780979 0.10905438632381385
19.0 0.3751970958877009 0.6393494532951943 0.011503471911104981 0.026249581116545153
29.0 0.1255819769430579 0.3341056534445235 0.009280323013292957 0.013573233864308682
39.0 0.8076244010842974 0.30219069795437464 0.028794647214048914 0.05779340886509821
16.0 0.5318696182307127 0.05663339342760197 0.07037211539100137 0.11326678685520394
38.0 0.6836262547782597 0.4725801918780034 0.04858416964093815 0.028077471723106727
