2 0.735016 0.355841 0.070575 0.377075
4 0.686119 0.408640 0.089337 0.478538
7 0.594588 0.725911 0.091486 0.288632
8 0.765566 0.359557 0.039305 0.273219
10 0.586167 0.512924 0.159043 0.324801
12 0.601902 0.250704 0.310923 0.219165
7 0.754819 0.471344 0.045097 0.162520
6 0.410835 0.461394 0.399987 0.265705
1 0.392834 0.720314 0.409862 0.336665
14 0.499761 0.278226 0.307030 0.193686
53 0.708742 0.241008 0.025706 0.145772
35 0.723413 0.376650 0.011579 0.021571
49 0.639635 0.359489 0.017081 0.076470
35 0.764490 0.323215 0.008006 0.018171
65 0.748363 0.227883 0.026335 0.090250
40 0.682243 0.333175 0.077783 0.111566
68 0.682923 0.265808 0.060152 0.178583
64 0.726971 0.239891 0.048380 0.131548
46 0.767009 0.471095 0.014292 0.106377
55 0.776021 0.401413 0.012953 0.071623
57 0.626787 0.616207 0.036110 0.130111
46 0.608504 0.732134 0.046041 0.190142
71 0.210552 0.528927 0.015869 0.102312
70 0.470612 0.603993 0.163818 0.143334
63 0.311958 0.606452 0.207250 0.157503
60 0.299835 0.767135 0.201769 0.183486
59 0.279610 0.713258 0.119915 0.136770
41 0.367849 0.290620 0.018446 0.026348
51 0.698220 0.594435 0.115777 0.210979
62 0.200905 0.704752 0.010105 0.069359
20 0.690747 0.334714 0.059948 0.048442
61 0.461553 0.804319 0.133451 0.115859
24 0.738810 0.292257 0.039381 0.047460
29 0.649563 0.459801 0.010229 0.022102
21 0.367776 0.290339 0.018446 0.026348
39 0.285402 0.610451 0.028880 0.066111
19 0.611192 0.731979 0.006946 0.023667
26 0.715753 0.316570 0.011713 0.013583
32 0.471259 0.791562 0.080246 0.052028
16 0.648593 0.123075 0.009070 0.038818
18 0.194961 0.650189 0.006503 0.023536
31 0.415145 0.342533 0.087851 0.035598
30 0.373482 0.336475 0.047729 0.023863
23 0.505477 0.357022 0.099205 0.030122
22 0.452019 0.352131 0.090387 0.019951
