2.0 0.7603345744950915 0.3311950905593856 0.08871533889242869 0.3970333575336453
4.0 0.7067001938831499 0.3796541637729782 0.11234566046050883 0.5038389977238233
7.0 0.5980952251078697 0.6954005229432095 0.10748158884468448 0.30845646358908124
8.0 0.7924655870822115 0.33873144366384783 0.05178261793321288 0.2862441437196577
10.0 0.5972011413860469 0.4749567186892553 0.1802021320424411 0.3539181775986476
12.0 0.6236731238601254 0.20672452255948076 0.3366678214934862 0.2635257545074843
7.0 0.7769138442012031 0.452591283728833 0.0537423142030741 0.17290383191571435
6.0 0.4139301134750936 0.40058835306606055 0.4324963693995367 0.3222822799552836
1.0 0.3851884731310911 0.6651458024813643 0.44559321124268025 0.3965846567195062
14.0 0.5147455524632295 0.22268027030509638 0.33159841244005483 0.23680444804397116
53.0 0.7368947051333443 0.20970369383991314 0.032629961554930656 0.1532961604560232
35.0 0.7472963584503384 0.35122438701928793 0.013041532481642642 0.02362815310858426
49.0 0.6594445872945633 0.3233760846299993 0.02091570897816761 0.08085353317690079
35.0 0.792694254274939 0.30116090481405383 0.00913950613952475 0.019691711850802093
65.0 0.7792402899723528 0.20099130281165392 0.031208613779987692 0.09617308957350883
40.0 0.7054408364794884 0.3014387914867318 0.08635497685813069 0.12437778973482949
68.0 0.7086898942347287 0.23211906098835072 0.07024859849911773 0.19127944357197213
64.0 0.7561923506600181 0.21076556133131363 0.05604659747767149 0.14139458841819097
46.0 0.7897997345917986 0.4538143664959976 0.019093244802990437 0.11132560789789737
55.0 0.8019370733623772 0.3831209979486861 0.01637315210558635 0.07535905915372058
57.0 0.6362289241560085 0.5862904408901142 0.043031646966785124 0.13842489081637363
46.0 0.6125611953721453 0.7035006262579476 0.05577710271958068 0.20147480533283782
71.0 0.1998299814819384 0.4458515708633401 0.020606279109907484 0.10732916548661643
70.0 0.4717168132768247 0.5547511801328595 0.17842898677103278 0.16754832899072167
63.0 0.3040348907966842 0.5380272214800242 0.22483938629535524 0.1874171510475456
60.0 0.2851927757836126 0.7020932468623682 0.22002579564546076 0.21351977799032634
59.0 0.2658526642780896 0.6441336565036434 0.13180671745316552 0.15545723148413892
41.0 0.37493851114823223 0.21943741371496797 0.020474672634175684 0.029382956860298008
51.0 0.7125030125128541 0.5725311338351383 0.13022348749683818 0.2314058264148178
62.0 0.18303447356600058 0.6258175711982834 0.013279715485337486 0.0726809827566219
20.0 0.7143660102071632 0.3040564868746589 0.06514410566095373 0.057181920312604106
61.0 0.45462202196853657 0.7600297795466537 0.14531958800767295 0.13555742681755809
24.0 0.7667309169380128 0.2661506127124384 0.043381923708288354 0.05367384829080265
29.0 0.6661633324382934 0.4279237270950261 0.011635335928248764 0.02401130919191304
21.0 0.374871971111372 0.21913905904237854 0.020474672634175684 0.02938295686029805
39.0 0.27583300789798926 0.5389237326002002 0.03299012739735484 0.07161376411572437
19.0 0.6154064296170022 0.7036672405152318 0.008226326068153279 0.025225094771982898
26.0 0.7414619485999329 0.2883995213311276 0.012882924912358837 0.015415103862387602
32.0 0.4653539027984581 0.748065466646963 0.0867200299542704 0.06334005891505816
16.0 0.6777884628500376 0.08090694027534213 0.0110390756339667 0.04109165018685417
18.0 0.17880544961856154 0.5688846742561291 0.007753412796960006 0.025036411357842427
31.0 0.4229480685389143 0.2786595068090553 0.09413611191482309 0.047336682789865955
30.0 0.3791661399222856 0.2673614932023194 0.05131361592886402 0.03037721036397452
23.0 0.5178233527527057 0.30455062928079013 0.10592395986604496 0.04307342080055707
22.0 0.46153830993791833 0.2930232145013429 0.09622719681600198 0.03152479114408063
