8.0 0.5642530024051666 0.45617300271987915 0.4208030104637146 0.23619401454925537
35.0 0.8611700236797333 0.374116986989975 0.020160019397735596 0.014760017395019531
35.0 0.7425360083580017 0.42138300836086273 0.032344937324523926 0.019735008478164673
0.0 0.3289809823036194 0.6168520152568817 0.6572480201721191 0.2166239619255066
64.0 0.7443990111351013 0.3125390037894249 0.12800800800323486 0.12677599489688873
55.0 0.7159999907016754 0.5391390025615692 0.06610196828842163 0.07936400175094604
7.0 0.6686819791793823 0.6136329770088196 0.13563203811645508 0.18647396564483643
53.0 0.7950940132141113 0.2925659865140915 0.06705796718597412 0.1027279794216156
4.0 0.8488040268421173 0.3693609982728958 0.15223199129104614 0.2576970160007477
65.0 0.6585149765014648 0.3295170068740845 0.054605960845947266 0.11252599954605103
57.0 0.9517049789428711 0.3671640008687973 0.019140005111694336 0.020375996828079224
2.0 0.7629950046539307 0.39496199786663055 0.17320704460144043 0.30746498703956604
10.0 0.9344339966773987 0.38317500054836273 0.05314505100250244 0.11779698729515076
12.0 0.4940450191497803 0.29762399941682816 0.7424089908599854 0.1430160254240036
15.0 0.37411898374557495 0.33173200488090515 0.49480700492858887 0.12556302547454834
7.0 0.9350470006465912 0.42072199285030365 0.07776504755020142 0.09764799475669861
13.0 0.2591859996318817 0.48880399763584137 0.5175209641456604 0.2436259686946869
41.0 0.9195809960365295 0.30369800329208374 0.08418500423431396 0.04477798938751221
68.0 0.8341899812221527 0.2920220047235489 0.1147260069847107 0.09246602654457092
46.0 0.6899480223655701 0.6176240146160126 0.07023894786834717 0.12726205587387085
72.0 0.4383390247821808 0.5370229929685593 0.21657103300094604 0.09612300992012024
17.0 0.6746949851512909 0.6278579831123352 0.009851992130279541 0.00727999210357666
73.0 0.0035290122032165527 0.5007309913635254 0.006802082061767578 0.020323991775512695
59.0 0.13961395621299744 0.5198879837989807 0.17197197675704956 0.0811079740524292
46.0 0.9355199933052063 0.4247809946537018 0.05353200435638428 0.07133203744888306
26.0 0.8606390058994293 0.3348890095949173 0.07422000169754028 0.02220103144645691
51.0 0.829136997461319 0.5117080211639404 0.17688804864883423 0.14001798629760742
24.0 0.7543039917945862 0.36195698380470276 0.14225494861602783 0.04048401117324829
17.0 0.6903689801692963 0.6112399697303772 0.008956968784332275 0.006801009178161621
17.0 0.6853789985179901 0.600320041179657 0.011004030704498291 0.009865999221801758
38.0 0.2973739802837372 0.5716570019721985 0.06568402051925659 0.017071008682250977
39.0 0.10615500807762146 0.4589879959821701 0.033484041690826416 0.03973403573036194
17.0 0.6849310100078583 0.6273790001869202 0.01010805368423462 0.007470965385437012
17.0 0.6753619909286499 0.6095699667930603 0.005964040756225586 0.005609035491943359
16.0 0.42201799154281616 0.22923599928617477 0.05754196643829346 0.054774001240730286
19.0 0.6797899901866913 0.6147760152816772 0.010286986827850342 0.017325997352600098
