4 0.575381 0.261536 0.181953 0.407039
2 0.691170 0.207917 0.103787 0.294548
10 0.339247 0.332065 0.362689 0.277890
8 0.710994 0.230552 0.098822 0.220770
7 0.366587 0.509704 0.134873 0.217994
6 0.215750 0.272167 0.431500 0.223935
7 0.691118 0.313100 0.083339 0.111579
1 0.188437 0.549105 0.376874 0.234004
14 0.272105 0.117640 0.544209 0.190991
12 0.362020 0.105752 0.724039 0.193424
35 0.653907 0.236633 0.022713 0.017692
35 0.727167 0.201941 0.015334 0.012899
49 0.491833 0.206804 0.033704 0.069747
40 0.580957 0.189654 0.151165 0.099433
29 0.503237 0.298253 0.021067 0.018833
68 0.586751 0.135727 0.112453 0.141937
64 0.675366 0.124226 0.068119 0.112756
55 0.734741 0.260692 0.020577 0.048591
53 0.645752 0.121464 0.025047 0.124606
65 0.712107 0.124061 0.032588 0.077259
57 0.447512 0.429933 0.078316 0.104696
46 0.710522 0.313679 0.031507 0.077523
70 0.136119 0.423024 0.272238 0.129696
51 0.581308 0.404508 0.217486 0.159873
24 0.687950 0.173398 0.070495 0.029375
26 0.649854 0.186361 0.014191 0.006978
20 0.596616 0.193836 0.118770 0.041076
61 0.108286 0.595361 0.216572 0.071606
16 0.554402 0.019871 0.016284 0.021708
23 0.174907 0.177703 0.139354 0.035878
31 0.054884 0.163976 0.109432 0.026552
22 0.117048 0.173751 0.187147 0.032765
