56 0.254621 0.562777 0.168668 0.149003
5 0.611923 0.388514 0.249960 0.442222
1 0.900988 0.522539 0.071954 0.165079
9 0.216637 0.435124 0.337668 0.377693
7 0.807766 0.576880 0.133495 0.219954
13 0.108974 0.292012 0.113293 0.068574
35 0.540178 0.406519 0.044600 0.013220
69 0.589279 0.260541 0.191525 0.171105
67 0.276300 0.265759 0.090367 0.137268
50 0.733714 0.322223 0.040157 0.067717
46 0.255564 0.641677 0.095508 0.152293
52 0.540001 0.620409 0.401842 0.045230
11 0.818073 0.451795 0.186806 0.295389
41 0.701763 0.307535 0.047214 0.096870
3 0.393072 0.392526 0.248762 0.451369
0 0.118380 0.555281 0.147271 0.191639
15 0.210220 0.232582 0.136519 0.132566
12 0.475394 0.220593 0.539093 0.187502
6 0.822848 0.327016 0.198938 0.117955
35 0.317382 0.403263 0.048274 0.014669
7 0.257927 0.629823 0.146306 0.239096
66 0.395464 0.255344 0.171063 0.162449
54 0.492335 0.252249 0.042974 0.169691
62 0.922187 0.533439 0.012980 0.055764
73 0.077115 0.418535 0.060772 0.114983
46 0.814717 0.588500 0.081981 0.139671
71 0.906509 0.417300 0.039962 0.066378
47 0.180626 0.406967 0.041404 0.067139
21 0.701016 0.316728 0.028540 0.039936
58 0.838556 0.527833 0.094141 0.151431
48 0.062870 0.587301 0.015493 0.031254
27 0.591014 0.343929 0.181352 0.013894
25 0.389442 0.335378 0.221471 0.015925
29 0.752406 0.405754 0.018429 0.015048
19 0.814705 0.589418 0.010274 0.018810
16 0.296527 0.116950 0.042239 0.074137
19 0.256335 0.643096 0.012231 0.021415
33 0.922697 0.520529 0.006523 0.019679
