56.0 0.7453789710998535 0.5627770125865936 0.16866803169250488 0.14900296926498413
5.0 0.3880769908428192 0.3885139897465706 0.2499600052833557 0.4422219842672348
1.0 0.09901198744773865 0.5225390195846558 0.07195407152175903 0.1650789976119995
9.0 0.78336301445961 0.435124009847641 0.3376680016517639 0.3776929974555969
7.0 0.19223394989967346 0.5768799930810928 0.133495032787323 0.2199539840221405
13.0 0.8910259902477264 0.2920120060443878 0.11329299211502075 0.06857401132583618
35.0 0.45982199907302856 0.40651899576187134 0.04460000991821289 0.013220012187957764
69.0 0.4107210338115692 0.26054100692272186 0.19152504205703735 0.17110499739646912
67.0 0.7236999869346619 0.2657589986920357 0.09036695957183838 0.13726799190044403
50.0 0.2662859857082367 0.3222229927778244 0.0401570200920105 0.06771698594093323
46.0 0.7444359958171844 0.6416769921779633 0.09550803899765015 0.15229302644729614
52.0 0.4599990248680115 0.6204090118408203 0.40184199810028076 0.04523003101348877
11.0 0.18192699551582336 0.4517950117588043 0.18680602312088013 0.29538899660110474
41.0 0.29823702573776245 0.30753500759601593 0.04721403121948242 0.09687003493309021
3.0 0.6069279909133911 0.3925259932875633 0.24876201152801514 0.4513690024614334
0.0 0.8816199898719788 0.555281013250351 0.1472710371017456 0.1916390061378479
15.0 0.7897799909114838 0.23258201032876968 0.13651901483535767 0.13256601989269257
12.0 0.5246059894561768 0.22059301286935806 0.539093017578125 0.18750201165676117
6.0 0.17715200781822205 0.3270160108804703 0.19893795251846313 0.11795499920845032
35.0 0.6826179921627045 0.40326300263404846 0.04827398061752319 0.01466900110244751
7.0 0.7420729994773865 0.6298229992389679 0.14630591869354248 0.23909598588943481
66.0 0.6045360267162323 0.2553440034389496 0.17106300592422485 0.16244900226593018
54.0 0.5076650083065033 0.25224900990724564 0.04297405481338501 0.16969101130962372
62.0 0.07781299948692322 0.5334390103816986 0.01297992467880249 0.05576401948928833
73.0 0.922885000705719 0.4185349941253662 0.060772061347961426 0.11498302221298218
46.0 0.18528297543525696 0.5884999930858612 0.08198100328445435 0.13967102766036987
71.0 0.09349101781845093 0.4173000007867813 0.039961934089660645 0.06637802720069885
47.0 0.8193739950656891 0.40696699917316437 0.04140394926071167 0.06713899970054626
21.0 0.29898399114608765 0.31672799587249756 0.02854001522064209 0.03993600606918335
58.0 0.16144397854804993 0.5278329849243164 0.09414106607437134 0.15143096446990967
48.0 0.9371300041675568 0.5873009860515594 0.01549297571182251 0.03125399351119995
27.0 0.40898600220680237 0.3439290076494217 0.18135207891464233 0.013893991708755493
25.0 0.6105579733848572 0.3353779911994934 0.22147095203399658 0.01592499017715454
29.0 0.24759402871131897 0.4057539999485016 0.0184289813041687 0.015047967433929443
19.0 0.1852949559688568 0.5894179940223694 0.010273993015289307 0.018810033798217773
16.0 0.7034729719161987 0.11695000156760216 0.04223895072937012 0.07413700968027115
19.0 0.7436650097370148 0.643095999956131 0.012231051921844482 0.02141493558883667
33.0 0.07730302214622498 0.5205290019512177 0.006522953510284424 0.019679009914398193
