10 0.200377 0.370971 0.046847 0.210282
4 0.272708 0.331884 0.122136 0.450215
7 0.214732 0.441961 0.058706 0.177989
2 0.352297 0.370500 0.142177 0.526620
13 0.747699 0.471864 0.374492 0.419255
8 0.521753 0.444462 0.365584 0.447015
0 0.700047 0.694117 0.475092 0.416884
12 0.476548 0.148125 0.433096 0.151371
35 0.269527 0.345082 0.020682 0.020217
7 0.450410 0.735408 0.129157 0.336514
35 0.376640 0.404730 0.031568 0.030776
15 0.639937 0.222573 0.355979 0.206944
53 0.318230 0.196008 0.045410 0.178463
40 0.215978 0.227686 0.060421 0.080131
68 0.281614 0.196029 0.092539 0.162718
65 0.442137 0.241783 0.046593 0.184251
64 0.362732 0.213863 0.104388 0.196077
55 0.404942 0.609096 0.061898 0.144900
46 0.199248 0.444107 0.020663 0.120474
57 0.187107 0.385255 0.017145 0.109827
46 0.430926 0.743261 0.065311 0.213370
72 0.639653 0.557251 0.169767 0.183000
51 0.302112 0.582299 0.167740 0.217780
59 0.839843 0.505671 0.111709 0.142371
29 0.207456 0.305891 0.007073 0.013298
26 0.265978 0.277665 0.065838 0.025720
19 0.427496 0.743552 0.007915 0.026746
16 0.592999 0.050937 0.041604 0.099884
24 0.359699 0.307748 0.124061 0.048107
39 0.866507 0.399801 0.021012 0.068108
38 0.745688 0.613390 0.045806 0.035297
