10.0 0.18115530101289476 0.4627721714337532 0.060347711984248445 0.2058839456952995
4.0 0.2522545646436745 0.4112512457603128 0.1513853635047002 0.4453467495538183
7.0 0.20004503691299974 0.5259935376582879 0.07043382972561583 0.17823477674803964
2.0 0.335442074220218 0.43069101144024086 0.17637940726856585 0.520782635299598
13.0 0.7432302926644156 0.44287738571535396 0.4058413646938859 0.4690315195974976
8.0 0.5120586936815268 0.4643799561719335 0.398477636800552 0.49306750660837856
0.0 0.7083155249604315 0.6600941491765543 0.5078836321254276 0.4877730473835534
12.0 0.448156199006591 0.19740643926789503 0.4491114747868937 0.23138641977911498
35.0 0.24982440390094127 0.42422337728353643 0.02223507931044343 0.0231637170344803
7.0 0.4572483728252814 0.750599942818649 0.151616517820673 0.340762010565348
35.0 0.36224633520859106 0.4575466277787678 0.03393356088426818 0.03527922888516536
15.0 0.6186396453865408 0.2328122974188538 0.37415128584465085 0.2671565722066863
53.0 0.29024800985705806 0.2750405703883646 0.05695694512189476 0.17590755795399388
40.0 0.18830630078382496 0.32588316814707236 0.0662368438339019 0.08732138277817232
68.0 0.25305593568584384 0.2826865219109103 0.10387348081621009 0.171038457464038
65.0 0.4188867653264129 0.29192687424190494 0.05850987645679017 0.18155234116542732
64.0 0.33653528412497913 0.28242479190919784 0.11793385829055235 0.20461980113031233
55.0 0.4033975827960837 0.6422607999788666 0.07166795754299954 0.14803797996579837
46.0 0.18444713967908366 0.531220085481199 0.028300391568777977 0.11666784425050959
57.0 0.16854295948000467 0.4788584752028044 0.024080754026329552 0.10600483026829717
46.0 0.4379337623171556 0.7619824056497618 0.07929024767463451 0.2126097202552733
72.0 0.6386628526441769 0.5450202586409452 0.18355002263716785 0.20604013600909984
51.0 0.2973199172519349 0.6386850720813905 0.18360190934998583 0.23805676366721046
59.0 0.8388789190474509 0.455216901290095 0.1221109255607152 0.15605388866285366
29.0 0.18439620062741185 0.4005986808676529 0.00799157826018444 0.013875971496246437
26.0 0.24212789442354832 0.36208377887956317 0.0684370323458964 0.03770135229309221
19.0 0.4344673334699875 0.762968236328869 0.009663035649434165 0.026594082046871064
16.0 0.5605449888978901 0.08250636293864314 0.04832193999501546 0.10182548356801757
24.0 0.3391523743076095 0.37062154213614223 0.12893671627695805 0.07070801649402496
39.0 0.8595380606840544 0.350920066450177 0.02547685727917961 0.06789965256642086
38.0 0.7497768171304406 0.5752952762324404 0.0486704062728351 0.04246138523914189
