13 0.895712 0.280506 0.114035 0.067653
70 0.073409 0.452246 0.055715 0.076266
6 0.164856 0.341422 0.233927 0.152198
1 0.081796 0.564004 0.098789 0.188503
35 0.716254 0.401730 0.045564 0.016211
12 0.528522 0.228105 0.530652 0.210494
7 0.193923 0.616268 0.147129 0.233571
14 0.323162 0.247709 0.164937 0.176710
49 0.278325 0.339546 0.044514 0.074458
15 0.804079 0.229005 0.127830 0.123839
55 0.792612 0.555852 0.119097 0.149549
26 0.433648 0.358198 0.194533 0.026913
65 0.750190 0.263771 0.088174 0.134965
4 0.410066 0.400755 0.262478 0.464396
57 0.160449 0.571899 0.113118 0.169191
51 0.482584 0.637518 0.420834 0.031961
2 0.641273 0.396257 0.242842 0.453935
10 0.184460 0.478356 0.222402 0.313852
8 0.793271 0.423248 0.326382 0.397223
7 0.766887 0.614796 0.144997 0.235429
0 0.895515 0.536544 0.123611 0.187056
35 0.493235 0.419070 0.046836 0.017237
53 0.537749 0.256868 0.037252 0.175612
40 0.314688 0.323170 0.049958 0.107528
64 0.636349 0.259086 0.167611 0.165104
68 0.433488 0.270804 0.200826 0.187352
46 0.772454 0.627618 0.089949 0.147894
46 0.187832 0.631717 0.092626 0.150107
72 0.933391 0.406393 0.047553 0.106470
61 0.053541 0.577781 0.024272 0.069038
20 0.316839 0.336807 0.032660 0.051305
24 0.641477 0.337630 0.218983 0.028807
19 0.772199 0.628903 0.011601 0.019001
29 0.260442 0.431513 0.019453 0.015201
19 0.187447 0.633163 0.011422 0.019001
32 0.053006 0.566055 0.015705 0.027869
16 0.706756 0.112428 0.041762 0.074105
