13.0 0.8957119882106781 0.2805059924721718 0.11403495073318481 0.06765298545360565
70.0 0.07340899854898453 0.4522460103034973 0.05571499466896057 0.07626599073410034
6.0 0.16485601104795933 0.3414220064878464 0.23392702266573906 0.15219798684120178
1.0 0.08179600536823273 0.5640040189027786 0.09878900647163391 0.18850299715995789
35.0 0.7162539958953857 0.4017299860715866 0.04556405544281006 0.016211003065109253
12.0 0.5285220146179199 0.22810500115156174 0.5306520462036133 0.2104939967393875
7.0 0.1939230002462864 0.6162680089473724 0.14712899178266525 0.23357099294662476
14.0 0.3231620043516159 0.2477089911699295 0.16493698954582214 0.17670997977256775
49.0 0.27832499146461487 0.33954599499702454 0.044514000415802 0.07445800304412842
15.0 0.8040789663791656 0.22900499403476715 0.12782996892929077 0.12383899092674255
55.0 0.7926120162010193 0.555852010846138 0.11909699440002441 0.1495489776134491
26.0 0.4336479902267456 0.35819800198078156 0.19453299045562744 0.02691301703453064
65.0 0.750190019607544 0.2637709975242615 0.08817398548126221 0.13496500253677368
4.0 0.41006600856781006 0.40075499564409256 0.2624779939651489 0.46439598500728607
57.0 0.16044900566339493 0.5718990117311478 0.1131180077791214 0.16919097304344177
51.0 0.48258398473262787 0.6375179886817932 0.4208339750766754 0.03196096420288086
2.0 0.6412729918956757 0.3962569981813431 0.24284201860427856 0.45393499732017517
10.0 0.18445999920368195 0.4783559888601303 0.22240200638771057 0.3138519823551178
8.0 0.7932709753513336 0.4232480004429817 0.32638198137283325 0.39722298085689545
7.0 0.7668869495391846 0.6147960126399994 0.1449970006942749 0.23542898893356323
0.0 0.8955149948596954 0.536543995141983 0.12361091375350952 0.18705600500106812
35.0 0.4932349920272827 0.4190700054168701 0.046836018562316895 0.01723700761795044
53.0 0.5377489924430847 0.25686799734830856 0.037252068519592285 0.17561198770999908
40.0 0.3146879971027374 0.3231699913740158 0.049957990646362305 0.10752800107002258
64.0 0.6363489925861359 0.2590859979391098 0.16761106252670288 0.1651040017604828
68.0 0.43348802626132965 0.2708039954304695 0.2008260190486908 0.1873519867658615
46.0 0.7724539935588837 0.6276179850101471 0.08994895219802856 0.1478939652442932
46.0 0.18783199787139893 0.6317169964313507 0.09262600541114807 0.15010696649551392
72.0 0.9333909451961517 0.40639299154281616 0.04755300283432007 0.10646998882293701
61.0 0.05354100093245506 0.5777809917926788 0.024272002279758453 0.06903797388076782
20.0 0.31683899462223053 0.3368069976568222 0.03265997767448425 0.051305025815963745
24.0 0.6414769887924194 0.3376300036907196 0.21898293495178223 0.028806984424591064
19.0 0.7721990048885345 0.6289030015468597 0.011601030826568604 0.01900094747543335
29.0 0.26044201850891113 0.4315129965543747 0.019452989101409912 0.015201002359390259
19.0 0.18744700402021408 0.6331630051136017 0.011421993374824524 0.01900094747543335
32.0 0.0530059989541769 0.5660549998283386 0.01570500060915947 0.027868986129760742
16.0 0.7067560255527496 0.11242800205945969 0.04176205396652222 0.07410500943660736
