0 0.287740 0.641579 0.442337 0.377370
48 0.224110 0.717101 0.284565 0.190652
7 0.514839 0.702110 0.118592 0.295365
1 0.766647 0.378899 0.003494 0.043556
59 0.169027 0.468123 0.111708 0.132731
9 0.452036 0.445982 0.302422 0.387340
56 0.556481 0.590074 0.059011 0.136765
5 0.680886 0.345749 0.108591 0.413011
3 0.608714 0.378478 0.125217 0.475877
13 0.251221 0.441823 0.352090 0.379707
11 0.745239 0.382446 0.044388 0.202912
66 0.600519 0.236171 0.091752 0.176551
37 0.323747 0.794616 0.085098 0.019121
7 0.733234 0.453762 0.056936 0.162309
38 0.089530 0.462564 0.012836 0.023902
27 0.685739 0.299576 0.058319 0.018600
25 0.602877 0.320568 0.109711 0.035299
12 0.454939 0.177938 0.525290 0.160888
15 0.347195 0.228490 0.330533 0.192200
35 0.585596 0.405492 0.027358 0.025345
16 0.393811 0.074492 0.033836 0.093704
41 0.728910 0.257711 0.045023 0.070193
35 0.681704 0.360526 0.016344 0.016897
69 0.673256 0.224487 0.082887 0.150904
54 0.640547 0.221212 0.040149 0.164317
58 0.757834 0.392058 0.017327 0.077589
67 0.529775 0.256528 0.042820 0.166474
72 0.077732 0.401547 0.009975 0.112861
46 0.533634 0.709028 0.058302 0.190115
46 0.746273 0.456997 0.022770 0.107864
52 0.650851 0.575343 0.152235 0.183131
73 0.354908 0.519731 0.149378 0.163542
47 0.496040 0.453447 0.033568 0.087640
29 0.738717 0.327352 0.005186 0.010845
19 0.536655 0.709434 0.007351 0.024028
39 0.148480 0.375350 0.021076 0.060458
