0.0 0.6476962772966013 0.6722092699073108 0.46365792616394724 0.5148282227818716
48.0 0.7000602082633947 0.7666165806395328 0.29252633132433353 0.2812609327298838
7.0 0.4243602037453103 0.6515368152836106 0.1457504552235027 0.32409872473732315
1.0 0.21982406696335663 0.25460710162044725 0.008142634929850583 0.04294529761903085
59.0 0.7801011701672498 0.5471306008559438 0.12122531998197654 0.1658797808879528
9.0 0.5125555287450817 0.4278741645869661 0.33127999048138435 0.4759114161408558
56.0 0.3970046439855566 0.5297593241253716 0.07139784431975045 0.1514896130150523
5.0 0.30530039507210255 0.2525527859708709 0.1491997617145834 0.4333612919305231
3.0 0.3705385611610894 0.3089154781086215 0.1720025856922416 0.4993584578225369
13.0 0.7045921598990775 0.49345621673860685 0.37782036055734447 0.4858037360393972
11.0 0.23985565384359822 0.2654220253081064 0.06475138371087709 0.20980518482390909
66.0 0.3940699127230399 0.17539737687715534 0.10702591892261504 0.20095443258642465
37.0 0.5964474760758097 0.8063739454616562 0.08329471957282626 0.047801525983791865
7.0 0.24343380241087118 0.3379150754526231 0.07223886599434179 0.17524674850674385
38.0 0.8565550831912689 0.5693437004500449 0.014884742203143826 0.02734933668934224
27.0 0.30576901653582683 0.2066291020787967 0.05769004655581829 0.0380254134902262
25.0 0.38250139051434723 0.2554488221446885 0.1085618811496686 0.07182967240706624
12.0 0.5393831396176673 0.17003155757546823 0.5188913578871314 0.33613433924380487
15.0 0.6365889681822582 0.25579508652371485 0.3365506947360931 0.29866861369570047
35.0 0.3896102548845126 0.34280866880592165 0.028898066557812806 0.033762751723196816
16.0 0.6091215684260368 0.09208691206170357 0.04262613986349692 0.10150777194168153
41.0 0.26920654070022926 0.1515590146290342 0.05070249330477443 0.08285522790634303
35.0 0.3028883524861656 0.266428583090188 0.017457918539183718 0.021852480744477105
69.0 0.3259689864257371 0.13900403241338619 0.09573675382130067 0.17330869221429757
54.0 0.3575350017598048 0.14719716930857754 0.05644575394262048 0.17135538637828845
58.0 0.22677868922084268 0.27026893891684944 0.02509722934784179 0.0803474608709196
67.0 0.459311829647548 0.21941065477794103 0.05923206102628418 0.17434748944189912
72.0 0.8745477738023908 0.5149649881977119 0.021978121366899094 0.11159784076229248
46.0 0.40566595591691207 0.6516545273170621 0.07661228632643012 0.20236332163045434
46.0 0.2306373760923385 0.3364978115818324 0.03363274547429754 0.11124218417037886
52.0 0.30860232366695084 0.4829522028447828 0.1654531362902026 0.22821204596775324
73.0 0.5970723433574642 0.5321871826412209 0.16056465426153893 0.20845236364770314
47.0 0.46975150266783355 0.4197830021512811 0.04170096506302268 0.09560451444311686
29.0 0.2521610107770287 0.2148909295224379 0.00614489484307569 0.0121881122933402
19.0 0.40273906082119887 0.6509970195412411 0.009666027605637784 0.02556995722794717
39.0 0.8099468630781314 0.4653544939948721 0.026782146494397616 0.06523144496026227
