9 0.817908 0.331648 0.134050 0.087491
8 0.163985 0.341793 0.103093 0.094399
13 0.504964 0.405915 0.655967 0.165859
0 0.502418 0.509016 0.785476 0.137789
48 0.506139 0.549397 0.745270 0.032669
12 0.477560 0.266058 0.559687 0.058059
59 0.514872 0.424483 0.295755 0.048609
73 0.845084 0.409215 0.098951 0.073892
15 0.490198 0.290982 0.600078 0.078053
72 0.167620 0.420084 0.119643 0.075998
38 0.269368 0.453411 0.075974 0.009776
16 0.474045 0.219365 0.013860 0.049990
39 0.515768 0.374905 0.059409 0.033635
37 0.837583 0.539210 0.076611 0.014350
36 0.182553 0.554171 0.096520 0.012198
