9.0 0.12440185190750536 0.33113233949140586 0.14639897533689034 0.08584991924613146
8.0 0.8049837480673168 0.32210629942399815 0.11477544276386516 0.09145056796231207
13.0 0.45569843325978454 0.3919075501660947 0.6952571359444703 0.17414109181370566
0.0 0.46665496770416565 0.48852377940447883 0.8276214971211394 0.15148877592541105
48.0 0.4660415944646513 0.5264987288079216 0.7773540139947033 0.05176702585935642
12.0 0.47291293579880495 0.2599722667692573 0.5864837934194638 0.07031615846981121
59.0 0.446895451198393 0.4096015836826819 0.31136029886897537 0.05397094532175136
73.0 0.1024038507263066 0.4046453960028503 0.10881697968833362 0.07210160224961114
15.0 0.46178438359249563 0.283704391604189 0.6300823483729925 0.09021177608523667
72.0 0.8075153138440933 0.39563086585875573 0.1304963386437244 0.07466325636789153
38.0 0.7044326801592893 0.42976978933983256 0.07976420585919265 0.011321977042417568
16.0 0.4728033702717815 0.21608377686406482 0.01843693648759181 0.047273731471214796
39.0 0.4419680949493243 0.36313259266847825 0.06446766867822905 0.03322736281448152
37.0 0.12067877339182084 0.5263424196905873 0.08079503612189265 0.015629548885297658
36.0 0.8027995905122381 0.5218014489335386 0.10131742240568514 0.014175891984456635
