5 0.617476 0.295767 0.201342 0.332917
7 0.439043 0.765594 0.198281 0.326778
11 0.717087 0.305091 0.055099 0.084180
3 0.516329 0.362662 0.295029 0.470038
15 0.123794 0.275567 0.247587 0.277755
7 0.710068 0.381541 0.052319 0.119921
35 0.674682 0.332760 0.020550 0.018824
41 0.716758 0.233370 0.125988 0.060130
69 0.601908 0.210565 0.147614 0.144469
54 0.561710 0.208008 0.117380 0.160731
67 0.370442 0.266943 0.124077 0.212805
66 0.490304 0.237812 0.223239 0.202030
9 0.285049 0.572792 0.570099 0.581593
12 0.330161 0.194651 0.660322 0.211778
0 0.213719 0.853426 0.427438 0.293148
35 0.546449 0.424738 0.055074 0.042585
58 0.737082 0.320209 0.013190 0.036217
46 0.471280 0.761434 0.100493 0.215054
25 0.524487 0.326052 0.199008 0.080049
56 0.525192 0.602817 0.069714 0.088083
47 0.348259 0.558410 0.103083 0.118800
27 0.651783 0.278123 0.072662 0.030478
19 0.480493 0.757426 0.013112 0.025872
52 0.618048 0.533404 0.160614 0.244181
73 0.072032 0.844621 0.144063 0.167490
46 0.719215 0.380710 0.022035 0.079947
