5.0 0.3825240135192871 0.29576699435710907 0.20134198665618896 0.3329170048236847
7.0 0.5609569847583771 0.7655940055847168 0.19828099012374878 0.3267780542373657
11.0 0.2829129993915558 0.305090993642807 0.05509895086288452 0.08417999744415283
3.0 0.48367100954055786 0.3626619949936867 0.29502904415130615 0.4700379818677902
15.0 0.8762060105800629 0.275567002594471 0.24758702516555786 0.277755007147789
7.0 0.289931982755661 0.3815409988164902 0.0523189902305603 0.1199209988117218
35.0 0.32531803846359253 0.3327600061893463 0.020550012588500977 0.018823981285095215
41.0 0.28324198722839355 0.23337000608444214 0.12598800659179688 0.06013000011444092
69.0 0.39809203147888184 0.2105649933218956 0.1476140022277832 0.1444689780473709
54.0 0.4382900297641754 0.20800799876451492 0.11737996339797974 0.1607310026884079
67.0 0.6295580267906189 0.26694300025701523 0.1240769624710083 0.21280498802661896
66.0 0.5096960067749023 0.23781200498342514 0.22323894500732422 0.2020300179719925
9.0 0.7149507403373718 0.5727920085191727 0.5700985193252563 0.5815930068492889
12.0 0.6698389947414398 0.19465100020170212 0.6603220105171204 0.21177799999713898
0.0 0.7862809896469116 0.8534260094165802 0.42743802070617676 0.2931479811668396
35.0 0.4535509943962097 0.42473800480365753 0.05507397651672363 0.04258498549461365
58.0 0.26291799545288086 0.32020898163318634 0.013190031051635742 0.03621700406074524
46.0 0.5287199914455414 0.7614339888095856 0.10049301385879517 0.2150539755821228
25.0 0.4755129814147949 0.3260519951581955 0.19900798797607422 0.08004900813102722
56.0 0.474808007478714 0.6028169989585876 0.0697140097618103 0.08808302879333496
47.0 0.6517409682273865 0.5584100037813187 0.10308301448822021 0.11880001425743103
27.0 0.3482169806957245 0.27812299132347107 0.07266205549240112 0.03047800064086914
19.0 0.5195069909095764 0.7574260234832764 0.01311194896697998 0.025871992111206055
52.0 0.38195204734802246 0.5334040075540543 0.160614013671875 0.24418100714683533
73.0 0.9279680252075195 0.8446210026741028 0.14406299591064453 0.16749000549316406
46.0 0.2807850241661072 0.3807099908590317 0.02203500270843506 0.07994702458381653
