44 0.579377 0.593886 0.038195 0.073173
4 0.699396 0.438092 0.200157 0.304373
2 0.844991 0.401802 0.150494 0.235774
7 0.899883 0.470707 0.090817 0.100939
7 0.488509 0.617776 0.172918 0.166994
9 0.913455 0.400603 0.127812 0.190861
14 0.459561 0.357353 0.393622 0.119821
11 0.460439 0.496983 0.300331 0.195157
6 0.281500 0.461565 0.502600 0.159490
35 0.780828 0.415703 0.033356 0.016622
12 0.587592 0.337014 0.634988 0.136914
68 0.699784 0.342150 0.144272 0.102181
53 0.778402 0.331175 0.037615 0.091678
64 0.827973 0.329039 0.104712 0.079906
0 0.966249 0.416305 0.022854 0.061304
63 0.101269 0.532767 0.158944 0.083409
46 0.920994 0.473249 0.043356 0.067319
46 0.505679 0.624041 0.106848 0.106910
40 0.657846 0.390312 0.118118 0.074727
35 0.901699 0.379731 0.025900 0.012356
49 0.583955 0.407597 0.036114 0.047222
65 0.887709 0.318681 0.055337 0.054506
57 0.543047 0.543943 0.100345 0.040497
42 0.939046 0.450525 0.037256 0.069354
1 0.231867 0.603543 0.453597 0.191364
55 0.936220 0.413446 0.039868 0.014539
72 0.977097 0.365220 0.010463 0.041543
70 0.265395 0.548388 0.231746 0.074424
60 0.095219 0.628503 0.147711 0.083053
59 0.054934 0.586748 0.093998 0.078251
61 0.247689 0.655615 0.191296 0.041642
52 0.741569 0.544112 0.284999 0.122225
20 0.669969 0.393715 0.092614 0.026799
26 0.752997 0.386153 0.074741 0.024363
24 0.845125 0.361179 0.114711 0.032890
29 0.591005 0.467658 0.023072 0.013887
16 0.758066 0.242365 0.038021 0.054085
39 0.070354 0.529443 0.025672 0.035570
22 0.352096 0.399929 0.097164 0.017785
31 0.297502 0.391767 0.062718 0.022414
