44.0 0.4206230044364929 0.593885987997055 0.038195013999938965 0.07317298650741577
4.0 0.3006040155887604 0.4380919933319092 0.20015698671340942 0.30437302589416504
2.0 0.1550089716911316 0.4018019884824753 0.15049397945404053 0.2357739508152008
7.0 0.10011699795722961 0.470706969499588 0.09081703424453735 0.10093897581100464
7.0 0.5114910006523132 0.6177759766578674 0.17291796207427979 0.16699397563934326
9.0 0.08654499053955078 0.4006029963493347 0.12781202793121338 0.19086098670959473
14.0 0.5404390096664429 0.35735298693180084 0.39362192153930664 0.1198209822177887
11.0 0.5395609736442566 0.49698300659656525 0.3003309965133667 0.1951570212841034
6.0 0.7184999883174896 0.4615650027990341 0.5026000142097473 0.15949001908302307
35.0 0.21917200088500977 0.4157029986381531 0.0333559513092041 0.01662200689315796
12.0 0.4124080240726471 0.33701398968696594 0.634988009929657 0.13691401481628418
68.0 0.3002159893512726 0.3421499878168106 0.14427202939987183 0.10218098759651184
53.0 0.22159802913665771 0.33117498457431793 0.037615060806274414 0.09167799353599548
64.0 0.17202699184417725 0.32903899252414703 0.10471189022064209 0.07990601658821106
0.0 0.03375104069709778 0.4163050055503845 0.0228540301322937 0.06130397319793701
63.0 0.898730993270874 0.5327669829130173 0.1589440107345581 0.08340898156166077
46.0 0.07900598645210266 0.47324898838996887 0.04335588216781616 0.06731897592544556
46.0 0.49432098865509033 0.6240410208702087 0.10684800148010254 0.10690999031066895
40.0 0.34215399622917175 0.3903120160102844 0.11811798810958862 0.07472699880599976
35.0 0.0983009934425354 0.3797309994697571 0.02590000629425049 0.012356042861938477
49.0 0.41604501008987427 0.40759699046611786 0.03611397743225098 0.047221988439559937
65.0 0.11229100823402405 0.318681001663208 0.05533701181411743 0.054506003856658936
57.0 0.4569529891014099 0.5439429879188538 0.10034501552581787 0.04049694538116455
42.0 0.060954004526138306 0.4505250006914139 0.037255942821502686 0.06935396790504456
1.0 0.7681330144405365 0.6035430133342743 0.4535970091819763 0.19136399030685425
55.0 0.06378000974655151 0.41344599425792694 0.03986799716949463 0.01453903317451477
72.0 0.022902995347976685 0.36522001028060913 0.010462939739227295 0.041543006896972656
70.0 0.7346049845218658 0.5483879745006561 0.23174601793289185 0.07442396879196167
60.0 0.9047809839248657 0.6285030245780945 0.14771103858947754 0.08305299282073975
59.0 0.9450660049915314 0.5867480039596558 0.0939980149269104 0.07825100421905518
61.0 0.7523109912872314 0.6556150019168854 0.19129598140716553 0.04164201021194458
52.0 0.25843098759651184 0.5441119968891144 0.28499895334243774 0.12222498655319214
20.0 0.33003100752830505 0.3937149941921234 0.09261399507522583 0.026799023151397705
26.0 0.24700301885604858 0.386152982711792 0.07474100589752197 0.02436298131942749
24.0 0.1548750400543213 0.361178994178772 0.11471104621887207 0.03289002180099487
29.0 0.40899500250816345 0.46765799820423126 0.02307206392288208 0.013887017965316772
16.0 0.24193400144577026 0.2423650100827217 0.038020968437194824 0.05408500134944916
39.0 0.9296459853649139 0.5294429957866669 0.02567201852798462 0.035569965839385986
22.0 0.6479040086269379 0.399929016828537 0.09716397523880005 0.01778501272201538
31.0 0.7024980187416077 0.3917670100927353 0.06271803379058838 0.02241399884223938
