35 0.701803 0.540211 0.036423 0.010883
9 0.317833 0.586619 0.474398 0.373959
7 0.887822 0.668071 0.076371 0.170559
0 0.172021 0.735019 0.326304 0.241683
3 0.557680 0.552806 0.248382 0.413342
17 0.394502 0.834811 0.006215 0.006903
27 0.739374 0.493432 0.165302 0.017525
35 0.491613 0.542233 0.051653 0.014429
69 0.711986 0.426150 0.168939 0.137801
54 0.635317 0.416268 0.058260 0.136811
1 0.930167 0.625059 0.017940 0.108292
29 0.848671 0.538584 0.011007 0.011337
73 0.130981 0.577630 0.146824 0.135310
45 0.833594 0.695776 0.045105 0.093901
46 0.402158 0.816489 0.128491 0.192526
17 0.388125 0.810521 0.007316 0.009233
67 0.420799 0.419605 0.092019 0.121605
52 0.674005 0.744947 0.338354 0.104423
17 0.418683 0.802971 0.004143 0.007680
17 0.403825 0.790471 0.005827 0.009295
50 0.829044 0.494169 0.016528 0.017615
21 0.825544 0.473234 0.020976 0.038976
11 0.876819 0.585146 0.108114 0.215506
15 0.287810 0.397546 0.243070 0.098459
17 0.413148 0.830022 0.004014 0.006989
13 0.140282 0.551841 0.225672 0.224699
6 0.860657 0.489669 0.051291 0.026556
47 0.320463 0.554572 0.058588 0.074882
7 0.389804 0.809545 0.196390 0.279356
66 0.540183 0.417233 0.193324 0.130711
41 0.807662 0.465764 0.058165 0.067964
12 0.570095 0.392612 0.483598 0.121547
46 0.893723 0.673330 0.050895 0.118387
59 0.041811 0.561389 0.012921 0.051340
43 0.283624 0.822157 0.055678 0.184207
56 0.422339 0.716786 0.166732 0.164996
58 0.907179 0.626262 0.054770 0.111186
25 0.547003 0.481380 0.221191 0.017018
19 0.896659 0.673565 0.007251 0.015183
5 0.729614 0.540329 0.223958 0.382013
28 0.451229 0.777312 0.005779 0.009147
17 0.887854 0.678611 0.004532 0.005436
17 0.890767 0.661655 0.004532 0.005868
39 0.031962 0.493967 0.009796 0.041364
19 0.406867 0.816650 0.017869 0.025024
16 0.364187 0.339492 0.013107 0.014877
