35.0 0.7382971085674529 0.5351251313080018 0.035126482730575885 0.014618933076608553
9.0 0.37860305688139234 0.6238988589010305 0.4727976862657466 0.4124823857513677
7.0 0.9224525984828148 0.6358983799092031 0.08337834138298111 0.17194389459680212
0.0 0.25061899583042574 0.7826791092877117 0.32418049000208476 0.2688585723403351
3.0 0.6029685012590895 0.5638326848291622 0.26186549236855083 0.42401635442560986
17.0 0.46737358320060357 0.8523940615064928 0.006325958528407038 0.007320275598175512
27.0 0.7707121660037878 0.48604428309055026 0.15731993705782457 0.035870837361990135
35.0 0.5398567895980171 0.5613592467320518 0.049748229385950915 0.019770866823542343
69.0 0.7404085516888438 0.42486536728003155 0.16867386985933697 0.15131757334382326
54.0 0.667326260472588 0.42427852235480246 0.06404661200749312 0.13757502290890766
1.0 0.959625776697408 0.589868225865297 0.024077495489144857 0.1056393498449565
29.0 0.8769410799336951 0.5165895487223351 0.011144958903695776 0.01211467827027857
73.0 0.2014860248562934 0.6369044380847276 0.14761711232955113 0.1463784982820035
45.0 0.873045518267597 0.6686635048616998 0.048793847585353094 0.09501712881676212
46.0 0.4734003073299374 0.8339866619399144 0.13406394058591356 0.19897769130695123
17.0 0.4597499784556723 0.8299014667522615 0.007519484741511443 0.009675868024672683
67.0 0.46488370700764886 0.45227060491850435 0.09493882511210804 0.1269356777688064
52.0 0.7255134531162829 0.7341386552928724 0.32652855743152176 0.13898270997735912
17.0 0.488122096312955 0.8191481520429497 0.004419612860834358 0.00782376245873138
17.0 0.47326238333890064 0.8089115129927262 0.006116865609313038 0.009562893589650229
50.0 0.8554748745821064 0.4763822625306857 0.0167741791533921 0.018757020293366636
21.0 0.8507901447462607 0.4567656533405405 0.022382511662576973 0.03969985834614995
11.0 0.9065986267241052 0.5578649526592258 0.11632585358137078 0.21859887580776755
15.0 0.3377924112011925 0.44654950709158775 0.23611795612491282 0.12226317172986764
17.0 0.48467381031866297 0.8456583753996701 0.004252235719668439 0.007147953732407536
13.0 0.2085752689355903 0.6111657742828113 0.22799202819501338 0.24098162862608427
6.0 0.8850444732547416 0.46842385131591147 0.05020451186348718 0.03132675975195721
47.0 0.37897800408785687 0.5929466063973261 0.06027962292615527 0.07838698913254745
7.0 0.46127194120607345 0.8287740155106269 0.20392651949069485 0.2898676813178789
66.0 0.5775135604270782 0.43619998193948706 0.19124441890612673 0.14735621657067313
41.0 0.8334046774667297 0.4516890539463888 0.05942451350209088 0.0717220765876252
12.0 0.6041515791837536 0.40919545416935876 0.46487261078575365 0.17215117740886202
46.0 0.9283736877569311 0.6402456759720239 0.055875848615736266 0.1191037717530892
59.0 0.11617501023230498 0.6316813825799807 0.015586670406922375 0.0505929245685901
43.0 0.36179043251807097 0.8531111146918365 0.06472743929841314 0.18260381612823015
56.0 0.4859023881278102 0.736302276982406 0.16837911334956723 0.17707039473061714
58.0 0.9379874557312853 0.5936763936368676 0.05906254088541592 0.11266504661945646
25.0 0.5881795256880182 0.4967586340860228 0.2100867314069557 0.04184740524449138
19.0 0.9311629233619529 0.6401309140703971 0.007849740413299552 0.015358564022588755
5.0 0.7645788688723455 0.5320227243450993 0.23672894625431365 0.39123112813416383
28.0 0.5171802156346218 0.7908464523583799 0.006061768524228342 0.009415861369547352
17.0 0.9231767012849381 0.6459746688074494 0.0046394262833386315 0.005722689591611925
17.0 0.9248124719808569 0.6294219826529436 0.004667870266639701 0.006135904599221552
39.0 0.1024318615702822 0.5683409134073867 0.011977651629061939 0.04069109794541419
19.0 0.47785964272759024 0.8335961853300143 0.018528792669648245 0.025997616448158473
16.0 0.40612652325710036 0.38219934737274336 0.013361991282369085 0.015742992500926978
