11 0.255742 0.386603 0.088420 0.122065
11 0.187882 0.502109 0.013413 0.042576
10 0.751999 0.399020 0.094244 0.123965
1 0.501657 0.691956 0.667000 0.340761
6 0.506553 0.427592 0.575469 0.178711
41 0.267122 0.334920 0.048242 0.049100
12 0.501219 0.276036 0.421924 0.125558
14 0.502572 0.286514 0.416009 0.130551
71 0.246550 0.514233 0.121745 0.150316
40 0.736845 0.347510 0.049346 0.049712
70 0.768907 0.530493 0.111299 0.142156
60 0.507447 0.774453 0.485431 0.126865
63 0.510370 0.550083 0.436756 0.097719
59 0.511275 0.691030 0.289920 0.107153
39 0.511441 0.551653 0.061683 0.082321
61 0.766131 0.751428 0.119565 0.146011
62 0.243433 0.740355 0.128196 0.153185
22 0.504482 0.335573 0.142055 0.010350
20 0.737002 0.339169 0.049055 0.032569
21 0.267068 0.326946 0.048872 0.032774
31 0.386747 0.333337 0.075587 0.011759
30 0.361926 0.332016 0.120855 0.013460
23 0.568203 0.337310 0.104677 0.015258
