11.0 0.28990869946665154 0.3859927329432882 0.09892892118038096 0.13257866914944771
11.0 0.21294056527499236 0.49819684246013934 0.01615676861528177 0.04471921026778944
10.0 0.8118184662338649 0.44208851548042455 0.10515166561511848 0.13503126705125099
1.0 0.5342392175158974 0.7198086575621907 0.7185587496612199 0.406853145808615
6.0 0.5520260768905758 0.4498482864118229 0.6144436797081682 0.233106224679689
41.0 0.30436011161969523 0.33412707997405167 0.053139560182815015 0.054437517463628446
12.0 0.5536516530480178 0.29437210357669236 0.45023817730019916 0.16531497715216087
14.0 0.5545755423189375 0.3052072019618584 0.444248935703709 0.1699045086290931
71.0 0.27413210121358184 0.5157274328017873 0.13536633324382344 0.16438761094976503
40.0 0.7983242650185624 0.38807950670025426 0.054331202345448824 0.05515996584220375
70.0 0.8233385987778 0.5780361325601432 0.12397791496735541 0.15512816296483045
60.0 0.5363935023323362 0.8046919609415042 0.5171664130821849 0.17220517974716182
63.0 0.5501920490356057 0.5754644861332999 0.46452445331726805 0.13813858281598976
59.0 0.5444101088826049 0.7197026232750142 0.31037331303478644 0.13494735018469453
39.0 0.5512446809247364 0.577163905774966 0.06887878604668193 0.08959091767943474
61.0 0.8098590210426603 0.8037632027597027 0.13286526197520687 0.15979389230307106
62.0 0.2600455983344935 0.7467298437681051 0.14229558656294852 0.16788620739148882
22.0 0.5542424061103806 0.3555511915436989 0.15006257040486104 0.023008032543071977
20.0 0.7988881509731977 0.379562159007535 0.05320562782613014 0.03760086868913921
21.0 0.30468425449537934 0.325966641302173 0.05302277532966855 0.0377945505965342
31.0 0.43038749944507626 0.3429687727859471 0.0801465290596882 0.018636756360424316
30.0 0.40431685574850357 0.3394471443072233 0.12788991564686242 0.024335093575317046
23.0 0.6212505074999005 0.36289993971098544 0.11094225369618878 0.024759339259994198
