4 0.695274 0.443917 0.183888 0.506141
2 0.828313 0.385369 0.136026 0.389135
8 0.872617 0.395027 0.097154 0.290902
7 0.480552 0.753810 0.180484 0.312388
7 0.855106 0.513520 0.081482 0.157939
10 0.452873 0.528993 0.319559 0.349220
0 0.910859 0.425327 0.016226 0.089421
1 0.227617 0.718078 0.455235 0.376305
12 0.582402 0.265951 0.569543 0.201431
6 0.280624 0.450969 0.516369 0.262684
14 0.473456 0.284275 0.376269 0.186825
35 0.770496 0.405893 0.027468 0.021815
35 0.867001 0.361819 0.017259 0.014687
49 0.589393 0.368426 0.035146 0.083225
40 0.665334 0.349283 0.117800 0.118338
68 0.698820 0.277165 0.128908 0.158381
53 0.766623 0.265288 0.028927 0.149436
65 0.852756 0.263965 0.043093 0.095255
64 0.807665 0.265508 0.082854 0.134144
44 0.574599 0.698580 0.035577 0.129966
72 0.919440 0.354298 0.006605 0.057926
20 0.677455 0.351671 0.092893 0.046709
42 0.898424 0.488244 0.013769 0.073896
55 0.889659 0.432600 0.030521 0.047197
57 0.537406 0.609840 0.099419 0.072479
46 0.500213 0.763205 0.109816 0.216161
46 0.873326 0.516162 0.031914 0.108156
70 0.250193 0.605891 0.249523 0.136964
63 0.081242 0.578501 0.143631 0.183733
60 0.071666 0.770321 0.117897 0.166481
59 0.033341 0.676662 0.066682 0.158570
26 0.750170 0.351139 0.055840 0.026863
16 0.732438 0.158768 0.012540 0.025474
29 0.594247 0.477214 0.020188 0.022547
24 0.821120 0.324913 0.089882 0.037632
17 0.481361 0.766359 0.010648 0.011926
17 0.492151 0.736827 0.009796 0.013819
17 0.490660 0.780746 0.010506 0.013819
51 0.718343 0.626124 0.252704 0.193618
23 0.403827 0.353151 0.083257 0.033056
32 0.227865 0.806807 0.114335 0.035991
17 0.506562 0.733988 0.010222 0.013819
22 0.349181 0.341566 0.060937 0.014005
22 0.389612 0.345633 0.021471 0.008341
39 0.043282 0.574108 0.022549 0.065098
30 0.297860 0.321897 0.018536 0.018948
17 0.506917 0.762289 0.009796 0.011737
31 0.328139 0.333998 0.068892 0.036763
61 0.217000 0.821849 0.187140 0.095646
