4.0 0.7131173113828345 0.4221103797368056 0.24205928900891166 0.5672473404720655
2.0 0.8496519596752448 0.338364792335224 0.18039500540780484 0.4352470989720642
8.0 0.8977690335781642 0.3414333917431357 0.13002205712735085 0.32463819173746294
7.0 0.5123239759274363 0.7859830892533108 0.220825755977986 0.36096847886144373
7.0 0.8898637331121833 0.4700895162315485 0.1012309574752166 0.18091609656827606
10.0 0.4623845821708566 0.5517622101205714 0.37246229312550583 0.4226349856800093
0.0 0.9412979206337598 0.3674029308993445 0.025425708798465698 0.09757905589331528
1.0 0.24958871219818685 0.7761846729438934 0.4991774243963737 0.44763065411221326
12.0 0.5765967937850928 0.25145442782805694 0.6255824801124392 0.30626099338115553
6.0 0.2794292488286235 0.4968557586760638 0.558858497657247 0.3626743331936379
14.0 0.46209694448107674 0.2885822343525554 0.41817512545754976 0.25940271058150155
35.0 0.7898687459630314 0.3695352686973668 0.031270119858098064 0.027618553957159155
35.0 0.8887637399955819 0.3070841058083412 0.019737011477429102 0.018394112344614022
49.0 0.5933617131419185 0.3591283108837206 0.04503639959943437 0.09406901123706948
40.0 0.6725952848898623 0.3264844282094395 0.13635728761054802 0.14475874220299598
68.0 0.7017475487696093 0.24447806734243135 0.1518395569392128 0.18907809085265354
53.0 0.7729640962482192 0.22086920686754133 0.04442113439335979 0.16336307408983256
65.0 0.8646840812726276 0.20549340919030354 0.054602891582826205 0.10813150698873569
64.0 0.8167455344682049 0.214445665309747 0.1005319548079684 0.1558731731034301
44.0 0.6075844442081114 0.7120852381480626 0.04974273794017269 0.14376851645585956
72.0 0.9439940210034361 0.2905925491968541 0.012305630729532216 0.06257709310224777
20.0 0.6857363848469846 0.3270539565721356 0.10329197617341189 0.06466312588400014
42.0 0.9337555384043693 0.4362251283802799 0.021395378744528747 0.0806960508746169
55.0 0.9193540755547542 0.37856409943029873 0.036831631963529315 0.05506433919222988
57.0 0.5598642926042333 0.6238939891283429 0.11259177868389068 0.09308417338448888
46.0 0.5341412995484683 0.792769589321678 0.13673227482401368 0.24733202850336358
46.0 0.9095311120325901 0.46993945725411296 0.04385548022391087 0.12001650886317122
70.0 0.2532617572628947 0.6662878373298311 0.27850063585909934 0.18590172516945283
63.0 0.07777411156608828 0.6646095256995602 0.15554822313217656 0.21838494658279445
60.0 0.07784524808614603 0.8698370938310227 0.14083493873365643 0.19589261978737796
59.0 0.035612511559916966 0.7766065035521077 0.07122502311983393 0.17918552179666727
26.0 0.7632211380860798 0.3146944707962136 0.06198069417749016 0.0375805840810723
16.0 0.726835850038867 0.11331128853347384 0.01568532671168621 0.029082284962412438
29.0 0.6084215517758461 0.4738519984758864 0.02357426534346511 0.027214989086323967
24.0 0.8364894651942558 0.2753394058152546 0.09925670293778514 0.054536791484394234
17.0 0.514326704882567 0.7991764055808122 0.01243708659006406 0.014390149246388166
17.0 0.5231484651121745 0.7660691601326286 0.011700642305095528 0.016261985904467213
17.0 0.5255490380976913 0.8129441926050618 0.012457698232013759 0.016377151924545818
51.0 0.7542697516041734 0.6118357406642139 0.2870398335504348 0.2465728351197493
23.0 0.39411219315167406 0.3730087428070682 0.09177696615424115 0.048603373413031996
32.0 0.24770905862817158 0.8832419414776018 0.12518091122191485 0.05676073682589049
17.0 0.538256413800636 0.7607171994084408 0.012154889511928198 0.01633102512877283
22.0 0.33479278915501015 0.3695715727513104 0.0662471738931751 0.024754685557505367
22.0 0.3782722635484487 0.3673318751735831 0.02365150946428988 0.012339147170934173
39.0 0.029753072223170147 0.6661022658717065 0.02995774301773653 0.07277850909851509
30.0 0.2782841414747135 0.35701147132088823 0.0214857684615806 0.023125558314875876
17.0 0.5412062712024398 0.7907095998558799 0.011511504013519509 0.01405127196286887
31.0 0.31166891231808647 0.3649489588946785 0.07679696352896898 0.050209437922279485
61.0 0.23749080924526292 0.9009758402384803 0.20823008407786128 0.1319114589136446
