4.0 0.439718671384487 0.24378759085750526 0.2213033073825836 0.3933190107183865
2.0 0.3332599914934328 0.18611801359502944 0.13308956590271454 0.2828410053808638
10.0 0.6610926775664328 0.3249926411722314 0.3824784590409168 0.28373682877088036
8.0 0.3115357103221097 0.20607982215333684 0.1201609335633871 0.2133371061865105
7.0 0.6150346231622789 0.4898337688056974 0.15483706956745535 0.21303381792762455
6.0 0.7829262486362827 0.276700590627797 0.4341475027274347 0.23752916015553338
7.0 0.3217468556901299 0.28475930464258 0.09313301850976943 0.10995277732370763
1.0 0.7835671404266256 0.5381485568741802 0.3914178003121378 0.24348660337045525
14.0 0.7376431720337798 0.12819377001739143 0.5247136559324403 0.21382564221780978
12.0 0.650982625836447 0.11254956564587705 0.6980347483271061 0.2250991312917541
35.0 0.36626037628967756 0.21542443834959138 0.02398411825790494 0.018040140653546644
35.0 0.2989880283826078 0.17821736537731472 0.01629712936256351 0.01307462275047224
49.0 0.5268049101968602 0.19779145724326858 0.04037180343643027 0.06755720181524674
40.0 0.44221071230524717 0.1760227437203756 0.15761130759457365 0.1028896917222335
29.0 0.5056855558198838 0.28282248131503707 0.022512413671684897 0.019005143279138364
68.0 0.4425172549933927 0.12508172306577292 0.1247206919185856 0.14027914886273787
64.0 0.35779591048623033 0.10864296495819233 0.0784940717461419 0.11008553798181124
55.0 0.2851798019982601 0.23282935662379045 0.02530847009406155 0.04688014689783371
53.0 0.3868348663018873 0.10794212730364693 0.03800270756796165 0.11845029499045039
65.0 0.32216316012489776 0.10614424759676769 0.04011478948640556 0.07453055827875305
57.0 0.5452805516112367 0.4098637523773492 0.08750240723114147 0.10317762750286161
46.0 0.30285493722760815 0.2840643379153392 0.039094894006369445 0.07470914218239724
70.0 0.8481938909489207 0.42325072406151804 0.27841905844894416 0.13899371521106704
51.0 0.4182495226145184 0.37748499360702936 0.22860906970653744 0.16379990015904627
24.0 0.34017939036646083 0.15395239238794078 0.07163280639072744 0.032044531418034566
26.0 0.3757199446423916 0.1685391960451495 0.014537122292902223 0.007449147588928169
20.0 0.42655655997682046 0.17894551057778899 0.11976189401983237 0.04609725796465499
61.0 0.8562547190964964 0.5866396798786544 0.21801838442584653 0.080967060271939
16.0 0.48664339598652984 0.018498666253883245 0.01818736501376768 0.02139609038847567
23.0 0.837526863036136 0.19072031688190122 0.1391636286750645 0.04253591759908412
31.0 0.95047285554892 0.18550463046907334 0.09905428890216005 0.03188126047848499
22.0 0.8941036018131191 0.19070547794204065 0.18519631568426778 0.04266567543753464
