11 0.732346 0.412397 0.038123 0.107903
0 0.271133 0.658735 0.542266 0.195546
54 0.629587 0.322870 0.051930 0.099068
9 0.434164 0.477078 0.351874 0.239063
67 0.530251 0.355925 0.044778 0.110756
69 0.658705 0.323440 0.083974 0.088841
35 0.602024 0.445632 0.028714 0.019438
3 0.606861 0.420375 0.136097 0.293192
58 0.744619 0.405506 0.013438 0.035407
56 0.576788 0.555821 0.048975 0.072077
59 0.047027 0.549234 0.094054 0.072226
66 0.594094 0.337952 0.100079 0.115268
17 0.547573 0.641753 0.010917 0.007321
52 0.653089 0.532769 0.127413 0.133268
7 0.724453 0.446915 0.044496 0.087629
5 0.669379 0.391456 0.119702 0.237127
12 0.340789 0.305303 0.681578 0.114341
7 0.522923 0.637236 0.133899 0.184371
13 0.206192 0.510517 0.412383 0.257076
15 0.246376 0.347285 0.492752 0.135756
46 0.553040 0.637207 0.057472 0.126969
17 0.550074 0.623706 0.010007 0.008002
25 0.603794 0.389289 0.105679 0.036789
35 0.685142 0.404174 0.014151 0.013267
27 0.679294 0.365374 0.052734 0.018787
41 0.724022 0.338229 0.065808 0.041242
73 0.333186 0.560239 0.221333 0.101150
47 0.513510 0.489874 0.035690 0.055981
21 0.740068 0.340713 0.034097 0.019738
16 0.283796 0.241615 0.048961 0.056742
