11 0.632356 0.458425 0.049790 0.161151
9 0.283096 0.519437 0.391757 0.309317
5 0.553381 0.437886 0.129499 0.322180
7 0.374012 0.731657 0.145127 0.268826
3 0.470890 0.462878 0.153935 0.377422
13 0.125147 0.556062 0.249621 0.315081
0 0.177665 0.754373 0.355331 0.227136
7 0.626784 0.516373 0.053341 0.136425
15 0.179459 0.347834 0.358918 0.131761
35 0.555327 0.441885 0.018417 0.013532
12 0.317203 0.314127 0.563249 0.126273
35 0.444293 0.479518 0.033961 0.021284
54 0.504975 0.335444 0.049726 0.121647
41 0.604735 0.362477 0.048245 0.051155
69 0.542954 0.338718 0.096261 0.113272
58 0.647187 0.472148 0.017106 0.072854
66 0.458706 0.347555 0.111886 0.133076
67 0.372526 0.363769 0.047218 0.125908
56 0.418088 0.634199 0.073150 0.118089
73 0.156160 0.590539 0.181724 0.139482
46 0.396418 0.732955 0.076411 0.174640
46 0.639753 0.517336 0.021796 0.089830
47 0.331868 0.519947 0.043043 0.077028
48 0.088906 0.839554 0.177812 0.028603
27 0.559760 0.394300 0.068926 0.013119
52 0.536532 0.614441 0.170586 0.163068
21 0.615458 0.368271 0.026192 0.028873
29 0.621222 0.416997 0.006389 0.009840
17 0.407348 0.730696 0.008957 0.012500
25 0.460150 0.412602 0.128930 0.027620
17 0.403378 0.711334 0.006718 0.009919
17 0.390502 0.745710 0.004377 0.011278
17 0.392639 0.719147 0.004479 0.008560
17 0.399510 0.751145 0.005700 0.011549
19 0.396507 0.731172 0.010281 0.022419
37 0.127483 0.838951 0.099633 0.012600
16 0.229777 0.235159 0.065161 0.076584
