11.0 0.40242691764265626 0.4968261500112304 0.047313299394322425 0.16915290103495811
9.0 0.7323808081076489 0.5598002851301465 0.3705371519745041 0.3255348947738474
5.0 0.47697434768058855 0.47505667460620754 0.12288206721336678 0.33826465991221544
7.0 0.6469026435400385 0.7826314937627594 0.13754487526822354 0.28235440862880784
3.0 0.5549245891749864 0.5010280473621663 0.14605943505581404 0.39627099135034943
13.0 0.8816151693177293 0.5977530595536166 0.23631327486909345 0.33116776975658374
0.0 0.8321907086838719 0.805885743688408 0.33561858263225625 0.23924118182081136
7.0 0.4077938734934337 0.5575834473134771 0.05062215252344245 0.14323158310364656
15.0 0.829946212171833 0.3795296002424902 0.3392028736372473 0.1392262404724617
35.0 0.4751437564055137 0.4792562828954419 0.017417603685583174 0.014245221089287496
12.0 0.699798863175077 0.3445784902655258 0.5321646568865945 0.13406313593746086
35.0 0.5800730815624782 0.5184022796295664 0.03211147618910985 0.02242024212791232
54.0 0.5225041864119088 0.36747936452568086 0.04718150491201716 0.1277225554095032
41.0 0.42833895764454694 0.3961197188655835 0.045655443359538216 0.05378915392015978
69.0 0.4866424567243528 0.3710231209638401 0.0911142588705142 0.11907414752291416
58.0 0.38844520967128415 0.5112612578166236 0.016286748860434082 0.07645592211942973
66.0 0.5662228495750005 0.3800467108676668 0.10590641207389381 0.13988904445857536
67.0 0.6476411646837914 0.3968013755117185 0.04482053436416351 0.1321840305392693
56.0 0.6051008243321381 0.6805493559681293 0.06929678360865324 0.12405901400162883
73.0 0.8523885953758306 0.6340010249118277 0.1718734862088623 0.14680994157511024
46.0 0.6257446190534481 0.784057732284079 0.0724787262022743 0.1833768718675657
46.0 0.3955476092732538 0.5586310260454203 0.0207466343178163 0.09427325016530617
47.0 0.6863211241599034 0.5604765666441024 0.04078934466739279 0.08090861264320949
48.0 0.916182248207212 0.8949626951501531 0.16763550358557608 0.03051326318933516
27.0 0.47087119497026286 0.42936395261809035 0.06511795306917179 0.01395851136390686
52.0 0.4932057564929942 0.6601714420492679 0.16139734071569176 0.17151364497801974
21.0 0.41822255569218725 0.40222734010694783 0.024788046634231144 0.030356758230915225
29.0 0.41286704631502474 0.45334585322021065 0.006051621635805968 0.010338325144914253
17.0 0.6154181643554453 0.7817202939137816 0.00848167270844641 0.013135445350915839
25.0 0.5649766715292579 0.44826952520931307 0.12181242109652497 0.02934059211295185
17.0 0.6191324659676256 0.7614027422037623 0.006362434696199367 0.01042210595422371
17.0 0.6313547268121994 0.7974175350652178 0.004154059687710874 0.011840628886259308
17.0 0.6292885735682315 0.7695655623840384 0.004245517877670485 0.008990427839943776
17.0 0.6228573948010422 0.8031436487939789 0.005403985633893361 0.012128639646643518
19.0 0.6256573541315543 0.7821880393294014 0.00974993584934083 0.02354191036413396
37.0 0.8799202938303035 0.8944421642851863 0.09411687180939027 0.013503331490058456
16.0 0.7822219237053817 0.2615065924357247 0.061676914157021374 0.08050710378913098
