2 0.962015 0.280419 0.075970 0.285881
4 0.893628 0.343656 0.155417 0.411493
10 0.692349 0.437886 0.296414 0.271298
7 0.981734 0.399861 0.035931 0.056543
6 0.380171 0.421469 0.748799 0.256716
7 0.724897 0.614715 0.148688 0.224627
14 0.555603 0.244174 0.565288 0.172366
12 0.642738 0.213728 0.713563 0.185616
1 0.363521 0.641211 0.727043 0.256550
49 0.812033 0.312546 0.025989 0.058696
41 0.307041 0.256751 0.029513 0.020104
68 0.890816 0.220927 0.103073 0.158173
54 0.936751 0.197438 0.036818 0.119117
40 0.897145 0.288159 0.157806 0.102415
35 0.957610 0.313750 0.020805 0.014261
64 0.963366 0.194636 0.072488 0.108647
46 0.743636 0.617869 0.080174 0.154851
57 0.789744 0.519944 0.051981 0.080179
63 0.180317 0.533368 0.339490 0.129520
71 0.006020 0.477739 0.011453 0.069386
70 0.473910 0.552536 0.324568 0.133938
60 0.180471 0.665889 0.341558 0.150012
59 0.122169 0.624790 0.212622 0.122031
51 0.894293 0.483691 0.197644 0.193191
61 0.456882 0.707964 0.279874 0.072469
20 0.915051 0.286447 0.120734 0.038835
21 0.307346 0.256242 0.029513 0.020104
26 0.977805 0.242158 0.043190 0.033131
29 0.828382 0.396442 0.019235 0.019672
39 0.125366 0.537039 0.047826 0.055326
22 0.468588 0.313204 0.226439 0.021666
24 0.945536 0.261299 0.027239 0.016933
23 0.525060 0.315619 0.153984 0.026216
18 0.013593 0.571461 0.009813 0.014835
31 0.375199 0.304509 0.165184 0.033251
30 0.310450 0.299405 0.086087 0.024972
17 0.741782 0.618952 0.012081 0.008364
17 0.744105 0.600271 0.011152 0.008922
17 0.730258 0.633381 0.010223 0.008225
