2.0 0.9620150327682495 0.2804190069437027 0.07596993446350098 0.28588101267814636
4.0 0.8936280310153961 0.343655988574028 0.15541702508926392 0.4114929735660553
10.0 0.6923490166664124 0.4378860145807266 0.29641401767730713 0.27129802107810974
7.0 0.981734037399292 0.3998609930276871 0.03593099117279053 0.0565430223941803
6.0 0.38017099210992455 0.42146898806095123 0.7487989841029048 0.2567159831523895
7.0 0.7248969972133636 0.6147149801254272 0.14868801832199097 0.22462701797485352
14.0 0.5556029975414276 0.24417398869991302 0.5652880072593689 0.17236599326133728
12.0 0.6427379846572876 0.21372799575328827 0.7135629653930664 0.18561598658561707
1.0 0.3635212481021881 0.6412110030651093 0.7270424962043762 0.25655001401901245
49.0 0.8120329976081848 0.3125459998846054 0.02598893642425537 0.05869600176811218
41.0 0.3070410043001175 0.25675100088119507 0.029513031244277954 0.02010399103164673
68.0 0.8908160328865051 0.22092699259519577 0.10307300090789795 0.15817297995090485
54.0 0.93675097823143 0.19743799418210983 0.036817967891693115 0.11911697685718536
40.0 0.897145003080368 0.28815899789333344 0.15780597925186157 0.10241499543190002
35.0 0.957610011100769 0.3137499988079071 0.020805001258850098 0.014261007308959961
64.0 0.9633660316467285 0.1946359947323799 0.07248795032501221 0.10864700376987457
46.0 0.7436359524726868 0.6178689897060394 0.08017396926879883 0.1548510193824768
57.0 0.7897440195083618 0.5199439972639084 0.05198097229003906 0.08017900586128235
63.0 0.18031700607389212 0.5333679765462875 0.3394900131970644 0.1295199692249298
71.0 0.006019999840646051 0.47773902118206024 0.011452999693574384 0.06938603520393372
70.0 0.47390998899936676 0.5525359958410263 0.3245680034160614 0.1339379847049713
60.0 0.1804709965363145 0.6658889651298523 0.3415579926222563 0.15001201629638672
59.0 0.12216899823397398 0.6247900128364563 0.21262199617922306 0.12203097343444824
51.0 0.8942929804325104 0.48369100689888 0.1976439356803894 0.19319099187850952
61.0 0.4568819999694824 0.7079640030860901 0.27987396717071533 0.07246899604797363
20.0 0.9150510132312775 0.2864469885826111 0.12073403596878052 0.038834989070892334
21.0 0.30734600126743317 0.256241999566555 0.029513031244277954 0.020104005932807922
26.0 0.9778049886226654 0.24215799570083618 0.043189942836761475 0.03313100337982178
29.0 0.8283819854259491 0.3964420109987259 0.019235074520111084 0.019672006368637085
39.0 0.125365998595953 0.5370390117168427 0.047825999557971954 0.05532604455947876
22.0 0.4685879945755005 0.3132040202617645 0.2264389991760254 0.021665990352630615
24.0 0.9455360174179077 0.2612989991903305 0.027239084243774414 0.01693299412727356
23.0 0.5250599831342697 0.31561899185180664 0.1539839804172516 0.02621603012084961
18.0 0.01359300035983324 0.571461021900177 0.00981300137937069 0.014835000038146973
31.0 0.37519897520542145 0.3045089989900589 0.16518399119377136 0.033251017332077026
30.0 0.3104499876499176 0.2994050234556198 0.08608698844909668 0.024971991777420044
17.0 0.7417819797992706 0.6189520359039307 0.012080967426300049 0.008363962173461914
17.0 0.7441050112247467 0.6002709865570068 0.01115196943283081 0.008921980857849121
17.0 0.7302579879760742 0.6333810091018677 0.010223031044006348 0.008224964141845703
