5 0.423473 0.479036 0.197920 0.449819
9 0.204348 0.432201 0.117504 0.264990
7 0.218190 0.538618 0.084530 0.151462
3 0.275486 0.427789 0.137700 0.350476
11 0.669608 0.562937 0.307684 0.305187
7 0.641757 0.752038 0.185492 0.276379
1 0.841323 0.756849 0.317355 0.234470
6 0.794024 0.493026 0.411468 0.231718
0 0.159679 0.466278 0.031376 0.116591
12 0.410566 0.324713 0.409890 0.188085
14 0.608870 0.346234 0.305970 0.170223
35 0.223747 0.399456 0.021155 0.014408
50 0.537193 0.423485 0.030906 0.055444
35 0.344602 0.446612 0.031809 0.019759
41 0.473254 0.402764 0.098826 0.105382
54 0.340428 0.318968 0.028504 0.132247
66 0.290151 0.318700 0.100339 0.122114
58 0.592428 0.663066 0.114806 0.126784
69 0.418584 0.336947 0.141307 0.154548
67 0.233682 0.309276 0.050709 0.083810
56 0.189871 0.477993 0.043373 0.074552
63 0.965971 0.612800 0.067742 0.129048
73 0.148078 0.385148 0.009905 0.052934
71 0.853569 0.625580 0.198745 0.109423
60 0.973483 0.778471 0.053034 0.099648
59 0.996617 0.712996 0.006591 0.069697
62 0.882699 0.801470 0.141104 0.079262
52 0.391516 0.643930 0.307437 0.180504
46 0.628180 0.763669 0.111612 0.172554
46 0.203537 0.541774 0.039748 0.100604
47 0.174388 0.383707 0.012931 0.040590
27 0.378660 0.402676 0.093445 0.037575
21 0.462379 0.403821 0.076977 0.039853
29 0.538568 0.515804 0.020280 0.018269
18 0.968925 0.739680 0.010223 0.023651
25 0.276291 0.368227 0.110520 0.041036
16 0.339896 0.215737 0.023485 0.036320
19 0.625023 0.763403 0.025751 0.039706
19 0.202637 0.542128 0.008786 0.022247
39 0.996144 0.595401 0.007294 0.044494
33 0.875677 0.789562 0.087090 0.028804
31 0.686218 0.406675 0.109701 0.015848
22 0.719602 0.401412 0.068301 0.019669
30 0.632227 0.417108 0.096162 0.016991
23 0.747646 0.390804 0.049126 0.010092
