5.0 0.4226228382588071 0.5486109481196025 0.25935736727424474 0.47330167451832394
9.0 0.19566492042670602 0.5602221041411075 0.1537035146992116 0.2790544907971072
7.0 0.2238030037439186 0.6567857627361509 0.10534640289456353 0.1639122225800116
3.0 0.2667289710303913 0.5380040375266578 0.18544939377899453 0.36457920179471814
11.0 0.6817306912479039 0.5649979591558725 0.350621589799049 0.3651626730324337
7.0 0.6789041785707594 0.7499113373674112 0.22370266740570344 0.30703399324427855
1.0 0.8525455830622787 0.7037468725534107 0.29490883387544264 0.3011133714995921
6.0 0.7875214093364672 0.46764921051077085 0.4249571813270656 0.32242980655195563
0.0 0.1552186341999495 0.603615464504915 0.047156137700964586 0.11761695924415784
12.0 0.3890358610884143 0.4067567720657641 0.4379455569477158 0.28099442718214956
14.0 0.5916452912873812 0.3766276094435391 0.33089099719832943 0.2378008720932723
35.0 0.21083609015271682 0.5244998922446473 0.023230051109001126 0.01892323789735864
50.0 0.5297550034113852 0.46748375352576577 0.038525728536221875 0.05999211592717807
35.0 0.3388559373459558 0.5381508736970503 0.034674941111865254 0.026661623104198055
41.0 0.4625892952792146 0.4642370199676341 0.11359878078686961 0.12420753557164012
54.0 0.317624102796781 0.4191686815572752 0.04635187507177207 0.13161113637815938
66.0 0.266947664812933 0.4316868299051573 0.11735476194926064 0.14032744202085287
58.0 0.6173495182123548 0.6787673523730738 0.13254940589938494 0.1483938906448365
69.0 0.39874387843877734 0.41622563680696884 0.16294583777579774 0.1812355754232951
67.0 0.20881301347216155 0.4371669821822869 0.06225603618821239 0.09169872083263991
56.0 0.1871918210247206 0.6069641011603082 0.05363195074580626 0.08112874712953574
63.0 0.9720828914388392 0.536616307364762 0.05583421712232166 0.13856895585421536
73.0 0.13271101894637827 0.5302636310085775 0.01703802296614389 0.05229741969692112
71.0 0.875378999349006 0.5771849267693047 0.2147796136999826 0.15338689076182727
60.0 0.9916003749200979 0.6905129789264215 0.01679925015980435 0.10718403482684204
62.0 0.9259171155737064 0.7352010967369689 0.1481657688525875 0.11038159505720285
52.0 0.4124314012654842 0.7118019019116354 0.3337401031702751 0.24784218820108309
46.0 0.6667805181339898 0.764298193240499 0.13543802110259473 0.19062691231387893
46.0 0.20946501639182433 0.6634756255445012 0.05345604171407269 0.10470851775016551
47.0 0.1590191222012016 0.5222258147295922 0.018439228642796335 0.041457165728447196
27.0 0.36729929569991765 0.48818079292418665 0.09913345852056087 0.05907194309880399
21.0 0.4517766253204678 0.46799326762404675 0.08285019884558542 0.057031491591281326
29.0 0.5434552319730211 0.5539555686362571 0.022863713478203256 0.022331994025294396
25.0 0.2595942775597253 0.48178471278610435 0.11679368027434525 0.06666384767240004
16.0 0.30331732103249637 0.322220587075016 0.028499927147578746 0.04012209945790737
19.0 0.6635652084395218 0.7648499118174368 0.031234030007675814 0.043882017221743834
19.0 0.20860573529105203 0.6640371309576325 0.011817287971615778 0.023153737478877223
33.0 0.9195220051668385 0.7257858413860724 0.09156246505328151 0.04920922564062696
31.0 0.6776156233598044 0.4138230222872413 0.11260872537154995 0.042767868930739986
22.0 0.7105390064627394 0.40039404644987536 0.071418884623918 0.03584586105698811
30.0 0.6246258202858499 0.43734821772449134 0.09912424492225322 0.04040394639201041
23.0 0.7373707604345057 0.3832947181925351 0.05082767397510622 0.021968836595114758
