8 0.275497 0.352714 0.090635 0.169691
9 0.800105 0.352056 0.104159 0.178807
0 0.538769 0.678678 0.625505 0.255010
12 0.531868 0.199616 0.443111 0.140224
73 0.816697 0.508090 0.079822 0.142390
72 0.266611 0.503997 0.085572 0.146493
13 0.544459 0.479326 0.538884 0.332737
48 0.538004 0.759253 0.596422 0.076601
39 0.546345 0.441715 0.049610 0.064615
38 0.342327 0.573977 0.058071 0.019316
36 0.275718 0.744086 0.067045 0.038120
37 0.803395 0.746108 0.061404 0.037607
15 0.536922 0.244834 0.457401 0.152265
16 0.531476 0.110181 0.022946 0.088205
59 0.543643 0.532774 0.245286 0.086341
