8.0 0.2754969894886017 0.35271400213241577 0.09063500165939331 0.1696910262107849
9.0 0.8001050055027008 0.35205599665641785 0.10415893793106079 0.17880696058273315
0.0 0.5387689918279648 0.6786779761314392 0.6255050003528595 0.2550100088119507
12.0 0.5318680107593536 0.19961600005626678 0.44311100244522095 0.14022400975227356
73.0 0.816696971654892 0.5080900192260742 0.07982200384140015 0.14239001274108887
72.0 0.2666110023856163 0.5039969980716705 0.0855720192193985 0.14649301767349243
13.0 0.5444590002298355 0.479325994849205 0.5388840138912201 0.332736998796463
48.0 0.5380040034651756 0.7592529952526093 0.5964220315217972 0.07660096883773804
39.0 0.5463450253009796 0.44171498715877533 0.0496099591255188 0.06461498141288757
38.0 0.3423269987106323 0.5739769637584686 0.058071017265319824 0.019316017627716064
36.0 0.27571800351142883 0.7440859973430634 0.06704497337341309 0.0381200909614563
37.0 0.803395003080368 0.7461079657077789 0.06140393018722534 0.037607014179229736
15.0 0.5369220077991486 0.24483399093151093 0.45740097761154175 0.15226498246192932
16.0 0.5314760208129883 0.11018099635839462 0.02294600009918213 0.0882049947977066
59.0 0.5436429977416992 0.5327740013599396 0.2452859878540039 0.08634096384048462
