4 0.548175 0.480053 0.248635 0.437502
10 0.270716 0.558992 0.315496 0.295312
2 0.753541 0.442371 0.184193 0.363128
53 0.668242 0.330404 0.021753 0.138567
64 0.740473 0.330544 0.128421 0.127172
62 0.062001 0.732129 0.096798 0.076549
46 0.299671 0.737286 0.125233 0.154497
6 0.191604 0.460751 0.335975 0.195969
68 0.563719 0.350246 0.178508 0.161915
7 0.837432 0.570352 0.111207 0.167641
24 0.749518 0.384920 0.161777 0.039063
19 0.301817 0.738527 0.030067 0.036030
72 0.940761 0.408316 0.018503 0.066497
12 0.626122 0.326209 0.476558 0.188435
20 0.483708 0.414745 0.066573 0.040194
55 0.867790 0.517059 0.067414 0.094643
35 0.816917 0.422656 0.032247 0.015218
26 0.593470 0.418097 0.150141 0.039063
7 0.292933 0.726948 0.197136 0.247248
49 0.413249 0.427770 0.037210 0.053923
0 0.921795 0.496777 0.054609 0.127777
19 0.850497 0.574979 0.013660 0.024662
1 0.116988 0.681991 0.233950 0.247201
8 0.855077 0.453450 0.184481 0.279925
46 0.849993 0.574066 0.059747 0.108566
40 0.474256 0.407484 0.091651 0.099868
70 0.096720 0.586227 0.150263 0.084109
63 0.024475 0.577919 0.027412 0.080309
32 0.066061 0.722828 0.058978 0.029093
29 0.402285 0.514501 0.023201 0.017051
14 0.395565 0.343763 0.266596 0.168435
65 0.820901 0.323983 0.065385 0.090038
35 0.644611 0.462694 0.042003 0.018526
51 0.601641 0.655384 0.389931 0.138963
57 0.295493 0.669670 0.223220 0.163750
60 0.015000 0.713582 0.012245 0.046488
39 0.017310 0.544917 0.012649 0.044507
16 0.722029 0.220883 0.033898 0.042773
22 0.293067 0.397531 0.040548 0.035452
31 0.272321 0.380626 0.015829 0.037282
30 0.286525 0.366078 0.024138 0.029766
23 0.294691 0.400952 0.023129 0.031116
