4.0 0.45182499289512634 0.48005297780036926 0.24863499402999878 0.4375019669532776
10.0 0.729284018278122 0.5589919984340668 0.315496027469635 0.29531198740005493
2.0 0.2464590072631836 0.4423709958791733 0.18419301509857178 0.3631279766559601
53.0 0.3317579925060272 0.33040399849414825 0.021753013134002686 0.1385670006275177
64.0 0.2595269978046417 0.33054400980472565 0.12842100858688354 0.12717202305793762
62.0 0.9379989802837372 0.7321290075778961 0.09679800271987915 0.0765489935874939
46.0 0.7003290057182312 0.7372860014438629 0.12523305416107178 0.154496967792511
6.0 0.8083960115909576 0.4607509821653366 0.3359749913215637 0.19596901535987854
68.0 0.4362809956073761 0.35024601221084595 0.1785079836845398 0.16191500425338745
7.0 0.16256800293922424 0.5703519880771637 0.11120694875717163 0.16764098405838013
24.0 0.2504819929599762 0.38491998612880707 0.16177695989608765 0.03906300663948059
19.0 0.698183000087738 0.7385270297527313 0.030067086219787598 0.03602999448776245
72.0 0.05923900008201599 0.4083160012960434 0.018503010272979736 0.06649699807167053
12.0 0.37387797236442566 0.3262089937925339 0.47655802965164185 0.18843498826026917
20.0 0.516292005777359 0.4147449880838394 0.06657296419143677 0.04019400477409363
55.0 0.13220998644828796 0.5170589983463287 0.06741398572921753 0.09464293718338013
35.0 0.1830829679965973 0.42265598475933075 0.03224700689315796 0.015217989683151245
26.0 0.4065300226211548 0.41809700429439545 0.15014100074768066 0.03906300663948059
7.0 0.7070669829845428 0.7269479930400848 0.19713598489761353 0.24724799394607544
49.0 0.5867509841918945 0.4277700185775757 0.03720998764038086 0.05392301082611084
0.0 0.07820498943328857 0.4967769831418991 0.054609060287475586 0.12777701020240784
19.0 0.14950302243232727 0.5749789774417877 0.013660013675689697 0.02466195821762085
1.0 0.8830119967460632 0.6819910109043121 0.23395001888275146 0.24720102548599243
8.0 0.14492300152778625 0.4534499943256378 0.1844809651374817 0.2799249291419983
46.0 0.1500069797039032 0.5740659832954407 0.05974704027175903 0.1085660457611084
40.0 0.5257440507411957 0.4074840098619461 0.09165102243423462 0.09986796975135803
70.0 0.9032799899578094 0.5862270295619965 0.1502630114555359 0.08410900831222534
63.0 0.9755249917507172 0.5779190063476562 0.027411997318267822 0.08030903339385986
32.0 0.9339390099048615 0.7228280007839203 0.05897802114486694 0.02909296751022339
29.0 0.5977150201797485 0.5145009756088257 0.02320098876953125 0.017050981521606445
14.0 0.604434996843338 0.34376300871372223 0.2665960192680359 0.1684350073337555
65.0 0.1790989637374878 0.32398299872875214 0.06538498401641846 0.09003803133964539
35.0 0.3553889989852905 0.462693989276886 0.04200291633605957 0.018526017665863037
51.0 0.3983590304851532 0.6553840041160583 0.3899310231208801 0.138962984085083
57.0 0.7045069932937622 0.6696700155735016 0.22321999073028564 0.16374999284744263
60.0 0.9849999845027924 0.7135819792747498 0.012244999408721924 0.04648792743682861
39.0 0.9826900064945221 0.5449170172214508 0.012648999691009521 0.044506967067718506
16.0 0.27797096967697144 0.22088299691677094 0.033897995948791504 0.04277300834655762
22.0 0.7069329917430878 0.3975309878587723 0.04054802656173706 0.0354519784450531
31.0 0.7276789844036102 0.38062599301338196 0.015829026699066162 0.03728199005126953
30.0 0.7134749889373779 0.3660780042409897 0.02413797378540039 0.029765993356704712
23.0 0.7053090333938599 0.400952011346817 0.023128986358642578 0.031116008758544922
