11 0.275045 0.408930 0.081941 0.216994
12 0.485489 0.233003 0.352377 0.163849
10 0.690004 0.416251 0.069807 0.213334
14 0.487549 0.258140 0.338776 0.150409
41 0.288882 0.294151 0.041260 0.049576
40 0.685444 0.305374 0.046946 0.047050
1 0.479254 0.632514 0.496354 0.268605
6 0.479402 0.426653 0.428342 0.221856
63 0.478868 0.568211 0.337922 0.088719
70 0.667389 0.520414 0.093962 0.132292
71 0.289408 0.512148 0.093391 0.136534
59 0.477345 0.664230 0.198322 0.068833
61 0.677313 0.674946 0.088385 0.125374
60 0.477251 0.708121 0.332190 0.080460
21 0.289011 0.286452 0.040143 0.033484
62 0.277971 0.671296 0.087176 0.129010
20 0.687485 0.297958 0.041851 0.032801
32 0.687338 0.661605 0.048684 0.061957
33 0.267573 0.656251 0.044755 0.060818
18 0.313027 0.651897 0.017078 0.022773
39 0.478844 0.576959 0.045263 0.060516
22 0.460916 0.323543 0.081394 0.007395
31 0.433112 0.321844 0.146250 0.021836
30 0.366756 0.316908 0.094770 0.017183
23 0.549395 0.326839 0.112964 0.013694
