11.0 0.7756855758512327 0.32571017217900156 0.12262727511869542 0.252686131661623
12.0 0.5214423275445049 0.20062156226303748 0.40491097009410326 0.27450163157593954
10.0 0.330734632087755 0.45299944389980357 0.10899964355134387 0.24532619373961495
14.0 0.5232281121791055 0.2277517820040548 0.3881498738190676 0.2563944363623378
41.0 0.7425429502569818 0.20852678436940422 0.05224782861760389 0.06422463388033742
40.0 0.3179913925592228 0.334634640110978 0.05795873814981618 0.06319624524762939
1.0 0.5917261582936674 0.6205819326044405 0.5763700557922726 0.426574302714408
6.0 0.5588050284205383 0.4033006954357058 0.4958114183993865 0.357626164516046
63.0 0.5819075676660705 0.5525871698714033 0.3774140763900488 0.19102335061065073
70.0 0.3716247962924227 0.5564465420731934 0.12207088613409421 0.16673133981783078
71.0 0.7766708581718738 0.4388139684318653 0.12213208840515581 0.17104496242653436
59.0 0.5988259597892286 0.6535139248358444 0.22416750208364541 0.12980760161342433
61.0 0.3855488355478021 0.7224426533530683 0.11497406994872099 0.15782120738016148
60.0 0.6059120731504334 0.6998218658533986 0.36993723943762613 0.18065291162974922
21.0 0.7411790174282847 0.20043626487980284 0.048485988218433154 0.046914750461611796
62.0 0.8142944272498724 0.6035284620651924 0.11425299042324734 0.16131133899360267
20.0 0.31461687029506347 0.32739376439518286 0.05021349857635632 0.04668578892046323
32.0 0.37264795217447644 0.7112472759772792 0.06219964025712642 0.07943407711788533
33.0 0.8230787783464042 0.5846498316915955 0.057794337759761255 0.07709955356483546
18.0 0.77351895952153 0.59314984880571 0.021984506869268804 0.02896164449364644
39.0 0.5833255376997818 0.5618153731484296 0.05829243659648938 0.07692715378884675
22.0 0.5622695060887842 0.2891229399033409 0.08868240106659944 0.03125851507262777
31.0 0.5918907534969607 0.2793182587876334 0.16070619024251925 0.06519035733101915
30.0 0.6624435301092256 0.2549885208356385 0.10462039001079716 0.04544550391483957
23.0 0.467671594575948 0.31809561153443666 0.1236252466783886 0.047004446846096296
