4 0.555115 0.499417 0.242885 0.320843
7 0.305019 0.670280 0.191282 0.180946
2 0.758935 0.476922 0.188317 0.275359
10 0.288425 0.553644 0.298259 0.221257
7 0.848702 0.581344 0.112407 0.130781
8 0.866042 0.483185 0.185245 0.224359
6 0.201158 0.481811 0.339579 0.128386
14 0.405161 0.397389 0.255545 0.116226
68 0.567465 0.401518 0.177163 0.115388
64 0.745528 0.390989 0.129748 0.093472
1 0.129742 0.630289 0.249785 0.191834
70 0.118695 0.563146 0.155608 0.061927
0 0.934841 0.529702 0.058262 0.100351
65 0.826683 0.389801 0.069928 0.070942
63 0.038678 0.554188 0.041448 0.069623
12 0.626542 0.384731 0.453302 0.130884
35 0.648807 0.488659 0.042810 0.012854
35 0.823968 0.463803 0.032774 0.010189
40 0.484225 0.443463 0.090524 0.067071
49 0.421206 0.453849 0.042310 0.049478
20 0.494795 0.445315 0.069384 0.029559
17 0.319501 0.662190 0.009777 0.009895
61 0.081385 0.670071 0.109290 0.059657
26 0.599837 0.453519 0.145970 0.023629
53 0.673125 0.390470 0.025780 0.103945
57 0.314966 0.621829 0.201085 0.107916
55 0.879074 0.541632 0.069409 0.078237
46 0.861110 0.584713 0.063139 0.090322
46 0.314938 0.678833 0.127418 0.126092
60 0.024247 0.655942 0.018083 0.057924
24 0.755007 0.433570 0.164034 0.024475
29 0.413849 0.518394 0.021020 0.011728
17 0.302575 0.667687 0.008433 0.008918
51 0.609198 0.635121 0.391591 0.087167
59 0.009041 0.595236 0.009041 0.075794
16 0.735188 0.310165 0.017809 0.025311
17 0.316202 0.689372 0.008310 0.008796
17 0.299886 0.685157 0.007699 0.007208
19 0.855784 0.583444 0.009293 0.011739
17 0.858846 0.592292 0.005622 0.006475
17 0.849864 0.591803 0.005988 0.006475
17 0.849708 0.579105 0.005821 0.005002
17 0.858541 0.572868 0.006722 0.005253
32 0.089165 0.665461 0.062515 0.019740
17 0.327628 0.674909 0.008188 0.008402
39 0.023382 0.543396 0.012842 0.033183
23 0.289983 0.438186 0.049067 0.022162
