4.0 0.5551149845123291 0.4994170218706131 0.24288499355316162 0.32084307074546814
7.0 0.30501900613307953 0.6702799797058105 0.1912820041179657 0.1809459924697876
2.0 0.7589350044727325 0.4769219905138016 0.18831700086593628 0.27535900473594666
10.0 0.2884249910712242 0.5536440312862396 0.298258975148201 0.2212570309638977
7.0 0.8487020432949066 0.5813439786434174 0.11240702867507935 0.13078099489212036
8.0 0.8660419881343842 0.4831849932670593 0.18524497747421265 0.22435903549194336
6.0 0.20115800388157368 0.4818110018968582 0.3395790122449398 0.128385990858078
14.0 0.40516097843647003 0.3973889946937561 0.2555449903011322 0.11622601747512817
68.0 0.5674650073051453 0.40151800215244293 0.1771630048751831 0.11538800597190857
64.0 0.7455280423164368 0.3909890055656433 0.12974798679351807 0.09347200393676758
1.0 0.12974199978634715 0.6302890181541443 0.24978499952703714 0.1918339729309082
70.0 0.11869500204920769 0.5631459951400757 0.15560800582170486 0.061926960945129395
0.0 0.9348410069942474 0.5297019928693771 0.05826205015182495 0.1003510057926178
65.0 0.8266830146312714 0.3898010104894638 0.06992799043655396 0.07094201445579529
63.0 0.0386779997497797 0.5541880130767822 0.04144800081849098 0.06962299346923828
12.0 0.6265420168638229 0.3847309947013855 0.4533020555973053 0.13088399171829224
35.0 0.6488069891929626 0.48865897953510284 0.04280996322631836 0.012854009866714478
35.0 0.8239679932594299 0.4638029932975769 0.03277409076690674 0.0101889967918396
40.0 0.4842250198125839 0.4434630125761032 0.09052398800849915 0.06707099080085754
49.0 0.421205997467041 0.4538490027189255 0.04230999946594238 0.049477964639663696
20.0 0.4947950094938278 0.44531501829624176 0.06938400864601135 0.02955898642539978
17.0 0.31950101256370544 0.6621899902820587 0.0097770094871521 0.009895026683807373
61.0 0.08138500154018402 0.670071005821228 0.10929000377655029 0.05965697765350342
26.0 0.5998370051383972 0.4535190016031265 0.14596998691558838 0.023628979921340942
53.0 0.6731249988079071 0.3904699832201004 0.025780022144317627 0.10394498705863953
57.0 0.31496599316596985 0.6218290030956268 0.20108497142791748 0.10791605710983276
55.0 0.8790740072727203 0.5416319966316223 0.06940895318984985 0.07823705673217773
46.0 0.8611100018024445 0.5847129821777344 0.06313902139663696 0.09032201766967773
46.0 0.3149379938840866 0.6788330078125 0.12741801142692566 0.12609195709228516
60.0 0.024247000459581614 0.6559419929981232 0.018083001486957073 0.057923972606658936
24.0 0.7550069689750671 0.433569997549057 0.16403400897979736 0.02447497844696045
29.0 0.41384899616241455 0.5183940231800079 0.02101999521255493 0.011727988719940186
17.0 0.3025749921798706 0.6676870286464691 0.008432984352111816 0.00891798734664917
51.0 0.6091980040073395 0.6351209878921509 0.39159101247787476 0.08716702461242676
59.0 0.00904100015759468 0.5952360033988953 0.00904100015759468 0.07579398155212402
16.0 0.7351879775524139 0.31016500294208527 0.017808973789215088 0.025311022996902466
17.0 0.31620198488235474 0.6893720030784607 0.008310019969940186 0.008795976638793945
17.0 0.2998860031366348 0.6851570010185242 0.0076989829540252686 0.007207989692687988
19.0 0.855783998966217 0.5834440290927887 0.009292960166931152 0.011738955974578857
17.0 0.858845978975296 0.5922920107841492 0.005621969699859619 0.006474971771240234
17.0 0.8498640060424805 0.5918029844760895 0.005988001823425293 0.00647503137588501
17.0 0.8497079610824585 0.5791049897670746 0.0058209896087646484 0.005001962184906006
17.0 0.8585409820079803 0.5728680193424225 0.0067220330238342285 0.005253016948699951
32.0 0.08916499838232994 0.665461003780365 0.06251499801874161 0.019739985466003418
17.0 0.3276280015707016 0.6749089956283569 0.008187979459762573 0.008401989936828613
39.0 0.023382000625133514 0.54339599609375 0.012841999530792236 0.03318297863006592
23.0 0.28998300433158875 0.43818600475788116 0.049067020416259766 0.02216199040412903
