7 0.793033 0.735881 0.036245 0.152669
2 0.830803 0.307653 0.059810 0.269785
4 0.817925 0.342026 0.054775 0.338494
6 0.458295 0.490231 0.641533 0.295867
14 0.546478 0.283502 0.465908 0.179939
41 0.315520 0.310557 0.040232 0.039358
1 0.464464 0.744233 0.713660 0.327840
12 0.556761 0.249940 0.512985 0.194695
10 0.771850 0.491264 0.121064 0.298926
40 0.854291 0.326362 0.113186 0.086855
35 0.857901 0.295181 0.006500 0.013178
63 0.363212 0.649394 0.430114 0.147658
70 0.651030 0.625841 0.233932 0.168017
71 0.143135 0.561906 0.044291 0.129286
64 0.819979 0.227005 0.034458 0.097687
68 0.810950 0.257517 0.036961 0.160657
59 0.320325 0.759449 0.256763 0.125640
20 0.867469 0.323567 0.086672 0.041231
60 0.358102 0.801547 0.418472 0.156208
61 0.656168 0.814934 0.207828 0.133347
24 0.836558 0.274752 0.007027 0.047945
21 0.315423 0.307870 0.040132 0.032015
62 0.142293 0.743666 0.032287 0.070578
32 0.674510 0.803026 0.120025 0.066152
26 0.830624 0.306924 0.008901 0.021708
29 0.828253 0.437008 0.009348 0.020992
18 0.133289 0.699346 0.014843 0.022492
22 0.480309 0.363361 0.145084 0.011557
39 0.321314 0.659867 0.057606 0.066329
31 0.381495 0.353614 0.072140 0.021393
30 0.355561 0.349824 0.099249 0.020935
23 0.589185 0.365465 0.147217 0.016988
