7.0 0.2682805986670763 0.7962559884536056 0.04665012175802676 0.1500224030707169
2.0 0.2013832412756338 0.38526738370736563 0.07819316742605732 0.26480966910922016
4.0 0.21660821533891988 0.41756344396479034 0.0778214819446341 0.33082475401551215
6.0 0.5866349088309956 0.5354054749088678 0.662218599848939 0.33095503995111236
14.0 0.4843267651101786 0.341923102605296 0.47855745955869133 0.20661079580126746
41.0 0.7173334099177774 0.3517982068331333 0.042942650010215355 0.0408501204136332
1.0 0.5977166447415635 0.7811933802281245 0.7365835384566893 0.3669169811123685
12.0 0.47175420145044555 0.31022773439173257 0.5266799397520011 0.2241784610461663
10.0 0.2728641442256495 0.5584766052526198 0.14148282434234163 0.2972705172137255
40.0 0.17914489107812112 0.404992861602468 0.11918990294972649 0.09186564632126318
35.0 0.17341320779455952 0.37512762432913876 0.00740115910820647 0.013186876114653943
63.0 0.6926178202469851 0.682455675257983 0.44053781393273733 0.17290912631458064
70.0 0.4029372197045969 0.6799661388261422 0.24556006541231423 0.17876437979711807
71.0 0.9069517195256357 0.5824538190606278 0.05311483468745387 0.12800194864274406
64.0 0.20673807403870942 0.3066033498716909 0.04112605949822444 0.09678664578481541
68.0 0.21784823147900112 0.3354408476982995 0.04790937389105794 0.15778881308503379
59.0 0.7430208170402598 0.7857444214233034 0.26553283553629603 0.13943742631003386
20.0 0.16576496563852805 0.4032206931190886 0.0895521310958499 0.045928584187175325
60.0 0.7080694433515416 0.8290683858744856 0.42946603230900204 0.1803484955351923
61.0 0.4106411202088932 0.8629825054622801 0.21707682021886107 0.14343720354109918
24.0 0.19338775919700765 0.3538917499864076 0.010290663698931881 0.04680721567761901
21.0 0.7172479252714636 0.3491958612657124 0.04234367404809594 0.03375010305109571
62.0 0.9201428679667676 0.7579658810453783 0.0371113674874386 0.07044780959682156
32.0 0.3914734017370262 0.8527711775190214 0.12462871457160235 0.07234898535558235
26.0 0.20151287132544402 0.3845506169237232 0.0103839744123988 0.021595493472120465
29.0 0.21272368975682074 0.5100385375471322 0.010782653912189188 0.02093533285000679
18.0 0.9261441224577064 0.7145210355902628 0.016384581979146384 0.022771072904418665
22.0 0.5559815538912493 0.41440494194423766 0.1460014162261382 0.021376936529907766
39.0 0.7352655522733144 0.6896226109119049 0.06216476785011234 0.06812587997461568
31.0 0.6542234465407838 0.39803362278067045 0.07365915620614664 0.02574302794761315
30.0 0.6799235899528788 0.39254699059751563 0.10076178867787146 0.02720903846514621
23.0 0.4471491974011527 0.4241018298702161 0.14850540561439807 0.026773206094784174
