33 0.710672 0.732462 0.101365 0.025746
59 0.908095 0.648242 0.096157 0.106851
7 0.152783 0.513560 0.081740 0.118270
52 0.290303 0.602702 0.249825 0.148070
3 0.189518 0.427631 0.117598 0.280661
27 0.260557 0.407852 0.056153 0.025087
40 0.679000 0.351433 0.018833 0.010872
7 0.495018 0.695629 0.154176 0.202382
6 0.695644 0.486662 0.489645 0.204271
17 0.486393 0.677816 0.009171 0.010459
67 0.156553 0.332516 0.040270 0.061559
70 0.945672 0.531811 0.010597 0.035648
60 0.870534 0.700833 0.175008 0.130931
47 0.106322 0.391756 0.012209 0.030526
20 0.678722 0.351152 0.018833 0.010872
29 0.402008 0.507197 0.021402 0.016570
12 0.426958 0.344261 0.584001 0.170829
17 0.475533 0.684092 0.007079 0.008207
50 0.406143 0.430561 0.029885 0.059273
17 0.481084 0.703803 0.009493 0.010942
66 0.202807 0.341550 0.084061 0.099229
46 0.483455 0.698132 0.094273 0.143888
1 0.745076 0.670525 0.450323 0.254967
63 0.862291 0.580397 0.170627 0.130228
46 0.135397 0.515976 0.032152 0.081535
35 0.240922 0.446979 0.026709 0.017078
11 0.518654 0.542866 0.266689 0.239926
14 0.531581 0.361021 0.367830 0.148553
18 0.811926 0.696082 0.016412 0.019310
0 0.100843 0.454503 0.022763 0.083710
9 0.131028 0.428956 0.090362 0.206234
35 0.144034 0.405518 0.016347 0.011823
54 0.242614 0.343087 0.030213 0.108110
58 0.449692 0.619568 0.088209 0.087258
25 0.189331 0.381154 0.089982 0.036135
5 0.308408 0.471304 0.168499 0.362850
69 0.308023 0.352816 0.122646 0.125730
62 0.720661 0.742307 0.168047 0.065970
23 0.673042 0.400471 0.075744 0.015380
21 0.329843 0.418597 0.075748 0.031193
71 0.695300 0.603849 0.218094 0.088478
17 0.497656 0.695195 0.007240 0.007563
41 0.339757 0.412963 0.102019 0.085683
22 0.625061 0.413893 0.106501 0.021578
30 0.504213 0.432495 0.109944 0.014691
31 0.582482 0.418608 0.145750 0.021807
39 0.895955 0.580925 0.026065 0.045860
56 0.119627 0.464018 0.028689 0.052674
17 0.494599 0.711045 0.009815 0.011264
