33.0 0.33389184291727336 0.8382258639691517 0.10369685822473652 0.05056252556398691
59.0 0.12325924708937218 0.7958592743222395 0.11933648882458556 0.13436792873344416
7.0 0.812887071602787 0.4790160544305377 0.10842393886218991 0.14298460421196188
52.0 0.703763948320034 0.6044408470159603 0.27709618978761164 0.21331406304130743
3.0 0.7558223676159539 0.3974863667851149 0.18409809737958402 0.3215473135117847
27.0 0.682707676875391 0.39327519463680666 0.060198178307830405 0.039356619420092075
40.0 0.26732244444228387 0.4314538972859901 0.020815047677908562 0.01577642467362422
7.0 0.5312042357645883 0.7494609711131311 0.1992421628344508 0.24800000854657203
6.0 0.28576953161191926 0.5770758559316745 0.521234562213395 0.3280013085939784
17.0 0.5349392602755064 0.7287828766619403 0.011449961085877728 0.013096435020708617
67.0 0.7632211178087418 0.2901171906994956 0.05425359305622528 0.07389372651742007
70.0 0.057628628809312625 0.6825522865672237 0.019224068568521803 0.039831867219281905
60.0 0.17263528896808117 0.8422510159374713 0.2010322051361886 0.1779479234962691
47.0 0.8264313426881243 0.3405319267926801 0.01946606399721001 0.03483778822421376
20.0 0.2675173654483067 0.43109469080708335 0.020814990553102368 0.015776410811162753
29.0 0.5724124615712475 0.5303093273190973 0.024726546316874633 0.02234670383054322
12.0 0.5070538853229092 0.3653176913184025 0.6031581498191382 0.31489116390628763
17.0 0.5469438514517976 0.7328358367415638 0.008872149742432119 0.010249295592215048
50.0 0.5489553397641891 0.45093889494340145 0.04371912152771598 0.06908217167077112
17.0 0.5466377727998386 0.7547884872710485 0.01188140573374748 0.01367759020084375
66.0 0.7211895137939428 0.31034437728255126 0.10580492329879942 0.12356514442699765
46.0 0.5429228691203859 0.7493954806801705 0.12695206892752353 0.1727530429968802
1.0 0.2851640522008532 0.7813030657792036 0.4964442699831741 0.37199717156816037
63.0 0.1498995957071158 0.7140893286587559 0.19665465594153259 0.17619213727806546
46.0 0.8301643194682505 0.47750506484039706 0.05155467282687987 0.09294510967463453
35.0 0.7114786321579529 0.42972268435192573 0.029941984516830316 0.024113456060033893
11.0 0.4696927202944851 0.5948273843889154 0.3166242934420514 0.31352229534405557
14.0 0.41104698718621097 0.4072185680173962 0.390314459286317 0.2412651962908775
18.0 0.22759639068303986 0.8236402447800482 0.020641112358439764 0.02405835932588919
0.0 0.8476435809274825 0.4050309303838476 0.04310957203994285 0.09304135232436377
9.0 0.812215951544905 0.3852720249897975 0.13906295336820498 0.23719640523061095
35.0 0.7937890559214167 0.3637284813793537 0.018674343988811997 0.01619512451942152
54.0 0.6834296830118236 0.3212135458833878 0.0564563158445704 0.12035081752746644
58.0 0.5552965764247316 0.6591899726081202 0.10673519793033923 0.11198152580501668
25.0 0.7441790459991312 0.34872431122927455 0.09543007842761035 0.058805184907220864
5.0 0.652988004040003 0.47091637277849335 0.2537880840758563 0.41953849826197387
69.0 0.6232167776578913 0.34662417756179903 0.1495257636287786 0.1603181256917291
62.0 0.3268227083274587 0.8508688226798353 0.1778364915919367 0.10823505153852062
23.0 0.28550649564698977 0.48147130570064317 0.07650487608542045 0.03373782414070402
21.0 0.6190375297705658 0.42065250185978004 0.08053122535403821 0.05031442693209101
71.0 0.3159085386371239 0.6998347400848749 0.23152669452407287 0.14346810512308114
17.0 0.5285656126894419 0.7496195837928276 0.008862662050961742 0.009611600119746096
41.0 0.6081028784350702 0.4170525113405518 0.11957002852927012 0.11354238939315425
22.0 0.334905484382281 0.484381540274279 0.10755890892338878 0.0473880188543931
30.0 0.45545745350904193 0.47577465240484756 0.1091068477479194 0.04096960758080425
31.0 0.3769123312412571 0.4794211984868927 0.14523321717636875 0.05675634288365062
39.0 0.11777047338360964 0.7224721607731849 0.03664617590133658 0.05413377646109186
56.0 0.8320614558002374 0.4193734632974305 0.04089429873847002 0.061886745236780095
17.0 0.5355272377462429 0.7655229893483088 0.012271883071313015 0.014089926180484377
