7 0.527210 0.769311 0.452491 0.424905
11 0.582880 0.415460 0.829394 0.676182
12 0.227671 0.050753 0.141287 0.101506
6 0.688258 0.249647 0.622344 0.485432
5 0.113886 0.326647 0.227772 0.653295
50 0.215182 0.110491 0.105784 0.153961
46 0.498605 0.794371 0.295037 0.271803
14 0.525939 0.071859 0.587780 0.143718
17 0.477674 0.793042 0.019829 0.023093
69 0.045179 0.038112 0.085714 0.076225
17 0.500363 0.757091 0.020351 0.021136
71 0.958269 0.667230 0.082738 0.206235
1 0.830417 0.851684 0.339166 0.296633
41 0.087463 0.087426 0.174873 0.174851
52 0.142168 0.609976 0.284337 0.185451
62 0.987322 0.966140 0.024963 0.067609
58 0.333395 0.627641 0.136364 0.149714
21 0.042374 0.055595 0.084749 0.111189
29 0.232559 0.345837 0.060465 0.048736
17 0.467097 0.758787 0.020612 0.020614
28 0.392924 0.691775 0.015524 0.021266
17 0.533061 0.794679 0.021264 0.022179
30 0.486048 0.112923 0.249631 0.049056
17 0.516950 0.816336 0.020351 0.022179
31 0.662354 0.076659 0.263355 0.053073
22 0.721232 0.064843 0.141325 0.056957
23 0.797200 0.032678 0.082573 0.021108
