7.0 0.47279003262519836 0.7693109810352325 0.45249098539352417 0.424905002117157
11.0 0.4171200394630432 0.415460005402565 0.8293939828872681 0.6761820018291473
12.0 0.7723290026187897 0.05075300112366676 0.14128702878952026 0.10150600224733353
6.0 0.31174197793006897 0.2496470029000193 0.6223439574241638 0.4854320059530437
5.0 0.8861140012741089 0.32664725184440613 0.22777199745178223 0.6532945036888123
50.0 0.7848179936408997 0.11049099825322628 0.10578405857086182 0.15396099165081978
46.0 0.5013949871063232 0.7943709790706635 0.29503703117370605 0.27180296182632446
14.0 0.474060982465744 0.07185900211334229 0.5877800583839417 0.14371800422668457
17.0 0.5223259925842285 0.793042004108429 0.01982903480529785 0.023092985153198242
69.0 0.954820990562439 0.038112249225378036 0.08571398258209229 0.07622449845075607
17.0 0.4996369779109955 0.7570910155773163 0.020350992679595947 0.021135985851287842
71.0 0.04173097014427185 0.6672300100326538 0.0827379822731018 0.20623493194580078
1.0 0.16958299279212952 0.8516837656497955 0.33916598558425903 0.29663246870040894
41.0 0.912537008523941 0.0874259960236543 0.17487293481826782 0.17485099204731114
52.0 0.857831746339798 0.6099759936332703 0.28433650732040405 0.18545103073120117
62.0 0.012677997350692749 0.9661400020122528 0.024962961673736572 0.06760901212692261
58.0 0.6666049957275391 0.6276410222053528 0.13636398315429688 0.14971399307250977
21.0 0.9576257467269897 0.055594999748706186 0.08474850654602051 0.1111889994974149
29.0 0.7674409747123718 0.3458370119333267 0.06046497821807861 0.048736006021499634
17.0 0.5329029858112335 0.7587870061397552 0.020611941814422607 0.02061396837234497
28.0 0.6070759892463684 0.6917749643325806 0.015524029731750488 0.02126598358154297
17.0 0.4669390022754669 0.7946789860725403 0.02126401662826538 0.022179007530212402
30.0 0.513951987028122 0.11292300373315811 0.24963098764419556 0.04905600845813751
17.0 0.48304998874664307 0.8163360059261322 0.020351052284240723 0.022178947925567627
31.0 0.3376460075378418 0.07665900141000748 0.263355016708374 0.05307300388813019
22.0 0.27876797318458557 0.06484300084412098 0.14132505655288696 0.056957002729177475
23.0 0.2027999758720398 0.03267799876630306 0.0825730562210083 0.021107997745275497
