11.0 0.7323459982872009 0.41239699721336365 0.03812301158905029 0.10790300369262695
0.0 0.2711330056190491 0.6587350070476532 0.5422660112380981 0.1955459713935852
54.0 0.6295869648456573 0.32287000119686127 0.051930010318756104 0.09906801581382751
9.0 0.43416398763656616 0.47707797586917877 0.3518739938735962 0.23906299471855164
67.0 0.5302509963512421 0.3559250086545944 0.04477804899215698 0.11075600981712341
69.0 0.6587049961090088 0.3234400153160095 0.08397400379180908 0.0888410210609436
35.0 0.6020239889621735 0.4456319957971573 0.028714001178741455 0.0194379985332489
3.0 0.606861025094986 0.4203750044107437 0.1360970139503479 0.2931919991970062
58.0 0.7446190118789673 0.4055059999227524 0.013437986373901367 0.03540697693824768
56.0 0.5767880082130432 0.5558209717273712 0.04897499084472656 0.07207697629928589
59.0 0.04702699929475784 0.549234002828598 0.09405399858951569 0.07222598791122437
66.0 0.5940940082073212 0.33795200288295746 0.1000789999961853 0.11526802182197571
17.0 0.5475730001926422 0.6417529881000519 0.01091700792312622 0.0073209404945373535
52.0 0.6530890166759491 0.5327690243721008 0.12741297483444214 0.13326799869537354
7.0 0.7244530022144318 0.44691500067710876 0.044495999813079834 0.08762902021408081
5.0 0.6693789958953857 0.3914559930562973 0.11970198154449463 0.23712697625160217
12.0 0.34078899025917053 0.3053029924631119 0.6815779805183411 0.11434099078178406
7.0 0.5229229927062988 0.6372359991073608 0.13389897346496582 0.1843709945678711
13.0 0.20619199838066038 0.5105169713497162 0.4123829967613233 0.2570759654045105
15.0 0.24637599289417267 0.3472850024700165 0.49275198578834534 0.1357560157775879
46.0 0.5530399978160858 0.6372070014476776 0.057472050189971924 0.12696903944015503
17.0 0.5500739812850952 0.6237060129642487 0.010007023811340332 0.008001983165740967
25.0 0.6037939786911011 0.3892890065908432 0.10567903518676758 0.03678902983665466
35.0 0.6851420104503632 0.40417398512363434 0.014151036739349365 0.01326701045036316
27.0 0.6792939901351929 0.36537398397922516 0.05273401737213135 0.018786996603012085
41.0 0.7240220010280609 0.3382290005683899 0.0658079981803894 0.041242003440856934
73.0 0.3331860154867172 0.5602390170097351 0.22133299708366394 0.1011500358581543
47.0 0.5135100185871124 0.4898740202188492 0.03569000959396362 0.05598101019859314
21.0 0.7400680184364319 0.3407130092382431 0.03409695625305176 0.019737988710403442
16.0 0.2837959975004196 0.24161500483751297 0.04896101355552673 0.056741997599601746
