4 0.812850 0.394326 0.086194 0.329523
2 0.832363 0.335373 0.082776 0.222284
8 0.853483 0.279889 0.032927 0.062489
7 0.768505 0.640514 0.075782 0.169113
7 0.856999 0.416899 0.022154 0.075472
10 0.725839 0.489475 0.153460 0.233317
6 0.415616 0.486961 0.653883 0.223702
1 0.419816 0.679894 0.707244 0.243415
14 0.510243 0.325371 0.483269 0.151129
12 0.555267 0.292761 0.564097 0.165907
40 0.830038 0.355581 0.120467 0.083102
49 0.776909 0.389927 0.017549 0.030390
35 0.866974 0.317514 0.007703 0.010398
53 0.808345 0.274813 0.043928 0.096294
65 0.834642 0.257472 0.028480 0.050803
64 0.818462 0.270376 0.047524 0.084507
68 0.799037 0.302963 0.049825 0.131978
57 0.787462 0.543609 0.019381 0.053031
61 0.582044 0.735405 0.230661 0.082653
71 0.095180 0.551982 0.040556 0.094577
70 0.591525 0.597318 0.242137 0.129608
63 0.307382 0.601326 0.394314 0.093528
21 0.276878 0.343113 0.039034 0.026152
41 0.276972 0.343176 0.039034 0.026152
60 0.299196 0.717123 0.421230 0.119175
51 0.816464 0.518580 0.049672 0.119911
59 0.265796 0.691452 0.247079 0.088764
26 0.824191 0.330370 0.016328 0.018593
29 0.798292 0.445896 0.010133 0.013473
24 0.838909 0.302912 0.019087 0.039423
22 0.481814 0.391559 0.173932 0.017436
18 0.090823 0.650227 0.014973 0.015964
16 0.672494 0.194535 0.012093 0.030461
23 0.533467 0.391631 0.126289 0.018002
30 0.321494 0.380974 0.106779 0.024116
31 0.395985 0.385231 0.175595 0.027853
39 0.267845 0.611723 0.055337 0.049025
