4 0.388805 0.469449 0.295344 0.361161
10 0.126698 0.527256 0.253396 0.247618
8 0.799716 0.480984 0.304428 0.287378
2 0.642089 0.460726 0.256637 0.342307
7 0.131901 0.641166 0.164648 0.180438
40 0.284527 0.407160 0.062459 0.086231
35 0.487644 0.479090 0.050660 0.013097
53 0.533206 0.354733 0.040436 0.131727
49 0.239551 0.417804 0.051262 0.056188
7 0.770272 0.620277 0.140382 0.160991
13 0.887833 0.377770 0.119119 0.053017
6 0.110766 0.412753 0.221531 0.124008
0 0.896290 0.560337 0.111232 0.129595
12 0.515706 0.331950 0.588985 0.163449
1 0.029887 0.608571 0.059775 0.134041
35 0.724258 0.465374 0.048758 0.012252
14 0.285082 0.343244 0.203213 0.144021
68 0.417313 0.363339 0.225401 0.140074
20 0.292042 0.416415 0.044453 0.040101
17 0.144207 0.658537 0.007961 0.010698
64 0.637692 0.353619 0.173514 0.124056
17 0.119331 0.647109 0.007961 0.010212
46 0.775023 0.626750 0.090102 0.104630
57 0.128620 0.606165 0.201358 0.136281
65 0.754275 0.362117 0.090954 0.101770
46 0.132922 0.651819 0.107397 0.115192
26 0.422144 0.431791 0.215011 0.021270
55 0.776199 0.573022 0.160240 0.103027
72 0.932414 0.466821 0.041723 0.074608
17 0.128187 0.663643 0.008160 0.009726
24 0.642930 0.416789 0.227991 0.022144
70 0.011905 0.507242 0.023810 0.052108
51 0.462606 0.645346 0.466354 0.039845
29 0.219585 0.492074 0.023626 0.013563
17 0.129480 0.634587 0.009951 0.009969
17 0.762415 0.627779 0.006368 0.008510
17 0.782416 0.627901 0.006567 0.008753
17 0.145402 0.641639 0.009553 0.009483
17 0.770774 0.637870 0.006766 0.007781
17 0.768585 0.613069 0.010349 0.010698
17 0.781322 0.614649 0.007165 0.008996
16 0.697274 0.249018 0.041494 0.047654
23 0.186670 0.388674 0.032587 0.041378
