4.0 0.38880498707294464 0.4694489985704422 0.29534396529197693 0.3611609637737274
10.0 0.12669800221920013 0.5272559970617294 0.25339600443840027 0.24761798977851868
8.0 0.7997160255908966 0.48098400235176086 0.3044280409812927 0.2873780131340027
2.0 0.6420889794826508 0.46072597801685333 0.2566370368003845 0.3423069417476654
7.0 0.13190100342035294 0.6411660313606262 0.16464801132678986 0.18043804168701172
40.0 0.2845270037651062 0.4071599990129471 0.06245899200439453 0.08623102307319641
35.0 0.4876440167427063 0.47909000515937805 0.050660014152526855 0.013096988201141357
53.0 0.5332060158252716 0.35473300516605377 0.040435969829559326 0.13172701001167297
49.0 0.23955099284648895 0.4178040027618408 0.05126199126243591 0.056187987327575684
7.0 0.7702719867229462 0.6202770173549652 0.14038199186325073 0.16099101305007935
13.0 0.8878329694271088 0.37776999175548553 0.11911898851394653 0.053016990423202515
6.0 0.11076599772596296 0.41275301575660706 0.22153099545192845 0.12400799989700317
0.0 0.8962899744510651 0.5603369921445847 0.1112319827079773 0.12959495186805725
12.0 0.5157059952616692 0.33194999396800995 0.5889849811792374 0.16344895958900452
1.0 0.029887251555919647 0.6085709929466248 0.059774503111839294 0.1340409517288208
35.0 0.7242579758167267 0.46537400782108307 0.048757970333099365 0.012252002954483032
14.0 0.28508199751377106 0.3432440012693405 0.20321300625801086 0.14402100443840027
68.0 0.41731300950050354 0.36333899199962616 0.22540098428726196 0.1400739848613739
20.0 0.29204200208187103 0.4164150059223175 0.04445299506187439 0.04010099172592163
17.0 0.14420700073242188 0.658536970615387 0.007961004972457886 0.01069796085357666
64.0 0.6376920342445374 0.3536189943552017 0.1735140085220337 0.12405601143836975
17.0 0.1193310022354126 0.6471090018749237 0.007961004972457886 0.0102120041847229
46.0 0.7750230133533478 0.6267499923706055 0.09010201692581177 0.1046299934387207
57.0 0.12861999683082104 0.6061649918556213 0.20135799422860146 0.13628101348876953
65.0 0.754274994134903 0.3621170073747635 0.0909540057182312 0.10177001357078552
46.0 0.132922001183033 0.6518190205097198 0.10739700496196747 0.1151919960975647
26.0 0.42214399576187134 0.4317910224199295 0.21501100063323975 0.021270006895065308
55.0 0.7761990129947662 0.5730219781398773 0.16023999452590942 0.10302704572677612
72.0 0.9324139952659607 0.46682099997997284 0.041723012924194336 0.07460799813270569
17.0 0.12818700075149536 0.6636429727077484 0.008159995079040527 0.009725987911224365
24.0 0.6429299712181091 0.4167889803647995 0.227990984916687 0.02214398980140686
70.0 0.011904999613761902 0.5072420090436935 0.023809999227523804 0.05210795998573303
51.0 0.4626060128211975 0.6453459858894348 0.46635401248931885 0.03984498977661133
29.0 0.21958500146865845 0.49207399785518646 0.023625999689102173 0.013563007116317749
17.0 0.1294800043106079 0.6345870494842529 0.009950995445251465 0.009968996047973633
17.0 0.7624149918556213 0.6277789771556854 0.006367921829223633 0.008510053157806396
17.0 0.782416045665741 0.6279009878635406 0.0065670013427734375 0.008753001689910889
17.0 0.14540200680494308 0.641638994216919 0.009553000330924988 0.009482979774475098
17.0 0.7707740068435669 0.6378700137138367 0.006765961647033691 0.007781028747558594
17.0 0.7685849666595459 0.6130689978599548 0.010349035263061523 0.01069796085357666
17.0 0.7813219726085663 0.6146490275859833 0.007165014743804932 0.00899595022201538
16.0 0.6972739994525909 0.24901800602674484 0.04149407148361206 0.047653988003730774
23.0 0.18667000532150269 0.3886739909648895 0.03258699178695679 0.041378021240234375
