8 0.840855 0.411490 0.126751 0.259179
2 0.786264 0.402091 0.135730 0.341909
4 0.649269 0.449137 0.191644 0.433980
10 0.434237 0.533819 0.272838 0.282816
17 0.465254 0.697788 0.011427 0.011615
7 0.446553 0.710130 0.159002 0.227093
17 0.449277 0.728829 0.006137 0.009264
7 0.822723 0.514342 0.078612 0.137648
61 0.230899 0.738583 0.146906 0.073685
55 0.857287 0.460261 0.034377 0.073639
35 0.727545 0.430217 0.030919 0.019761
46 0.835680 0.515017 0.037539 0.090644
63 0.136177 0.541209 0.110087 0.174969
14 0.465687 0.306238 0.346120 0.209772
6 0.299362 0.433038 0.423407 0.255842
20 0.632019 0.394721 0.077126 0.044648
49 0.554463 0.405409 0.031620 0.067927
72 0.900355 0.360097 0.011143 0.067806
57 0.492969 0.628582 0.096349 0.110116
1 0.243988 0.641408 0.361073 0.325297
59 0.098011 0.607853 0.059696 0.141464
68 0.663813 0.312031 0.131576 0.155109
65 0.836167 0.292415 0.038094 0.085862
17 0.443934 0.710233 0.008359 0.011615
29 0.551595 0.495424 0.020104 0.018528
26 0.702547 0.381825 0.077087 0.034596
70 0.264606 0.589126 0.194429 0.094670
17 0.452980 0.696197 0.007195 0.010370
24 0.790831 0.350599 0.100943 0.045352
0 0.880677 0.442205 0.033531 0.098890
17 0.462133 0.717975 0.008571 0.011615
12 0.653652 0.290663 0.409853 0.220215
35 0.835856 0.384391 0.019457 0.014223
53 0.740049 0.299122 0.020112 0.135846
32 0.242303 0.731580 0.086481 0.024981
31 0.347797 0.333359 0.041858 0.063487
40 0.620703 0.389696 0.101534 0.091162
22 0.389381 0.352549 0.087697 0.067791
23 0.408046 0.367894 0.060798 0.059003
64 0.783886 0.296100 0.081679 0.125133
60 0.124645 0.675807 0.093110 0.147106
51 0.669220 0.610151 0.270819 0.159784
46 0.455597 0.713717 0.094255 0.140587
16 0.729161 0.178678 0.024508 0.042594
39 0.106186 0.535039 0.017462 0.053082
30 0.332014 0.309148 0.015508 0.035510
