8.0 0.12169703203869928 0.35886622972167487 0.15346464686327183 0.28529408381757654
2.0 0.17831213074148952 0.35788006119569343 0.1703059953600344 0.3713818313064822
4.0 0.31383575438709177 0.4276922865975145 0.2359396182570283 0.4744516132712828
10.0 0.5255531164441527 0.5483628445226945 0.30482770201168163 0.3325868561675581
17.0 0.478673835262881 0.7112674949255668 0.012745508672468372 0.013694040775019517
7.0 0.4966249806179652 0.7268559884820633 0.18342054493350451 0.2575566761302389
17.0 0.49210919901903294 0.7455621346630743 0.007125765735783646 0.010451487093967204
7.0 0.13067268469332696 0.46699477423568414 0.09303779601483701 0.1533037783978167
61.0 0.7141924554483958 0.7900787395977567 0.1568411316677799 0.09864251224829197
55.0 0.10039480647523169 0.40618108486891247 0.041932476587582895 0.08080022540272609
35.0 0.23566213722515666 0.39595065765277737 0.033404470366795176 0.02511336895039449
46.0 0.11737952249539065 0.4656365784271532 0.04673834494902951 0.09870359548273384
63.0 0.829219731698562 0.6030608359130736 0.12863867862381256 0.1964763680632569
14.0 0.5145465308972291 0.31047766055582576 0.3728821191645996 0.2694206775094392
6.0 0.6726223414654995 0.4665502259926562 0.4560734775961476 0.32879189788872043
20.0 0.33649681079544236 0.37472961352952056 0.08289508090652437 0.05789043512279242
49.0 0.4146987197142662 0.3979325884080227 0.038587432990227995 0.07451839767117617
72.0 0.0657074930893667 0.29686018729770075 0.017666886589930587 0.07115634233227844
57.0 0.4567924071590498 0.6360576450316281 0.10859576450223622 0.12793182680702836
1.0 0.7098397682756392 0.6885576841455806 0.3988652404248356 0.3900162431645495
59.0 0.8620104433122927 0.6773014089582221 0.07407645222970112 0.15421781836968784
68.0 0.31170079193552486 0.2850748545093986 0.1487393354017517 0.17954947455639123
65.0 0.13752774983793634 0.23774349111133117 0.04686152467635018 0.09389732780278898
17.0 0.4992896853598818 0.727375528708422 0.009612718632808992 0.013208926221272777
29.0 0.4092787024859907 0.49050958452310156 0.022246790623127104 0.02214125885394346
26.0 0.2656760285722841 0.35037832494381277 0.08192293055578534 0.047596815227935386
70.0 0.693635524033466 0.6317905726450981 0.20731363355738533 0.1276342447002183
17.0 0.4913544633297449 0.7115802260342731 0.008308656104104868 0.011750664975744262
24.0 0.17842441656696872 0.30445972424166945 0.1072800889515287 0.06237730583520464
0.0 0.07818573854824261 0.3840033005640729 0.04341052505496917 0.10650889700442805
17.0 0.4799884697339867 0.7324208855825777 0.009829207934667348 0.013242453885241225
12.0 0.32405810338060786 0.2648132107352493 0.4389290448431877 0.29018696642931013
35.0 0.12931490068385088 0.3319230543556501 0.021186906088760817 0.01763304762620402
53.0 0.23505274098484222 0.2598076129288029 0.03313581106126991 0.1422084595926215
32.0 0.7031972442188782 0.7811082819406108 0.09062353975642046 0.03924225473806206
31.0 0.6324097741276703 0.35687690109147563 0.04862981666248887 0.07159345556839977
40.0 0.34851771237188456 0.3713763948793809 0.1121322527463067 0.10935379659089749
22.0 0.5881681531774039 0.36994036741287556 0.09583566551793943 0.08324723246717926
23.0 0.5676859597248163 0.3826931401238221 0.06755373191230413 0.06999954796691338
64.0 0.19057064726528686 0.24978247828855468 0.09500890010397019 0.14098068294499216
60.0 0.8285116841232405 0.7426352334565388 0.10871909219558647 0.1652759698057781
51.0 0.2785301529562217 0.5893227710993741 0.29135533306701944 0.20635376141400566
46.0 0.487057334711847 0.7290967360787293 0.10928365905617442 0.15878538466096118
16.0 0.2573412991205363 0.13826422296926202 0.02897579487865344 0.047467364407288784
39.0 0.8604160806682559 0.6014890907882898 0.0227537318841524 0.05708676064028006
30.0 0.6507714409904406 0.33459473832705416 0.019128791118884856 0.038794214865507576
