5 0.752990 0.268784 0.089842 0.283823
3 0.705897 0.285905 0.096359 0.317743
9 0.607613 0.330964 0.201467 0.256306
11 0.805826 0.296151 0.034350 0.139191
7 0.645604 0.493977 0.095486 0.194194
7 0.796287 0.349921 0.048561 0.123807
0 0.454588 0.466452 0.396981 0.189184
12 0.574541 0.158416 0.421148 0.095035
13 0.424799 0.341877 0.313130 0.206368
8 0.314663 0.249705 0.105736 0.095024
35 0.696479 0.298032 0.017878 0.016350
35 0.760621 0.273443 0.011792 0.009886
15 0.483539 0.196954 0.290468 0.107399
69 0.748339 0.191344 0.059921 0.082615
41 0.793778 0.208510 0.044024 0.041086
67 0.651784 0.202362 0.026952 0.105690
54 0.721473 0.180874 0.036835 0.108317
66 0.695841 0.188886 0.069130 0.112643
46 0.668707 0.495404 0.040172 0.138580
58 0.815579 0.292128 0.011884 0.037394
56 0.679266 0.415775 0.038270 0.089182
46 0.810129 0.350926 0.016968 0.089686
73 0.544313 0.366338 0.109484 0.094402
59 0.373821 0.363282 0.114193 0.067571
72 0.268516 0.336714 0.017774 0.080784
52 0.743762 0.420537 0.101985 0.108379
47 0.639205 0.325349 0.021410 0.054959
48 0.413840 0.506815 0.294969 0.074984
27 0.760743 0.233198 0.043618 0.010058
25 0.701709 0.244582 0.074445 0.019017
17 0.663145 0.491855 0.004168 0.006944
17 0.664039 0.509611 0.002977 0.007737
17 0.669285 0.506982 0.001935 0.004761
16 0.514687 0.104424 0.036483 0.059827
17 0.668616 0.479456 0.002456 0.006150
19 0.667909 0.495823 0.006103 0.015474
39 0.361730 0.303524 0.022639 0.039022
38 0.288322 0.374719 0.019305 0.013661
36 0.272795 0.475952 0.010747 0.012069
37 0.527640 0.535455 0.066468 0.006636
