5.0 0.7509717034336696 0.20567046596348904 0.09601712135163827 0.2939035132004547
3.0 0.7077910167486955 0.2263383107902153 0.10355658661908061 0.3287306552616498
9.0 0.6180741605313574 0.27892268099672823 0.1989316411306398 0.2738950389785812
11.0 0.8014253794971644 0.22967266607448458 0.03803282649866001 0.1434499062770968
7.0 0.6605293032484005 0.4414075253066414 0.0974180628003945 0.20348989587746588
7.0 0.7948466164983335 0.2848248493280735 0.050623054585449835 0.12886507736123348
0.0 0.48120347086688414 0.4269895000940816 0.37837336930955257 0.21967465788250004
12.0 0.5797956199411199 0.10643011367714696 0.3968539207914259 0.12598764545617008
13.0 0.44805397297474847 0.30287142055595395 0.3009153090091671 0.23117241106542152
8.0 0.3413701064617242 0.21724983857394226 0.10270340660049773 0.10373417886073932
35.0 0.6995305157352149 0.2392894624819057 0.017377442576779555 0.01782646406208105
35.0 0.7582890250759451 0.2098528235745203 0.011423141472630884 0.010847993743749227
15.0 0.4965888511792711 0.1518939398947213 0.2755158725744612 0.12929944413297062
69.0 0.7432969126999845 0.12753664703764453 0.05944204058421169 0.08793062870977797
41.0 0.7864126403045 0.1417248688278406 0.042826932330039445 0.04473262693967665
67.0 0.6537255183059372 0.14550893696790682 0.0296899019353098 0.10898516416247243
54.0 0.7177907569801374 0.118823039826796 0.03901988692542839 0.11234377446222855
66.0 0.6942318671445181 0.12874828979073216 0.06932429718791326 0.11900424620784243
46.0 0.6821363964319136 0.44122418044051726 0.04343609198438486 0.1432413992810757
58.0 0.8103475473751469 0.22490881770047408 0.012694369051146168 0.038725433710751656
56.0 0.6885519946525654 0.35979991094606073 0.03953345722255866 0.09305746599793806
46.0 0.8077988234514447 0.28486697453184157 0.019689216925160055 0.09206595622707245
73.0 0.5605657318664644 0.31922724384713486 0.10617194677960971 0.1033682399749079
59.0 0.4014348754021395 0.3281537365669716 0.10940720752371902 0.07651527719837437
72.0 0.30208354291516165 0.3086611024104972 0.020057227755864014 0.08310331817387678
52.0 0.7489055421680539 0.3600765698935691 0.09978075831478445 0.11700086561173982
47.0 0.6472946017263053 0.2710057767117596 0.022335254156552367 0.057193976599066554
48.0 0.44494175362978294 0.4707585490964081 0.27831660494127664 0.09677415401310478
27.0 0.7566684797083972 0.16906818670727072 0.04111112350243436 0.013266582264262658
25.0 0.7021045137260922 0.18476539236026787 0.07024620498776443 0.02451769344028103
17.0 0.6767963531798727 0.43802059823520734 0.004186263687315754 0.007329574699630636
17.0 0.678395320881965 0.455947839910599 0.0031097607835861634 0.008049063755146272
17.0 0.6831743737657724 0.45291417020916447 0.0020097408912791554 0.004960254443377418
16.0 0.5216496094623668 0.05594650728159824 0.03660194224167905 0.06318913129188002
17.0 0.6813642634839715 0.42507215256403885 0.002555484287923093 0.006404349450448813
19.0 0.68141023171486 0.4417050048519674 0.006358428856222152 0.016108540776601597
39.0 0.3875836626871316 0.2684598835639159 0.022794535258925445 0.04113335180389527
38.0 0.3221922433476974 0.3457708953843547 0.018592362172354437 0.015202638660380154
36.0 0.312074548274506 0.4494345946375789 0.010542671601273526 0.012986097388371908
37.0 0.5523047341505435 0.4917514908516391 0.062273420408855695 0.011410743811843784
