4 0.403519 0.503587 0.237292 0.304755
2 0.600835 0.502277 0.201469 0.296461
10 0.188249 0.544316 0.222217 0.223261
7 0.184607 0.647668 0.149474 0.182159
8 0.722634 0.530331 0.234136 0.239814
14 0.319940 0.390234 0.172751 0.101650
35 0.666008 0.506879 0.036474 0.008717
7 0.704576 0.651706 0.116454 0.159721
6 0.144493 0.452483 0.216387 0.086175
40 0.328261 0.437313 0.056220 0.066698
13 0.799124 0.451763 0.070086 0.027585
1 0.075370 0.601680 0.128778 0.145396
0 0.800721 0.602005 0.085502 0.115237
35 0.483573 0.507449 0.038612 0.009555
12 0.501670 0.384619 0.455067 0.113255
49 0.290299 0.445845 0.042778 0.048527
53 0.519930 0.407020 0.030859 0.108006
68 0.431716 0.434650 0.151782 0.056686
55 0.720057 0.609420 0.103000 0.100720
64 0.598731 0.409684 0.131212 0.100346
57 0.185531 0.606843 0.166296 0.127646
65 0.688074 0.422376 0.068776 0.085015
70 0.068043 0.518226 0.085061 0.056083
46 0.183894 0.653011 0.105889 0.129012
62 0.035904 0.610541 0.050361 0.057696
46 0.710571 0.658138 0.079557 0.111844
72 0.825667 0.519809 0.031038 0.062801
51 0.456714 0.661038 0.378390 0.020725
17 0.704623 0.647614 0.004304 0.005277
17 0.191040 0.665454 0.006542 0.006539
19 0.710261 0.658628 0.010760 0.015373
20 0.335281 0.442304 0.037253 0.029045
26 0.435628 0.465364 0.160202 0.007655
24 0.603267 0.463211 0.175958 0.006858
29 0.271008 0.506879 0.021498 0.012560
17 0.173868 0.647040 0.006628 0.007801
17 0.177053 0.663733 0.006112 0.006769
19 0.184412 0.653981 0.014289 0.016865
17 0.186220 0.637805 0.005853 0.006310
17 0.196678 0.649966 0.005423 0.006998
17 0.700449 0.661496 0.003357 0.005048
16 0.641785 0.335018 0.038288 0.037788
17 0.715082 0.647040 0.003013 0.005277
17 0.717492 0.660979 0.003185 0.004704
17 0.708626 0.670444 0.004046 0.004360
28 0.739270 0.669928 0.003701 0.004245
28 0.205531 0.697089 0.005337 0.006539
32 0.038265 0.605286 0.027169 0.020455
