4.0 0.40351900458335876 0.503587007522583 0.23729199171066284 0.30475497245788574
2.0 0.600834995508194 0.5022769719362259 0.20146900415420532 0.29646095633506775
10.0 0.18824900314211845 0.5443160086870193 0.22221700102090836 0.22326096892356873
7.0 0.18460700288414955 0.6476680040359497 0.14947401732206345 0.1821589469909668
8.0 0.7226340174674988 0.5303309857845306 0.23413598537445068 0.23981398344039917
14.0 0.3199400082230568 0.39023400843143463 0.17275099456310272 0.10164996981620789
35.0 0.6660079956054688 0.5068790018558502 0.036473989486694336 0.008717000484466553
7.0 0.7045759856700897 0.6517059803009033 0.11645406484603882 0.1597210168838501
6.0 0.14449300058186054 0.45248301327228546 0.21638699993491173 0.08617499470710754
40.0 0.32826101779937744 0.4373129904270172 0.05621999502182007 0.06669801473617554
13.0 0.799124002456665 0.45176300406455994 0.07008600234985352 0.027584969997406006
1.0 0.07537000207230449 0.6016799807548523 0.12877800408750772 0.14539599418640137
0.0 0.8007210195064545 0.6020050048828125 0.08550196886062622 0.11523699760437012
35.0 0.48357298970222473 0.5074490010738373 0.03861194849014282 0.009555041790008545
12.0 0.5016699880361557 0.38461901247501373 0.4550669491291046 0.11325499415397644
49.0 0.2902989983558655 0.44584499299526215 0.04277801513671875 0.048527032136917114
53.0 0.519929975271225 0.4070199877023697 0.030859053134918213 0.10800597071647644
68.0 0.4317160099744797 0.4346500039100647 0.1517820656299591 0.05668598413467407
55.0 0.7200570106506348 0.6094200015068054 0.10300004482269287 0.10072004795074463
64.0 0.5987309813499451 0.4096840173006058 0.1312119960784912 0.10034599900245667
57.0 0.18553099408745766 0.6068430244922638 0.16629599779844284 0.12764602899551392
65.0 0.688073992729187 0.42237599194049835 0.06877601146697998 0.08501496911048889
70.0 0.06804300006479025 0.5182259976863861 0.08506100066006184 0.05608302354812622
46.0 0.18389400094747543 0.6530109941959381 0.10588900744915009 0.12901204824447632
62.0 0.035903999116271734 0.6105409860610962 0.05036099720746279 0.057695984840393066
46.0 0.7105709910392761 0.6581380069255829 0.07955694198608398 0.111844003200531
72.0 0.82566699385643 0.5198090076446533 0.031037986278533936 0.06280100345611572
51.0 0.456714004278183 0.6610380113124847 0.37839001417160034 0.020724952220916748
17.0 0.7046230137348175 0.6476140022277832 0.004303991794586182 0.005276918411254883
17.0 0.19104000180959702 0.6654540002346039 0.006542012095451355 0.0065389275550842285
19.0 0.7102609872817993 0.658627986907959 0.010760068893432617 0.015372991561889648
20.0 0.33528099954128265 0.44230401515960693 0.037252992391586304 0.0290449857711792
26.0 0.4356279969215393 0.4653639942407608 0.1602020263671875 0.00765499472618103
24.0 0.6032669842243195 0.4632110148668289 0.17595797777175903 0.006858021020889282
29.0 0.2710079997777939 0.5068790018558502 0.021497994661331177 0.012560069561004639
17.0 0.17386799305677414 0.6470400094985962 0.006627991795539856 0.007800936698913574
17.0 0.17705299705266953 0.663733035326004 0.006111994385719299 0.006769001483917236
19.0 0.18441199511289597 0.6539810299873352 0.0142890065908432 0.016865015029907227
17.0 0.18621999770402908 0.6378050148487091 0.005853012204170227 0.0063100457191467285
17.0 0.19667799770832062 0.6499660313129425 0.005423009395599365 0.006998002529144287
17.0 0.7004489898681641 0.6614960134029388 0.00335693359375 0.005047976970672607
16.0 0.6417849957942963 0.33501800894737244 0.03828805685043335 0.0377880334854126
17.0 0.7150819897651672 0.6470399796962738 0.003013014793395996 0.005276978015899658
17.0 0.717492014169693 0.6609790027141571 0.003184974193572998 0.0047040581703186035
17.0 0.708626002073288 0.6704440116882324 0.004046022891998291 0.0043599605560302734
28.0 0.7392700016498566 0.6699280142784119 0.00370103120803833 0.00424504280090332
28.0 0.20553100109100342 0.6970889866352081 0.0053369998931884766 0.0065389275550842285
32.0 0.038265000097453594 0.6052860021591187 0.0271689984947443 0.020455002784729004
