5 0.617641 0.431813 0.255340 0.368419
3 0.380508 0.420588 0.246318 0.353623
7 0.234762 0.578436 0.157985 0.198335
11 0.833188 0.500248 0.209837 0.234823
7 0.821023 0.611305 0.151356 0.186190
9 0.203300 0.435019 0.321963 0.305273
6 0.851761 0.413175 0.204666 0.113581
0 0.100726 0.505004 0.140765 0.160389
1 0.928853 0.577077 0.086917 0.132635
12 0.481219 0.303157 0.559998 0.175495
14 0.703477 0.327887 0.157558 0.133484
15 0.209112 0.274385 0.140113 0.083689
13 0.105609 0.308106 0.113006 0.034244
52 0.531122 0.609873 0.429891 0.046587
17 0.820566 0.633756 0.003899 0.004637
48 0.043801 0.530298 0.010089 0.014759
71 0.936698 0.492517 0.048426 0.056146
62 0.954045 0.586163 0.025470 0.052311
29 0.762669 0.463546 0.019879 0.011449
17 0.222449 0.597890 0.005398 0.006076
17 0.235765 0.602167 0.005878 0.006156
21 0.709232 0.385070 0.034450 0.035257
67 0.272510 0.305411 0.095564 0.098767
56 0.205194 0.525983 0.119004 0.116069
17 0.824795 0.606574 0.004799 0.005596
25 0.383135 0.367503 0.226981 0.037233
46 0.229846 0.588975 0.108893 0.135654
17 0.836461 0.612770 0.004259 0.004557
54 0.492032 0.313809 0.031840 0.135264
58 0.856867 0.576409 0.098956 0.133148
17 0.814598 0.620205 0.005518 0.006635
17 0.833612 0.630278 0.004439 0.004557
41 0.711730 0.380710 0.049275 0.078639
47 0.167918 0.399820 0.040356 0.051655
69 0.597771 0.342285 0.192995 0.128938
27 0.592224 0.396789 0.190214 0.033137
17 0.243152 0.587747 0.006773 0.006791
50 0.746866 0.393100 0.041154 0.055107
73 0.066550 0.397328 0.053854 0.092819
46 0.827980 0.621428 0.101949 0.128505
35 0.534863 0.440077 0.046637 0.014235
19 0.230736 0.589362 0.014694 0.019043
17 0.220644 0.579718 0.005515 0.006391
66 0.390791 0.313158 0.171292 0.126204
28 0.192516 0.557378 0.003491 0.007141
28 0.806801 0.669236 0.005277 0.005194
33 0.952913 0.578399 0.013566 0.019419
35 0.304737 0.411250 0.048208 0.014938
19 0.827178 0.622114 0.013233 0.017204
16 0.308651 0.194973 0.054550 0.055351
17 0.233891 0.573287 0.005874 0.007110
