5.0 0.38235896825790405 0.43181298673152924 0.25533998012542725 0.36841896176338196
3.0 0.6194919943809509 0.4205879867076874 0.24631798267364502 0.3536229729652405
7.0 0.7652380168437958 0.5784359872341156 0.15798503160476685 0.19833499193191528
11.0 0.166812002658844 0.5002480149269104 0.2098369598388672 0.23482298851013184
7.0 0.17897698283195496 0.6113049983978271 0.151356041431427 0.18619000911712646
9.0 0.7967000007629395 0.43501900136470795 0.32196295261383057 0.3052729666233063
6.0 0.14823898673057556 0.4131750166416168 0.20466607809066772 0.11358100175857544
0.0 0.8992740213871002 0.5050040185451508 0.1407650113105774 0.1603890061378479
1.0 0.07114699482917786 0.5770770311355591 0.086916983127594 0.1326349973678589
12.0 0.5187809765338898 0.3031570091843605 0.5599979758262634 0.17549501359462738
14.0 0.29652300477027893 0.32788699865341187 0.15755802392959595 0.13348400592803955
15.0 0.7908880114555359 0.2743849977850914 0.1401129961013794 0.08368898928165436
13.0 0.8943910002708435 0.3081059902906418 0.11300599575042725 0.034244030714035034
52.0 0.46887797117233276 0.6098729968070984 0.4298909902572632 0.04658699035644531
17.0 0.17943400144577026 0.633756011724472 0.0038989782333374023 0.004636943340301514
48.0 0.9561989903450012 0.5302980244159698 0.01008903980255127 0.01475900411605835
71.0 0.06330198049545288 0.49251700937747955 0.048425912857055664 0.05614599585533142
62.0 0.045955002307891846 0.5861630141735077 0.02547001838684082 0.0523110032081604
29.0 0.23733100295066833 0.4635459929704666 0.019879043102264404 0.01144900918006897
17.0 0.7775509655475616 0.5978900194168091 0.005397975444793701 0.0060759782791137695
17.0 0.7642350196838379 0.602167010307312 0.005877971649169922 0.006155967712402344
21.0 0.29076799750328064 0.38506999611854553 0.034449994564056396 0.03525698184967041
67.0 0.7274900078773499 0.3054109960794449 0.09556400775909424 0.09876701235771179
56.0 0.7948060035705566 0.5259829759597778 0.1190040111541748 0.11606895923614502
17.0 0.17520499229431152 0.6065739989280701 0.004799008369445801 0.005596041679382324
25.0 0.6168649792671204 0.36750300228595734 0.2269810438156128 0.03723296523094177
46.0 0.7701540291309357 0.5889750421047211 0.10889297723770142 0.1356540322303772
17.0 0.16353899240493774 0.6127699613571167 0.004258990287780762 0.004557013511657715
54.0 0.5079679787158966 0.31380899250507355 0.03184002637863159 0.13526400923728943
58.0 0.1431329846382141 0.5764090120792389 0.09895598888397217 0.13314801454544067
17.0 0.1854020059108734 0.6202049553394318 0.005518019199371338 0.006635010242462158
17.0 0.16638797521591187 0.6302779912948608 0.004438996315002441 0.004557013511657715
41.0 0.2882700264453888 0.38071000576019287 0.049274981021881104 0.0786389708518982
47.0 0.8320820033550262 0.399820014834404 0.04035598039627075 0.05165502429008484
69.0 0.4022290110588074 0.34228500723838806 0.19299495220184326 0.12893801927566528
27.0 0.40777599811553955 0.3967889994382858 0.19021391868591309 0.033136993646621704
17.0 0.7568479776382446 0.5877470076084137 0.0067729949951171875 0.006791055202484131
50.0 0.25313398241996765 0.39309999346733093 0.04115396738052368 0.0551069974899292
73.0 0.9334499835968018 0.3973279893398285 0.05385398864746094 0.0928189754486084
46.0 0.17202001810073853 0.621427983045578 0.10194897651672363 0.1285049319267273
35.0 0.4651370048522949 0.4400769919157028 0.04663705825805664 0.014234989881515503
19.0 0.7692639827728271 0.5893619954586029 0.014693975448608398 0.019043028354644775
17.0 0.7793560028076172 0.5797179639339447 0.005514979362487793 0.006390988826751709
66.0 0.6092089712619781 0.3131580054759979 0.1712920069694519 0.1262040138244629
28.0 0.8074840009212494 0.5573779940605164 0.0034909844398498535 0.007140994071960449
28.0 0.1931990087032318 0.6692360043525696 0.005276978015899658 0.00519406795501709
33.0 0.04708698391914368 0.5783990323543549 0.013566076755523682 0.01941901445388794
35.0 0.6952630281448364 0.4112499952316284 0.048207998275756836 0.014937996864318848
19.0 0.17282196879386902 0.6221140325069427 0.013233006000518799 0.017203986644744873
16.0 0.6913489997386932 0.19497299939393997 0.054549992084503174 0.055351004004478455
17.0 0.7661090195178986 0.5732869803905487 0.005873978137969971 0.007109940052032471
