4 0.672510 0.449754 0.130226 0.331212
2 0.764187 0.423639 0.092079 0.278520
14 0.520665 0.331094 0.274178 0.138073
7 0.530676 0.635139 0.122620 0.200463
0 0.832243 0.474847 0.020635 0.084890
7 0.788336 0.529845 0.070267 0.129248
12 0.597076 0.321726 0.418997 0.147438
35 0.724987 0.436961 0.019527 0.013211
35 0.798710 0.413598 0.013167 0.010345
10 0.534141 0.503010 0.177184 0.232614
68 0.690081 0.367875 0.066131 0.061878
61 0.391864 0.640270 0.119065 0.061438
17 0.550800 0.651739 0.004355 0.006115
53 0.727898 0.337291 0.017356 0.106287
40 0.657438 0.387081 0.075193 0.074637
24 0.766035 0.382481 0.068897 0.021662
17 0.555038 0.633601 0.002955 0.007255
6 0.405297 0.419854 0.348885 0.154365
20 0.665682 0.392454 0.058704 0.030517
49 0.610185 0.399249 0.022284 0.052999
8 0.804862 0.437024 0.081287 0.208002
60 0.273110 0.596006 0.131922 0.135440
1 0.365708 0.580438 0.332963 0.230893
55 0.816077 0.478916 0.023763 0.057391
62 0.205747 0.548683 0.007744 0.053514
59 0.258947 0.557259 0.083174 0.096148
72 0.843445 0.409489 0.006836 0.045905
63 0.294019 0.493330 0.145244 0.113277
46 0.804010 0.531551 0.030009 0.090971
70 0.416294 0.519317 0.147291 0.071297
28 0.810738 0.536398 0.004899 0.003109
17 0.549906 0.623911 0.004044 0.006322
64 0.758539 0.338719 0.057892 0.096243
65 0.793600 0.340373 0.029360 0.068729
29 0.611133 0.467753 0.013686 0.014510
26 0.713157 0.396633 0.038880 0.014921
71 0.224911 0.451286 0.013062 0.039861
19 0.802768 0.531216 0.004044 0.010157
19 0.548351 0.640856 0.009642 0.018241
17 0.540691 0.637229 0.004432 0.006426
30 0.395051 0.347661 0.027304 0.015052
17 0.801912 0.523080 0.002644 0.004042
17 0.799191 0.535932 0.002644 0.005078
18 0.204782 0.511507 0.004358 0.013311
17 0.801835 0.540906 0.001555 0.004042
32 0.400983 0.633366 0.070046 0.020387
22 0.451019 0.366915 0.067473 0.018481
17 0.540925 0.654019 0.004743 0.006426
39 0.270039 0.495092 0.021729 0.039630
23 0.486185 0.376823 0.066616 0.026865
51 0.685054 0.584919 0.186166 0.098372
16 0.710585 0.245132 0.008442 0.016152
31 0.409131 0.352901 0.035738 0.025531
28 0.555933 0.681028 0.007076 0.005908
46 0.548180 0.640520 0.069400 0.139913
57 0.572482 0.574312 0.056598 0.108178
