4.0 0.7259265580666624 0.45868993681099873 0.14481311153946166 0.30909653746047244
2.0 0.8251824515464666 0.4325557505900769 0.10285314707984516 0.25954543779269756
14.0 0.5598486220064561 0.3522515679682353 0.2990871659867483 0.13361549644084486
7.0 0.5738714458728192 0.6331895652246655 0.13519931382056635 0.18802632838376773
0.0 0.8995971000805387 0.4784347779921742 0.023282606279081318 0.07894586801893891
7.0 0.8525011992887793 0.5302430316186516 0.07762468078326444 0.12103912862809307
12.0 0.6427051500617732 0.34193415964865037 0.4564035302342009 0.14541152388947662
35.0 0.7827641859455401 0.4457236752301306 0.02133609722082516 0.012639274511114233
35.0 0.8625573571424145 0.4225231052118279 0.014401725106235592 0.009851314848620077
10.0 0.5762622358743319 0.5109329536201062 0.19476892646153782 0.21893845507292212
68.0 0.7441525413164535 0.3825947509456287 0.07243550370393072 0.058651554253115766
61.0 0.4232268543577806 0.6409402815610347 0.12989745163678634 0.05939094745846761
17.0 0.5958908082087404 0.6481040471632838 0.004791359044197918 0.0057489000656487915
53.0 0.7848903091299689 0.3534943575760326 0.019944814086615283 0.09866096935030327
40.0 0.7089137578084831 0.4010617222717055 0.08240581420011428 0.07064625230809674
24.0 0.8267616946921944 0.3944563297519183 0.07502109373346882 0.021523166415262772
17.0 0.600303506469952 0.6312398100858976 0.0032833195933618716 0.006772866149503898
6.0 0.4355231346214555 0.4368275529821048 0.380360033576861 0.15029871642308257
20.0 0.717919376966179 0.4058516751258574 0.06404713588394846 0.029490738891572936
49.0 0.6577409404865898 0.41333691138818185 0.02474193871499703 0.04949149366865994
8.0 0.8694791865691602 0.4440522250967933 0.09040539500361632 0.19410270779735356
60.0 0.29384525647090176 0.6025803460483177 0.14462313944591676 0.12810010976538366
1.0 0.3942104538147848 0.586179161729321 0.363868702166321 0.2207204509909742
55.0 0.8820890974518681 0.48254750551820724 0.026393115881755875 0.05358489252717738
62.0 0.22022327282694415 0.5602788551956602 0.008962320504355432 0.04965286856568172
59.0 0.27806752818930724 0.5670571548447776 0.09129339693279268 0.09071054882235469
72.0 0.9110801558903077 0.4177546857889184 0.007897557991187038 0.04259707086389944
63.0 0.3154792779963153 0.5071815900034087 0.15885589762284932 0.10789415146907598
46.0 0.8695349534999309 0.5314811617090245 0.03352244092699834 0.08477204014447194
70.0 0.44849374727822083 0.5285642539911672 0.16064259259649494 0.06911899725619756
28.0 0.8768893886485192 0.5358175460449468 0.005350763014214408 0.0029810063638276083
17.0 0.5946315169035754 0.6223904745607032 0.004455859507627812 0.005933642342397308
64.0 0.8181697597811292 0.3541513206645363 0.06384762487971463 0.09025097468229029
65.0 0.856250032441197 0.35492154467664383 0.032587058430977534 0.06419047819942648
29.0 0.6594808947859245 0.47666302364177604 0.015008419300395606 0.013713984478268597
26.0 0.7695028098633127 0.40868797691278475 0.04236391650998873 0.01463962636602629
71.0 0.24001765020148505 0.4697994453296183 0.014594019424513788 0.03714292316883561
19.0 0.8681831501956503 0.5311982428707462 0.004495584752344636 0.009479886481189132
19.0 0.5931192203558359 0.6380934100072232 0.010656800853227347 0.01707650300730115
17.0 0.5847656641209796 0.6349053482111978 0.0048781897828513365 0.006038224769488099
30.0 0.42365077193203005 0.37029149970642283 0.029798080449378594 0.014510093678135641
17.0 0.8671694263440622 0.5236933271519078 0.002912334394609767 0.00379497922595552
17.0 0.8643488389607887 0.5356366917012343 0.0029230827530746712 0.0047529174535813155
18.0 0.21878991488572708 0.5259225849962782 0.004869257208302997 0.012403218014146596
17.0 0.8672707784591095 0.5401789731482828 0.0017301135365340769 0.0037713972209072228
32.0 0.4330550591848448 0.6343585735542698 0.07625524727923032 0.02036906214942835
22.0 0.4846108392877403 0.38688395190646657 0.07344214263447148 0.0185508028493051
17.0 0.5851939472754668 0.6504262375244328 0.005215772427504722 0.006044903495691567
39.0 0.289464249415001 0.5093302449407145 0.02400072859385451 0.03711697400986528
23.0 0.5228907035212832 0.39528451549632954 0.07259875525475924 0.026285040249198473
51.0 0.74094706388856 0.5834073372944512 0.20312724321583678 0.09499750745453475
16.0 0.7651386712550643 0.26864852220791297 0.009332483465047687 0.015118810023944574
31.0 0.4389907477766345 0.3748321056712296 0.03906299993297343 0.024382819499219357
28.0 0.6017672166121704 0.675076858180123 0.007743081575315595 0.005616454342337976
46.0 0.592930085795305 0.6377863895354126 0.07679408889483862 0.13088240459415476
57.0 0.6186260130679159 0.576036683336575 0.06256663989744311 0.10125941503685781
