2 0.305017 0.379898 0.219431 0.393584
4 0.143668 0.360757 0.212118 0.358198
7 0.030696 0.462286 0.061110 0.161836
10 0.026177 0.381952 0.052355 0.211906
8 0.505502 0.436848 0.396118 0.309738
15 0.564641 0.272564 0.244455 0.129912
7 0.441804 0.619271 0.161274 0.236942
13 0.673149 0.416566 0.207485 0.230089
0 0.634110 0.552805 0.296468 0.243022
12 0.311573 0.225347 0.512508 0.131802
35 0.172743 0.366839 0.033540 0.014253
55 0.402285 0.544619 0.101552 0.114389
24 0.314279 0.331183 0.199860 0.029284
65 0.429651 0.283528 0.076430 0.127353
53 0.234574 0.249501 0.053193 0.135564
20 0.043598 0.283348 0.031314 0.043395
40 0.060240 0.275217 0.065264 0.067236
35 0.362986 0.399608 0.046225 0.019411
46 0.428903 0.629656 0.104957 0.161736
68 0.161178 0.250580 0.161269 0.127204
64 0.315178 0.261151 0.157831 0.144822
48 0.709294 0.603907 0.121590 0.103942
46 0.009438 0.472036 0.018875 0.105280
59 0.748936 0.436162 0.038472 0.070759
17 0.439965 0.639601 0.007804 0.009409
17 0.428866 0.647277 0.004923 0.007428
26 0.144767 0.312220 0.142262 0.018835
51 0.200123 0.547583 0.320990 0.124654
17 0.417998 0.631678 0.004273 0.008294
29 0.028051 0.338743 0.012075 0.013618
72 0.650617 0.463391 0.122257 0.108897
17 0.423107 0.612551 0.005294 0.007304
17 0.437550 0.616822 0.004273 0.006685
16 0.512468 0.163753 0.062890 0.063838
19 0.428819 0.630254 0.013747 0.020922
38 0.718848 0.491470 0.020464 0.019567
39 0.765752 0.373496 0.006660 0.034661
36 0.677000 0.642039 0.057847 0.020724
