2.0 0.6202395204362022 0.319982224654338 0.24995259124889865 0.4068850008875327
4.0 0.7628568639966503 0.2645311016796011 0.23865076405632454 0.3732417159370488
7.0 0.8780506437999863 0.32935484831488276 0.07657936729478555 0.16041361673773755
10.0 0.8713960163620802 0.2558371050647447 0.07538344916183813 0.20349633473287357
8.0 0.4474555403931422 0.41879386479785174 0.39773548382300566 0.37308889831937986
15.0 0.3723228827146993 0.2846337918424778 0.23728154721192618 0.1750185918624718
7.0 0.5291107757837765 0.5682332734424546 0.17672330366461342 0.2518543869552007
13.0 0.29391080647098267 0.4401825019302877 0.2173864911405535 0.2566116231837424
0.0 0.3472162966331873 0.5538079306080345 0.2991736965007621 0.28933612204289827
12.0 0.5937165179395691 0.18215407544104842 0.4787108752519279 0.24016744724923164
35.0 0.7375086375013368 0.27689770765466615 0.032079149825723526 0.020792344244780735
55.0 0.554705399927675 0.49155573484092124 0.10663492566564212 0.12719621492120906
24.0 0.605405277612046 0.2782414099009762 0.18372924396218138 0.073713447519537
65.0 0.49524145259321284 0.26257127584845535 0.085761747827088 0.1329415920727496
53.0 0.6662186107500034 0.18571246218527826 0.06595024624277679 0.1348466806621319
20.0 0.8425635581763555 0.17103560431563367 0.03396529660703285 0.04654683227777692
40.0 0.8265050771307222 0.16764169117309172 0.06769289202080064 0.07608301537755204
35.0 0.5707129032632944 0.3514778902828032 0.044180681852543556 0.02844637762935526
46.0 0.5421040840793437 0.5745454121122946 0.11601675626541673 0.170701410235007
68.0 0.7323997131430818 0.16931372870669648 0.16207457704543374 0.152887412531942
64.0 0.5952508866375635 0.21529672345281423 0.16133240711982835 0.16796229796965204
48.0 0.28638983112283245 0.6176886477751842 0.12326974016467455 0.12251741505630258
46.0 0.8984783789661174 0.33311627788741355 0.031031811733903396 0.09941291947572668
59.0 0.2283374359194142 0.47579265051978825 0.044057234427059576 0.07291891684347629
17.0 0.5334783490471449 0.5861323751767579 0.00827711913671493 0.010332435322075324
17.0 0.5444888532810389 0.5904279360183305 0.005420686675015816 0.007864055172968594
26.0 0.7553909317829668 0.22101874609759894 0.1305118770675377 0.05065755504573186
51.0 0.7369935192303478 0.4463798789830973 0.30544118049999125 0.18839147356413838
17.0 0.5521855377475521 0.5737878377151719 0.004951432208485945 0.008491199317616318
29.0 0.8639440537587105 0.2173131151135556 0.012681605537356404 0.0151391994258762
72.0 0.320432306889083 0.477078019384826 0.12453107464923126 0.12714390405223613
17.0 0.5450363919065766 0.5577476300434853 0.005737872406046828 0.007840039015884549
17.0 0.5326114338776008 0.5650178368922125 0.004736667121206608 0.007040158037041617
16.0 0.40474434768964507 0.17415535508297567 0.06510341686719205 0.07245666587749319
19.0 0.5422594992059119 0.5750648043316624 0.015160688642576095 0.022121976719957956
38.0 0.26278942166670105 0.5185500352938952 0.021023421696563672 0.02248979362249328
39.0 0.20484492251185546 0.4232582046737053 0.010617683255065014 0.03283491805773748
36.0 0.3205345493996718 0.644433917117936 0.0548126501615575 0.03238125898316841
