5 0.346602 0.557605 0.180972 0.372677
3 0.214246 0.528593 0.128295 0.312377
11 0.536511 0.617578 0.234047 0.262893
7 0.174170 0.645453 0.086988 0.146533
12 0.390947 0.409221 0.481973 0.173317
9 0.155177 0.541203 0.122443 0.242659
6 0.652492 0.507852 0.362888 0.183258
7 0.536049 0.762850 0.152743 0.234619
1 0.709511 0.690413 0.309671 0.277857
0 0.114553 0.584827 0.033913 0.102863
14 0.502683 0.418183 0.290713 0.163156
35 0.275245 0.544103 0.027112 0.013940
50 0.432859 0.500723 0.032063 0.057584
35 0.167550 0.517394 0.019369 0.010584
41 0.377222 0.486918 0.087355 0.081836
71 0.684230 0.630004 0.164581 0.077942
62 0.721940 0.762965 0.126922 0.072427
59 0.833425 0.653865 0.051985 0.110691
52 0.327197 0.710012 0.268138 0.109207
54 0.262866 0.430854 0.016721 0.119135
69 0.331671 0.449732 0.119573 0.107521
46 0.523721 0.775146 0.098856 0.159222
73 0.099144 0.513829 0.011785 0.047183
46 0.157788 0.649247 0.043713 0.102794
63 0.794733 0.590483 0.105630 0.136284
60 0.812731 0.709739 0.095688 0.131564
25 0.211528 0.481678 0.098688 0.025415
17 0.532217 0.787498 0.005825 0.006362
47 0.122739 0.508510 0.012009 0.037152
27 0.298114 0.499629 0.073859 0.021645
29 0.436578 0.578156 0.017810 0.013824
17 0.511869 0.770029 0.004773 0.008303
17 0.531610 0.767334 0.006715 0.009381
21 0.366529 0.496326 0.065803 0.035595
17 0.517532 0.755472 0.005259 0.008087
67 0.168665 0.433205 0.039879 0.079744
56 0.139955 0.595140 0.034006 0.071307
66 0.219441 0.431734 0.081451 0.111033
17 0.162418 0.660347 0.002994 0.005823
28 0.516362 0.826550 0.007541 0.006434
17 0.520247 0.789711 0.006149 0.009705
28 0.143199 0.622203 0.003950 0.005704
16 0.258009 0.330417 0.016406 0.033396
31 0.561501 0.463817 0.102018 0.033396
33 0.713664 0.753426 0.073530 0.027234
39 0.819677 0.586216 0.017600 0.043535
17 0.163996 0.650588 0.003722 0.005931
17 0.158656 0.637972 0.002913 0.005068
19 0.158696 0.648809 0.005906 0.012940
22 0.590510 0.453480 0.063388 0.029421
19 0.522444 0.775178 0.013430 0.022106
30 0.499828 0.486975 0.061598 0.023258
18 0.782017 0.702632 0.011186 0.019879
58 0.486327 0.701397 0.074181 0.124429
23 0.622727 0.438173 0.050263 0.017493
