5.0 0.38934466028860526 0.5818998393822559 0.20129205065491235 0.3981243223090079
3.0 0.25765615394360813 0.5402745819456115 0.14518114130250773 0.3316036781230941
11.0 0.5773512314181534 0.6604226266056513 0.24904534157351407 0.2904081592433253
7.0 0.21131250637056748 0.6564096684178917 0.0950764969274677 0.15796193409697606
12.0 0.44160721047317036 0.43384818243248924 0.4939068877364536 0.22091469779676137
9.0 0.19756900698075705 0.5478848217033366 0.13570264112193986 0.25964267666836305
6.0 0.6997064781465298 0.5584210591303735 0.37459016939340956 0.22039470275675418
7.0 0.5694059254422266 0.8092307331649001 0.16577784135617282 0.25412863045012185
1.0 0.7476809715272565 0.7506040376653257 0.3259120724368337 0.31253919673418157
0.0 0.15444505208698484 0.5889310521119309 0.039421426800683716 0.10844502500517933
14.0 0.5535793989736807 0.4530759384275839 0.3009294870328175 0.1933091924667338
35.0 0.3182373598673482 0.5616503775237147 0.027999064112739707 0.016720644447861824
50.0 0.4790692101710821 0.5313715215427568 0.03522832055276439 0.06188461351038945
35.0 0.2112452511678748 0.5246018171658955 0.02003493938873234 0.012585923534777268
41.0 0.42379569246540155 0.5122247650151798 0.0921143919370372 0.09170465113611789
71.0 0.7253527241340592 0.6864345583947028 0.16962204504651832 0.09465732905212323
62.0 0.7564516570471258 0.8260601542525304 0.13144393698077825 0.08562093023291292
59.0 0.8742506199736385 0.7242957978957077 0.05800930941813041 0.11809041121382999
52.0 0.36197067333374167 0.7363157064806736 0.27543555248854396 0.13600202528797972
54.0 0.311612544380118 0.44449945732611496 0.022959979528689965 0.12357221032380512
69.0 0.37987508185580926 0.47002793256926545 0.12585611628704815 0.12091851693779189
46.0 0.5563678294608778 0.8207212884270979 0.10767198711608017 0.1720303559049181
73.0 0.14259571169423826 0.5147993300126251 0.014288149832274187 0.04940446562918857
46.0 0.19463284656460875 0.6588244086566473 0.04927906390116983 0.10925532221859258
63.0 0.8385807069450688 0.6558744932748247 0.11330718402981375 0.14913642742868774
60.0 0.8505502687679868 0.7796854192620534 0.10306000963304598 0.14340642500344086
25.0 0.2573369396333387 0.4919598493248976 0.10061284801795116 0.03491294503266968
17.0 0.5642808126551364 0.8341412610369919 0.0061889467936147 0.00704230455135328
47.0 0.16661192380383377 0.511470541864511 0.013997027584558026 0.03914655212070278
27.0 0.34353922188433744 0.518136987757726 0.07543472385402875 0.02881798456066412
29.0 0.4788242080812622 0.6110458588945087 0.01863305141162196 0.015765551938629743
17.0 0.544705305687158 0.8144127463569276 0.005230364525359524 0.008936560656866151
17.0 0.5647083354128688 0.8134260956397277 0.007239915207257184 0.010215635986663377
21.0 0.412551471951511 0.5209031545971085 0.06804672957607635 0.04238729014149701
17.0 0.5511532176745749 0.800006374716761 0.005708295692033971 0.00875898764267529
67.0 0.2167023146205037 0.43843969641351943 0.04423421356153092 0.08529300655613188
56.0 0.17947461841274095 0.6017817059331484 0.03789009851922347 0.07612023606490387
66.0 0.2678710992924686 0.44149724495019327 0.08767693498756453 0.12108986949763725
17.0 0.19872018769195898 0.6706140019442233 0.00331253990329067 0.006235642650248868
28.0 0.546315916579736 0.8727296204319017 0.007919389645033258 0.007270411083591929
17.0 0.5521221378082505 0.8353326621251027 0.006687125735835101 0.010496869985819078
28.0 0.18134532512364027 0.6298028105079582 0.0042683786832119356 0.0061996249858227905
16.0 0.31189700152076044 0.3411523410737366 0.018228081093830704 0.035693356018001623
31.0 0.6104148180212996 0.5051215119289629 0.10437468428400659 0.04338987172374623
33.0 0.7486151840984888 0.8155422465623303 0.07539141115590998 0.03451499253284813
39.0 0.8639002088158342 0.6537448679105641 0.01995161578991978 0.04618931960550501
17.0 0.20081056143217935 0.660756487056665 0.004050654903258225 0.006411693158381063
17.0 0.19608685352396074 0.647349746128002 0.0031921477891784632 0.005454632444700059
19.0 0.19556908122068437 0.6584572165091788 0.006609189743764408 0.013789615139738393
22.0 0.6401372371561204 0.4971378523374238 0.06529873599557998 0.035844165420424096
19.0 0.5550811917316452 0.820639311430976 0.014652147578808013 0.02385775781429427
30.0 0.5471642791682999 0.523305432546646 0.06318025237012961 0.029368438915495353
18.0 0.8200104769456303 0.7696422509971812 0.012279466503140574 0.021374169333086886
58.0 0.5225378729915828 0.7417942979020652 0.08105136124764196 0.13416226196602438
23.0 0.6733435858288901 0.4843501932449866 0.051477577866016776 0.022442421866468356
