6 0.528518 0.525595 0.433076 0.115755
11 0.309085 0.523328 0.070927 0.122066
1 0.531044 0.646552 0.516843 0.149834
10 0.746180 0.519702 0.079731 0.119833
12 0.524660 0.415438 0.378785 0.097559
71 0.338367 0.578967 0.100300 0.072671
41 0.311539 0.460057 0.048394 0.030940
14 0.526494 0.432035 0.368475 0.089294
40 0.741786 0.457369 0.057371 0.029413
70 0.722130 0.577248 0.099750 0.073820
63 0.531245 0.601765 0.335435 0.053983
60 0.530810 0.685677 0.336953 0.047498
62 0.328115 0.669199 0.091524 0.069510
59 0.532212 0.658915 0.196610 0.042830
61 0.735881 0.668378 0.091508 0.071638
20 0.745917 0.452159 0.048871 0.019251
21 0.310039 0.454965 0.043607 0.020172
33 0.318501 0.661790 0.050859 0.032292
32 0.746190 0.659205 0.050527 0.033658
39 0.530340 0.608147 0.044374 0.034115
18 0.369195 0.651483 0.018401 0.013647
30 0.379114 0.471750 0.068872 0.005793
22 0.535906 0.472399 0.152215 0.006852
31 0.423209 0.471498 0.079791 0.009319
