6.0 0.4453850883154784 0.4969302686369091 0.4044364392623444 0.12864510035709384
11.0 0.6461778333561846 0.503302133435164 0.07378719198162184 0.12060979068055151
1.0 0.43421787356932945 0.6136038984720468 0.4835198843741135 0.1648129116294596
10.0 0.24680917817363682 0.4827498318635695 0.0816731508731548 0.11879750711827827
12.0 0.4569793233569316 0.39073495407221015 0.35346588676930346 0.10896064782008055
71.0 0.6153309169573541 0.5558738151268037 0.0970256281829204 0.07406960667540968
41.0 0.6485674805941078 0.4421244258840804 0.046512213116444164 0.031757498481455225
14.0 0.454087092844019 0.40668619178247656 0.34343425390986587 0.10057942857000891
40.0 0.2553912961498632 0.4227448092938715 0.05460796553617742 0.03063352222447558
70.0 0.2645838709844037 0.5392430772892788 0.09660693274913316 0.07515739747415082
63.0 0.43731383209061253 0.5703585912741078 0.31064003242532195 0.06520117972735837
60.0 0.4315666255875097 0.6513844155951992 0.31155303620122116 0.05899966464136191
62.0 0.6180965699040653 0.6433839306878314 0.08877027626738161 0.07067559163221884
59.0 0.4322445892148134 0.625493587568906 0.18289615908244938 0.049018229930798296
61.0 0.24533786190667006 0.6266837601207453 0.08891150617537105 0.07272934946588319
20.0 0.251995851946697 0.41755392275501463 0.046092300310313694 0.02049151045221941
21.0 0.650311850746338 0.4372671209405483 0.04134690278463992 0.02117524292260978
33.0 0.6274291656337042 0.6366063440514375 0.04886491328718749 0.033158866888036806
32.0 0.23658411943410218 0.6174259485885786 0.04866145341797358 0.0344646180848435
39.0 0.43767394951082544 0.5765550559591138 0.043069267606257046 0.03466575863958907
18.0 0.5818346193159789 0.6246782771094609 0.017823303112684832 0.01389265722557765
30.0 0.5859276434635274 0.4507766566681765 0.06339359254822907 0.008279411193373613
22.0 0.4425258990103924 0.44528651355592175 0.13967133025614484 0.012553050363104792
31.0 0.5456302643074061 0.4488131696880327 0.07363502781053874 0.012109332682452355
