4.0 0.20206875332663954 0.37595138003632594 0.11781910837023482 0.35066606057776617
2.0 0.19037815318373866 0.31298564673537915 0.10258295509628206 0.23793153725380042
8.0 0.17679102656884743 0.2535701127745772 0.037896841461077045 0.06743093231422762
7.0 0.21604867035184458 0.6368078840028953 0.09005753074846622 0.18173780962333638
7.0 0.15812304844470063 0.39715795857768305 0.02924778811968434 0.08045018499893647
10.0 0.2730145692184513 0.48069883738494695 0.17012489338674955 0.25348504404423994
6.0 0.5642976618492597 0.4955059658761071 0.6384622469710625 0.27153595142476405
1.0 0.5387146547500564 0.6977439119776415 0.6907283086543295 0.2952245366287536
14.0 0.4936610902982435 0.3206034953030002 0.4702784756642775 0.1857794938866656
12.0 0.4550850391912518 0.28384888389316393 0.5477560426145162 0.2058336753743461
40.0 0.19029218403356377 0.334323743580356 0.12232505082683649 0.09398608580858296
49.0 0.2362762740068482 0.3733559749407762 0.019870712756317 0.032879770042127096
35.0 0.15991511676818163 0.29229711154120336 0.008392166639071769 0.011345424468264014
53.0 0.2197015721928663 0.2507814223913299 0.05200843724735025 0.10352631739522375
65.0 0.1969793166597984 0.23110405500141787 0.03241446488634486 0.0549169499713312
64.0 0.21070918666515437 0.24555606879270506 0.05405930845921649 0.09135863581438491
68.0 0.2252750011629881 0.2808469725152056 0.06154312677875564 0.1413066417541124
57.0 0.20913709901059105 0.5340445624286978 0.024129075765055148 0.05674346320846073
61.0 0.38031133099238756 0.7468771785016954 0.22564084922561767 0.09971168690393546
71.0 0.8575848467916364 0.5817622489980445 0.04865274936960055 0.10153481077524873
70.0 0.38690844129692 0.6014281870780728 0.2416732343318376 0.14963416350720757
63.0 0.6529958151407892 0.6216132483413037 0.3803736055839165 0.12032752944264966
21.0 0.7105761028614184 0.35234621149414175 0.03954913052529853 0.02964039570695402
41.0 0.710480862939405 0.35240704334014816 0.039549130525298445 0.02964039570695402
60.0 0.6476844999695216 0.7435970564911761 0.4084988945321618 0.14875645962994224
51.0 0.18473988287134188 0.5061468825624104 0.06004592315436783 0.1286342665633719
59.0 0.6818947503757844 0.7185348274319476 0.24172713485382602 0.10704819280079025
26.0 0.1986050710767848 0.30819479898048585 0.017402033478545412 0.020430701081443268
29.0 0.20993960526907365 0.43089035252617586 0.011016570894760512 0.0147091178130601
24.0 0.18787921215530343 0.2785512320216762 0.02232677004553069 0.04244593427266617
22.0 0.5129036112793838 0.39166338815437435 0.1651108666157944 0.028079356911098773
18.0 0.8506507603427452 0.6851107760550256 0.015836135257469925 0.01759551295285443
16.0 0.3561406285211092 0.17417304901948427 0.01476087683985716 0.032647443445222975
23.0 0.46444304299176464 0.38883423638124304 0.12048339615136987 0.025994140966208317
30.0 0.6644773245252188 0.3895705536492009 0.10286816184831774 0.03131332552668766
31.0 0.5941243662521813 0.3898490706925778 0.16783943630512016 0.039105076439697656
39.0 0.6889167166230855 0.6347477375109374 0.05740786450463552 0.05456132111557597
