5 0.474352 0.363609 0.117154 0.400410
11 0.631467 0.489142 0.277255 0.326045
3 0.430650 0.300322 0.099031 0.275090
9 0.399611 0.290506 0.042682 0.176284
7 0.546971 0.668194 0.142688 0.249904
56 0.381142 0.331013 0.010670 0.033661
58 0.520673 0.537126 0.035342 0.046276
62 0.843036 0.853474 0.312991 0.142909
7 0.401256 0.389804 0.035454 0.096606
12 0.708914 0.231768 0.581153 0.198942
6 0.789146 0.491832 0.420202 0.304771
41 0.463042 0.309316 0.134075 0.106642
14 0.770289 0.256366 0.459422 0.199015
35 0.388582 0.285210 0.011013 0.011829
1 0.781204 0.780314 0.436538 0.372144
50 0.528427 0.334953 0.024235 0.072125
69 0.483237 0.248361 0.079549 0.158294
66 0.441979 0.221316 0.063213 0.105576
54 0.460484 0.221586 0.049142 0.117966
71 0.829822 0.650107 0.339620 0.214088
21 0.444555 0.310574 0.099702 0.040334
27 0.443402 0.284866 0.015833 0.012643
28 0.519089 0.613308 0.014659 0.007741
25 0.421547 0.264785 0.032721 0.038402
29 0.502380 0.424925 0.014976 0.020542
17 0.563007 0.681228 0.015472 0.012264
52 0.449835 0.487273 0.093193 0.168298
17 0.557773 0.658659 0.016382 0.011412
17 0.588035 0.682079 0.006826 0.009198
46 0.553700 0.680925 0.114888 0.177666
17 0.575293 0.657892 0.013197 0.010901
18 0.852880 0.779832 0.036043 0.028208
22 0.935779 0.327600 0.128443 0.018398
17 0.583143 0.696047 0.018430 0.010901
16 0.597381 0.124718 0.011817 0.025172
31 0.846327 0.336802 0.306690 0.011283
30 0.708218 0.340481 0.251316 0.016189
