8 0.119229 0.174589 0.099954 0.102866
9 0.679865 0.183846 0.094183 0.104456
7 0.658726 0.443348 0.069283 0.021439
7 0.149407 0.446199 0.068997 0.018488
15 0.400893 0.125516 0.507311 0.093666
13 0.399153 0.257949 0.561685 0.188862
0 0.399212 0.378371 0.658541 0.147472
59 0.405137 0.282659 0.254172 0.054907
73 0.686741 0.271768 0.089057 0.084976
72 0.112956 0.267142 0.097711 0.088534
12 0.400198 0.095854 0.487419 0.071529
38 0.195664 0.307387 0.061633 0.010812
48 0.400940 0.424480 0.621512 0.027919
39 0.405103 0.222132 0.050177 0.038068
37 0.676667 0.418843 0.073059 0.015434
36 0.129102 0.419306 0.077582 0.014112
