8.0 0.8807709813117981 0.17458900436758995 0.09995400905609131 0.10286600142717361
9.0 0.3201350271701813 0.18384599685668945 0.09418302774429321 0.10445600748062134
7.0 0.3412739634513855 0.4433480054140091 0.06928300857543945 0.02143898606300354
7.0 0.8505930006504059 0.4461989998817444 0.06899696588516235 0.018488049507141113
15.0 0.5991069674491882 0.12551600113511086 0.5073109865188599 0.09366600960493088
13.0 0.6008470058441162 0.25794900208711624 0.5616849660873413 0.18886201083660126
0.0 0.6007879972457886 0.3783710151910782 0.6585409641265869 0.14747199416160583
59.0 0.5948629975318909 0.28265900909900665 0.2541719675064087 0.054906994104385376
73.0 0.3132590055465698 0.2717680111527443 0.08905696868896484 0.08497600257396698
72.0 0.8870440125465393 0.26714199781417847 0.09771096706390381 0.08853399753570557
12.0 0.5998020172119141 0.09585400111973286 0.4874190092086792 0.07152899727225304
38.0 0.8043360114097595 0.30738700926303864 0.06163299083709717 0.01081201434135437
48.0 0.5990599989891052 0.42447999119758606 0.6215120553970337 0.027918994426727295
39.0 0.5948969721794128 0.22213199734687805 0.05017697811126709 0.03806799650192261
37.0 0.3233330249786377 0.41884298622608185 0.07305896282196045 0.01543399691581726
36.0 0.8708980083465576 0.4193059951066971 0.07758200168609619 0.014112025499343872
