2 0.801064 0.411748 0.074298 0.311890
4 0.757899 0.473400 0.090083 0.432420
8 0.834136 0.421606 0.031111 0.223532
10 0.645998 0.577175 0.182181 0.304792
7 0.665132 0.800241 0.099610 0.295562
7 0.823357 0.521234 0.042156 0.141841
6 0.420538 0.552655 0.510634 0.295291
12 0.587019 0.331971 0.470729 0.197609
14 0.530498 0.360339 0.369255 0.182517
35 0.833622 0.388806 0.009163 0.014818
1 0.404720 0.812274 0.539691 0.375147
63 0.295109 0.685415 0.255037 0.145436
68 0.752370 0.342115 0.064075 0.167883
60 0.283490 0.858312 0.270208 0.199684
26 0.783183 0.383479 0.011371 0.014775
24 0.802408 0.362731 0.027501 0.037089
64 0.790030 0.314364 0.050275 0.113439
29 0.727629 0.531229 0.012969 0.022712
31 0.407013 0.418350 0.075876 0.033793
44 0.719833 0.738721 0.016236 0.103719
59 0.250175 0.803479 0.160694 0.147821
19 0.682669 0.799579 0.004688 0.023753
28 0.839230 0.514997 0.003281 0.003542
17 0.688529 0.776242 0.007032 0.009585
39 0.259200 0.689565 0.037113 0.068382
41 0.366038 0.373397 0.022473 0.025367
49 0.712983 0.435919 0.018038 0.072553
40 0.762889 0.406342 0.099673 0.122256
53 0.775577 0.318448 0.032208 0.126043
22 0.490997 0.430525 0.159311 0.028365
55 0.843411 0.440280 0.009148 0.025435
42 0.845317 0.483802 0.007812 0.061741
46 0.834627 0.522076 0.013093 0.095870
57 0.707458 0.657716 0.032297 0.062122
65 0.811926 0.308975 0.018925 0.060329
46 0.684650 0.802560 0.048201 0.201583
70 0.505573 0.702261 0.218470 0.160040
71 0.159485 0.616686 0.019444 0.098050
72 0.845797 0.383565 0.006481 0.041426
21 0.365437 0.370150 0.022797 0.019968
51 0.775052 0.632046 0.096551 0.197889
20 0.774558 0.410858 0.076436 0.041724
61 0.490071 0.908682 0.200921 0.101925
17 0.685170 0.819999 0.006250 0.013335
17 0.689232 0.794370 0.006094 0.010210
30 0.379095 0.413524 0.064107 0.024539
28 0.684407 0.729362 0.005313 0.006251
32 0.539024 0.897015 0.054518 0.045662
16 0.695871 0.198779 0.021177 0.070896
18 0.141709 0.735231 0.007161 0.024338
23 0.524642 0.432740 0.099256 0.031583
