2.0 0.13199015211030177 0.4096526791920762 0.08188861147601223 0.3352380394663029
4.0 0.17909263417139226 0.47550880530820216 0.09950084804527577 0.4646990332397921
8.0 0.09612695456056573 0.42046698990124937 0.03465677955168739 0.24010822637773754
10.0 0.30097976422436845 0.5860814383934706 0.19897576701136502 0.328387378889659
7.0 0.2810898990154927 0.8256044625343237 0.10930218561571627 0.317895281532176
7.0 0.10822205128254785 0.5273078570420426 0.04632410991809482 0.1525186807964994
6.0 0.5456367938829715 0.5581651188904885 0.5554988310141068 0.32052547681288457
12.0 0.3640368972152742 0.3225174859388855 0.51179289359108 0.21541278018417684
14.0 0.4255068600919625 0.3525594065281539 0.4015755542819817 0.19849536253813466
35.0 0.09655532032183077 0.3852634594776782 0.010005713000855015 0.015967319702759445
1.0 0.563834407388801 0.8167259296263499 0.5873580122241716 0.3665481407473001
63.0 0.6823240930657469 0.699747347067074 0.2774367304164064 0.15788957093228684
68.0 0.1845759806461592 0.33457878662275586 0.07022170681774102 0.18062181654560358
60.0 0.6956206632573207 0.8852121180413504 0.2941203709210738 0.21621458140544317
26.0 0.15128959095601968 0.37918825679617313 0.012402423431593519 0.015936827699539056
24.0 0.13033743536371717 0.35705882908925546 0.03000097446873428 0.0399981183822298
64.0 0.14358356012918302 0.30506499036071916 0.05502564454138939 0.12209626228191581
29.0 0.21218155461439112 0.5373538747786062 0.014168604660170227 0.024465925314351076
31.0 0.5597883969352697 0.4139373234101975 0.08250275142847566 0.03680479521456985
44.0 0.22146470235902238 0.7599720042730199 0.018035297891671055 0.11142317581350906
59.0 0.731569929852171 0.826130402832829 0.17502967748450962 0.15977868691044023
19.0 0.26204951132702803 0.8250186585258431 0.00518300931692077 0.025524235375814643
28.0 0.0909660761786539 0.5207273364439157 0.0035757682789208426 0.0038244167946130067
17.0 0.2555958444939226 0.800015801586241 0.007671622157937653 0.010336239643536879
39.0 0.7213224289139774 0.703945764553627 0.0405592195850024 0.0736490127056585
41.0 0.6040922195784377 0.3654040499125594 0.024496365826135125 0.02738272514259639
49.0 0.22770423853616176 0.4349662360372042 0.01986837143794479 0.0779896773521922
40.0 0.17341059532430178 0.403579847283384 0.10868576342766881 0.13190942049128593
53.0 0.15928948651288224 0.30934508057184645 0.035462289779522344 0.13549405738031486
22.0 0.46866553200234706 0.4275999770580656 0.17305631076151126 0.031572580234222616
55.0 0.08613204820581515 0.4405732403086242 0.010031364053126239 0.027361012689867403
42.0 0.08423489299144363 0.487293154955274 0.008724534365088701 0.06631393996741963
46.0 0.09599095472537732 0.5282915459808188 0.014592366214830387 0.10297751244054028
57.0 0.23457854638060638 0.672952136473109 0.035306353009353586 0.06689678579180307
65.0 0.11979249226435233 0.2994372983433104 0.020782944283734513 0.06487756911269511
46.0 0.2599107769816154 0.8282318550009864 0.0531224245220786 0.21667471580017655
70.0 0.4539160546082791 0.719321665661527 0.23779822526392239 0.17330226175624236
71.0 0.8292826320746441 0.6250258001987724 0.021495401789481908 0.10536219356144759
72.0 0.08331769857626421 0.37972552572026025 0.007199252212193367 0.0445030404243896
21.0 0.6047318767405343 0.36191521324151693 0.024826768117428344 0.02159101197219381
51.0 0.16109873770004834 0.6458843572734599 0.10559545247207439 0.21305411554217243
20.0 0.16076091264558073 0.4085092031743063 0.08314193568361797 0.04532005452506957
61.0 0.4715603694712648 0.9407356625810669 0.21851775323230888 0.11081038244688683
17.0 0.2594152038954191 0.8469505158434246 0.006837572391653973 0.014355150369812893
17.0 0.2549043164405556 0.8194751749367394 0.006655824174542412 0.011000382130688548
30.0 0.5900764404060126 0.40855980365020733 0.06969004358674757 0.026790028463500322
28.0 0.25988531283721883 0.7496764693900735 0.0057924089702643755 0.006746100452792234
32.0 0.41837211023407433 0.9285629073465629 0.05936385035867408 0.049390376518202606
16.0 0.2453434855237713 0.18035382542032052 0.023269466097191535 0.07623375428734577
18.0 0.8490482801012114 0.7521180328549507 0.007869946444363526 0.026169634001005308
23.0 0.4321501178970227 0.4302161621474558 0.1078747581679725 0.03459919770972022
