4 0.381225 0.356480 0.272011 0.364970
2 0.614049 0.366426 0.274236 0.382468
8 0.807664 0.408626 0.384673 0.318036
10 0.166321 0.391101 0.184166 0.237239
7 0.175681 0.481595 0.130574 0.175432
6 0.166491 0.286100 0.180233 0.074373
7 0.757972 0.573654 0.162905 0.196885
13 0.940453 0.298758 0.118249 0.075560
0 0.916250 0.531734 0.167013 0.147569
1 0.086900 0.430985 0.057695 0.138455
12 0.530041 0.210933 0.579408 0.143861
35 0.450100 0.373846 0.046943 0.012778
15 0.830489 0.244250 0.156189 0.127616
72 0.968229 0.422566 0.062945 0.088954
17 0.761315 0.565459 0.006353 0.009553
35 0.693968 0.387886 0.054541 0.013889
68 0.405795 0.247808 0.219649 0.136718
65 0.749873 0.269616 0.097424 0.120283
53 0.509158 0.245088 0.051650 0.141853
46 0.166617 0.490426 0.085676 0.118702
40 0.284190 0.279976 0.052043 0.080420
49 0.251142 0.289907 0.039865 0.051669
46 0.757781 0.582612 0.114089 0.134743
64 0.614843 0.250997 0.194250 0.139474
70 0.081299 0.353617 0.032078 0.051914
51 0.452485 0.548021 0.421447 0.073854
57 0.133787 0.442426 0.068717 0.110711
55 0.758853 0.534387 0.191365 0.139597
20 0.274866 0.287653 0.024259 0.037331
24 0.619000 0.323055 0.247733 0.012616
17 0.176427 0.502607 0.005637 0.006567
29 0.229639 0.355393 0.017574 0.011481
17 0.181617 0.490069 0.005279 0.007045
17 0.162021 0.481173 0.006532 0.006926
17 0.743511 0.586948 0.006711 0.009314
26 0.395100 0.317391 0.200034 0.009925
17 0.164929 0.497711 0.005727 0.007523
17 0.758005 0.594595 0.006443 0.007284
17 0.769145 0.580863 0.005727 0.007881
17 0.173117 0.476456 0.007069 0.008956
17 0.745477 0.568922 0.006711 0.008597
28 0.729602 0.536546 0.004832 0.010269
28 0.181795 0.451600 0.006890 0.007878
61 0.072139 0.437977 0.017715 0.041318
16 0.744240 0.141893 0.048429 0.052686
48 0.985279 0.565844 0.019514 0.024579
23 0.243814 0.262580 0.048205 0.034676
36 0.984889 0.566469 0.019047 0.020413
