4.0 0.34976499307995385 0.33280534228679837 0.2506834987344282 0.35812863482216434
2.0 0.5631773332933371 0.3410284391408989 0.25278958769503 0.37522946086636344
8.0 0.7407792207835134 0.3809979780435973 0.3537540048858133 0.31301867428677993
10.0 0.15294615632848005 0.36798679810778595 0.16968845226178356 0.23283899090674495
7.0 0.16187032912249 0.4562932546001172 0.12033703004271758 0.17214238254882736
6.0 0.1527003554405922 0.265453434836789 0.16546109098954676 0.0737770507375228
7.0 0.6958698230222053 0.5424637360664214 0.1500491871850687 0.19329784546427184
13.0 0.8620553045465617 0.27286387591219596 0.1086596677059569 0.07453977158968342
0.0 0.8407651779128253 0.500517036439327 0.15362540586680534 0.14516759816567923
1.0 0.08031238979816915 0.407441008888111 0.05340480030226959 0.13556867150394514
12.0 0.48559250590652925 0.18972861909297078 0.5315554676074405 0.144184265378484
35.0 0.4129527377107874 0.34932255578621724 0.04307034043217096 0.012777811904723374
15.0 0.7610689985386947 0.22034074764609435 0.14362928864100666 0.12561448654261193
72.0 0.887984469529649 0.393583304322149 0.05802696094932836 0.08726509457966138
17.0 0.6989021985035687 0.5344399915236755 0.005858836984502602 0.009369040086971241
35.0 0.6365021074899738 0.36147274590488165 0.05003784980892012 0.013911285059912498
68.0 0.37186685415608034 0.22653125338123278 0.2018228066833439 0.1349083373081301
65.0 0.6872845420469035 0.24562593500905025 0.08974543158362669 0.11807804893669388
53.0 0.46658468679142817 0.2232141364424085 0.04787782781586268 0.1388481481685415
46.0 0.1535973061199441 0.46497460254679746 0.07897275774695639 0.11645904283587295
40.0 0.26054355453261924 0.25872068677295595 0.04800301304351455 0.07886206153861587
49.0 0.23029430785334346 0.26862955359060114 0.03673237653357681 0.05070914227580265
46.0 0.6957290097600501 0.5512122943556168 0.10507355325547611 0.13230462246962696
64.0 0.5634635357674693 0.2283083035943357 0.17855611037276806 0.13743711104690393
70.0 0.07488338209829508 0.3319278698401368 0.02959681586532452 0.05089858397847976
51.0 0.41580467623958783 0.5193871498860522 0.38652252811019366 0.07481290007929293
57.0 0.12332628239239969 0.41831313405889403 0.06339991754705253 0.10854747428140234
55.0 0.6965270580006874 0.5041143277689317 0.1759126034173776 0.13753874764189797
20.0 0.25202782832564247 0.2662768246289849 0.0223752230874238 0.03660845442190367
24.0 0.567548870004689 0.29864551814927415 0.22708605128150425 0.01390379109844778
17.0 0.16263438051731255 0.476806465785039 0.005191215567020653 0.006448652785322871
29.0 0.2108380989913418 0.3327133971861161 0.016149806127800304 0.011323476391125523
17.0 0.16734286315231903 0.4645300745481848 0.004864963872210334 0.0069131532686341046
17.0 0.14934985999869868 0.4559685687625775 0.006012815902434123 0.006804934961839664
17.0 0.6826677056823083 0.5555376419775793 0.00618605745268051 0.009137934995365984
26.0 0.3623314177774585 0.2945466605831051 0.1833614219420556 0.010970995421753218
17.0 0.1520781816745717 0.47209914439752393 0.005277342702043081 0.007382779255081462
17.0 0.6959801227560359 0.5629121293562142 0.005932643047036948 0.007153934599538076
17.0 0.7061370302798765 0.5494317565008822 0.005278766611687804 0.007732377424457942
17.0 0.15950087176675717 0.4512915146891628 0.006512713647818771 0.008790655465295828
17.0 0.6844005258160062 0.5379228937744024 0.0061833154646310125 0.008437866370362177
28.0 0.669727886265985 0.5064096439073373 0.004467590429106186 0.010058449402760421
28.0 0.16735886441994974 0.4269644020492387 0.006344550753776896 0.007736875917811637
61.0 0.06681123663893196 0.41436301895343813 0.016393145265363267 0.04045981652888505
16.0 0.6816336203555179 0.12094192472947891 0.04458483982796518 0.051757007159024114
48.0 0.9041581007653502 0.5333835676566383 0.017977861395739106 0.02412584332801669
23.0 0.22347397068570454 0.24199192815114087 0.044310648342945715 0.03416901298244573
36.0 0.9038031046107134 0.5339963518329743 0.017533938294364664 0.020054857191403014
