3 0.255609 0.615621 0.103276 0.335995
5 0.320386 0.651519 0.172391 0.412341
11 0.423454 0.720355 0.168536 0.297690
9 0.223350 0.628484 0.065392 0.196581
0 0.223748 0.682462 0.031132 0.083273
12 0.388437 0.402972 0.380646 0.376236
52 0.358395 0.830727 0.156690 0.129439
71 0.555786 0.716036 0.177860 0.145772
40 0.566087 0.235692 0.031269 0.035754
7 0.268211 0.755009 0.068991 0.127113
35 0.221581 0.633474 0.010040 0.014772
1 0.653154 0.669097 0.410762 0.638387
70 0.776528 0.352674 0.046068 0.112289
50 0.340215 0.602706 0.024876 0.063241
63 0.703080 0.540633 0.187273 0.349469
6 0.568906 0.472908 0.405391 0.420516
69 0.277078 0.530739 0.083122 0.158317
67 0.209144 0.534164 0.016541 0.086923
35 0.271129 0.663740 0.015754 0.016413
62 0.623859 0.876974 0.152641 0.132095
7 0.476228 0.892495 0.125097 0.214183
14 0.435154 0.401031 0.317634 0.367022
41 0.298599 0.595365 0.079279 0.135376
54 0.245165 0.522467 0.032083 0.147148
60 0.753953 0.673496 0.185019 0.371187
21 0.287870 0.617706 0.055479 0.070365
16 0.263743 0.342845 0.023025 0.034552
27 0.266023 0.601981 0.020967 0.012984
20 0.565404 0.234706 0.030625 0.034135
10 0.661905 0.270756 0.167140 0.031002
58 0.417133 0.833968 0.041476 0.117776
66 0.228133 0.524017 0.045451 0.136608
56 0.232181 0.703855 0.021614 0.052038
46 0.261400 0.757108 0.041994 0.095877
46 0.472601 0.916084 0.085225 0.166988
31 0.467875 0.452850 0.127774 0.146351
29 0.359443 0.698544 0.011308 0.017172
25 0.233042 0.588264 0.047352 0.029528
30 0.410554 0.525197 0.091576 0.102205
59 0.764467 0.607591 0.112379 0.242341
39 0.729723 0.524070 0.035487 0.068979
61 0.838221 0.504715 0.020554 0.082073
47 0.202212 0.613835 0.007067 0.023036
19 0.470967 0.916805 0.009305 0.020523
22 0.500081 0.409518 0.084079 0.114773
33 0.611769 0.869904 0.084927 0.057381
18 0.672910 0.769603 0.014998 0.030171
23 0.544524 0.344647 0.070103 0.084985
