3.0 0.25950132093074574 0.6003300788071624 0.12079338189057892 0.35315273990564877
5.0 0.32975968379552006 0.6301597414700186 0.19695482839334158 0.43815512019680675
11.0 0.4419182252269378 0.6895633255414665 0.18923056694549695 0.32092064961712147
9.0 0.2254806010188226 0.616800067368144 0.07597459736702072 0.20713732351197306
0.0 0.22760510151573896 0.671763741795612 0.03584533315384656 0.08810237036203261
12.0 0.3945547933142688 0.36979041571160276 0.4180609883532463 0.4230686552226609
52.0 0.37596497187578 0.8088163915251445 0.17129061294720552 0.14823326182993746
71.0 0.5830026682203104 0.6713697204111853 0.1943968778672821 0.1670835091288806
40.0 0.5788695237524689 0.1808114975571963 0.03449512643731652 0.03969339801276331
7.0 0.27733910963634656 0.7410570822098119 0.07762781669830432 0.13672255201255962
35.0 0.22374991798576588 0.6220694102147009 0.011179539210593295 0.016099524732956574
1.0 0.6854325592073741 0.6133892199560287 0.45845491085805945 0.6933470013575063
70.0 0.8071292376128558 0.278086173240224 0.052698303791176876 0.11922723007426216
50.0 0.3493834385487127 0.5783511885880924 0.028538337059494316 0.06703715344753736
63.0 0.7346666928215424 0.47727708394299634 0.21085660682999352 0.3756377829839139
6.0 0.5893478137385126 0.42224773500020385 0.4458624298884939 0.4707703129383854
69.0 0.2797393891107739 0.5115951965106378 0.09369054696388801 0.16999310580772545
67.0 0.20735026463179124 0.5221658477684267 0.0203892310011859 0.09030110922559675
35.0 0.27757903147501917 0.6477471258812741 0.01732902713323038 0.018367274419741886
62.0 0.6607160057809953 0.8282752426204324 0.16705328331543182 0.15051777551079937
7.0 0.503657671421202 0.8594785752740152 0.14024417646327833 0.23129710649317708
14.0 0.4443485490361433 0.36294337662830944 0.35052644046568426 0.4071118443364999
41.0 0.3047410104528181 0.5752079274797076 0.08886702654678047 0.146214995062317
54.0 0.2454223870804144 0.5064919356879855 0.038871662625002724 0.15329194260246368
60.0 0.7931405848498394 0.60736611754286 0.20913510400580615 0.3975341899245945
21.0 0.293994885212179 0.5990923113294654 0.06142123793217081 0.07748628827837627
16.0 0.2595919125900596 0.32151558199802815 0.025659597484186444 0.037609305735680595
27.0 0.2701852886539057 0.5853451107155169 0.02278418672641062 0.015416355985325935
20.0 0.5781095883754775 0.17987791953209661 0.033756921369489795 0.03797647535650183
10.0 0.6822275836501319 0.20655601394239562 0.17934273411309135 0.04901226069026033
58.0 0.4387503268398919 0.8059970853072481 0.04797062076543725 0.12434003020182201
66.0 0.2272951936336138 0.5098466237399123 0.0528056742727477 0.14394477891773594
56.0 0.23727820480969575 0.6926848983116743 0.024704453284886654 0.05528099376155229
46.0 0.27013673250902526 0.7439058829079758 0.047833822139889626 0.1020783143934532
46.0 0.5005298860184415 0.883894466358087 0.09620791714255593 0.17904831721944597
31.0 0.48089913727698036 0.41233803105560296 0.14096494094939316 0.16245330426261165
29.0 0.37292089044674576 0.6740088386621521 0.012608269316096899 0.018677392986442522
25.0 0.2345570593639088 0.5748045328260672 0.05146239965621831 0.035025219180443365
30.0 0.422006215517099 0.49203609626237504 0.10094543871846094 0.11369444358794892
59.0 0.8022854233783888 0.5391111166260907 0.127558639268793 0.2586653674637674
39.0 0.7625776885172662 0.4576219852940561 0.04004274480448345 0.07399027286779773
61.0 0.877753774604904 0.42659041713138746 0.024519066426456106 0.08577704684567321
47.0 0.2024614985506421 0.6040754298992905 0.008267095217650773 0.02421098601024091
19.0 0.4988088043581456 0.884799502410371 0.01057627095725697 0.021883369907989246
22.0 0.5139038225072942 0.36482479524907774 0.09334066565676447 0.12572022081589
33.0 0.6475913113417181 0.8223307906282925 0.09243827720353304 0.06732453161685296
18.0 0.7096805280154622 0.7137486742779043 0.01695549386374334 0.03230828810282185
23.0 0.5592891578411054 0.2940872312766145 0.0774878588546243 0.09390875754015593
