8 0.242717 0.475737 0.101894 0.152231
12 0.463877 0.339457 0.351529 0.118360
59 0.421923 0.617670 0.194168 0.078201
73 0.655941 0.586695 0.083075 0.123870
41 0.647571 0.366021 0.025036 0.027844
15 0.453098 0.384323 0.368601 0.137163
72 0.214065 0.605819 0.053140 0.111639
48 0.451187 0.807871 0.487634 0.065084
16 0.465299 0.271880 0.015241 0.066301
36 0.229058 0.798571 0.043554 0.028404
0 0.448235 0.725848 0.513104 0.244414
9 0.664963 0.488977 0.073951 0.235868
39 0.412455 0.544325 0.038705 0.053469
37 0.661148 0.794179 0.067367 0.037175
13 0.426487 0.570651 0.426499 0.283415
