8.0 0.2738841387873585 0.4950459172341858 0.12358897640841514 0.18062068211268967
12.0 0.4933876481015106 0.3093596627908645 0.38388329247802927 0.19070884774064664
59.0 0.4781063731130869 0.6128214282370342 0.21337848679138507 0.11896988636575404
73.0 0.7221979351942053 0.5366911809643625 0.1007374823786038 0.14700097312643973
41.0 0.6903030630022754 0.3036795475759901 0.02936810486134694 0.03421811459387287
15.0 0.4866817750274597 0.35903839127101134 0.4038900502599073 0.2138467260501999
72.0 0.25718944492062595 0.6386015887368104 0.067822545784245 0.12847362589060873
48.0 0.5289007102605131 0.8095853397465987 0.5221641980010577 0.15921018780471083
16.0 0.48783224883342474 0.23726875113339077 0.02303281399557117 0.07328604188062197
36.0 0.2931676086065474 0.840711857558593 0.04899770211525592 0.03823229251615809
0.0 0.5172137083824879 0.7229471692553958 0.567813249558049 0.3545245693181648
9.0 0.7215266070228306 0.43115983575448746 0.1027924739791925 0.26436037911979815
39.0 0.4604392066526838 0.5366103015986599 0.04649092879987033 0.06397891291991635
37.0 0.7493722775556833 0.7562669556645844 0.07508109347716403 0.05195167581515812
13.0 0.47801888239484297 0.5620017673041394 0.4803564619665366 0.37998933678130464
