3 0.296051 0.500545 0.080485 0.173783
5 0.312802 0.530309 0.081786 0.231912
11 0.363728 0.582635 0.125160 0.154579
10 0.812318 0.556633 0.129657 0.090443
7 0.340288 0.707800 0.059877 0.152396
7 0.265332 0.575214 0.022513 0.072901
6 0.620539 0.581628 0.511423 0.137757
1 0.622335 0.725790 0.578502 0.169820
12 0.525982 0.458953 0.447519 0.109542
9 0.276802 0.461149 0.018008 0.013331
14 0.559863 0.474901 0.388294 0.097532
35 0.283667 0.516939 0.011480 0.010462
35 0.266785 0.489180 0.006078 0.008943
50 0.339158 0.514804 0.013993 0.029555
41 0.309441 0.494825 0.082386 0.059382
71 0.466730 0.645229 0.171642 0.085681
69 0.329342 0.462219 0.045270 0.086783
62 0.458137 0.756790 0.153138 0.080862
54 0.320209 0.450203 0.040237 0.067517
58 0.321777 0.628332 0.016526 0.040155
20 0.754547 0.499284 0.039786 0.018199
46 0.259717 0.573528 0.006344 0.052478
40 0.753959 0.502663 0.043449 0.026498
66 0.312760 0.448318 0.045872 0.063875
45 0.310300 0.675561 0.006303 0.053298
67 0.297702 0.445336 0.018209 0.032556
56 0.257674 0.521441 0.003392 0.016351
59 0.719966 0.736286 0.202551 0.055277
46 0.326517 0.709025 0.018465 0.111107
43 0.256227 0.543856 0.006299 0.027903
70 0.872131 0.637927 0.046756 0.072420
61 0.885556 0.743476 0.036533 0.058723
63 0.690357 0.670036 0.356717 0.064892
21 0.297117 0.496195 0.059464 0.023264
60 0.695575 0.764143 0.348076 0.065401
52 0.287157 0.623728 0.042038 0.095120
25 0.292030 0.472515 0.016734 0.024015
29 0.321562 0.560415 0.008306 0.010654
33 0.444100 0.748376 0.090606 0.038511
16 0.431811 0.393066 0.006925 0.022501
39 0.715093 0.675378 0.047772 0.040341
22 0.603233 0.518644 0.116053 0.007417
18 0.537467 0.735095 0.021064 0.017005
30 0.438794 0.517290 0.127393 0.009769
31 0.495493 0.518195 0.127875 0.011216
23 0.638590 0.519190 0.095544 0.009226
