3.0 0.2953506993085962 0.4543308089822677 0.08562715544474692 0.192222015166366
5.0 0.3113235638790679 0.48729554551071935 0.08856213550449221 0.2561499878452601
11.0 0.36095370342043653 0.545557661271401 0.1299138664671333 0.1717513603724727
10.0 0.8117793802569366 0.5234257636874132 0.13262800080425333 0.10130244984978048
7.0 0.3339260902078297 0.6828315882974134 0.06435039653243957 0.16841177086843687
7.0 0.26243525079015634 0.5359827168625614 0.0246323258570902 0.08047410849355148
6.0 0.618655525438838 0.5481463246457714 0.5170027182802922 0.1588153021112267
1.0 0.6164160778099486 0.7066694423970147 0.5852057946011856 0.19503194925003678
12.0 0.5272199736095249 0.41191189394853495 0.45209302150763875 0.12687496935508805
9.0 0.2771414826042584 0.410740323876623 0.018442200002175217 0.01491576657769599
14.0 0.5607677085981564 0.42993333954069257 0.3923324163978749 0.1128183908468598
35.0 0.2824655313355681 0.4721768081471973 0.011811853958293265 0.011667521341374634
35.0 0.26630500843217525 0.4414145234685544 0.006349128417609917 0.009919772194859636
50.0 0.33820275122709165 0.4706280724112344 0.014868509202379941 0.03269524222948292
41.0 0.30894603268979387 0.44823471171891016 0.08432744929565855 0.0664724796366917
71.0 0.4625468973214646 0.6158582621686566 0.17462043633204302 0.09667113804104481
69.0 0.3298279459194535 0.4126728060575811 0.047854923909221136 0.09606402564135963
62.0 0.4507975384312733 0.7383890411041069 0.15591922648696754 0.0911066777037983
54.0 0.3210011305632657 0.3993305359057395 0.04226492974681504 0.07480983326415867
58.0 0.3175807118386932 0.5951950249889764 0.017707195555516028 0.044385712567400336
20.0 0.7554220372385918 0.45954267382109343 0.04042980527222973 0.020581276195093527
46.0 0.2568486609223572 0.5340482500090045 0.007836467340103783 0.05778758908102841
40.0 0.7547373653028884 0.46324921788533097 0.04433776531918949 0.029758191675503805
66.0 0.3135799536535958 0.39715091471026226 0.04781677986431456 0.07088677972184472
45.0 0.30474116550268615 0.6469552374452863 0.007818310656544293 0.05868858336416944
67.0 0.2985549794469167 0.39365566547554903 0.01918284700130681 0.03605540145148988
56.0 0.2562590140226781 0.47675237900094747 0.003861758058844729 0.018025718460123383
59.0 0.7140807595916955 0.7196141882487822 0.20478096490261585 0.06368852056600569
46.0 0.32007448257288346 0.6839802150223611 0.021641780939164662 0.12242111613431753
43.0 0.2541787635988246 0.5013754853787371 0.0071023801217397365 0.030768307944275018
70.0 0.869514241718536 0.6136643342613667 0.04894329829516209 0.08029428247278374
61.0 0.8800253920745438 0.7299021591539168 0.0383020072969194 0.06508812090974882
63.0 0.686229569670863 0.6463502770952579 0.35973424711912677 0.07647837263993021
21.0 0.29654224220597836 0.4495635847719091 0.06031591706021741 0.026433081675966592
60.0 0.6888268961101799 0.7498902437544304 0.3510785475271678 0.07691359486899248
52.0 0.2829735140972328 0.5896349448115812 0.044845815486475274 0.10518352416828305
25.0 0.29210199855501656 0.42345568512245524 0.017463446438513934 0.026643816817118655
29.0 0.31926898459062353 0.5205213032987897 0.008632598319037555 0.011832921827036923
33.0 0.43694925663909745 0.7289363563441323 0.09198991690871859 0.04364437517056646
16.0 0.4345797350215263 0.3381179861095151 0.007579040672444956 0.02483815057700882
39.0 0.7108988821992043 0.6525794304315753 0.049063365266390775 0.045039900606208855
22.0 0.6030570489851421 0.4786502401863044 0.11665070959338958 0.009824689583693322
18.0 0.5310021849949168 0.7156783773493323 0.021611511805449988 0.018999117295662067
30.0 0.43810371587947966 0.4747951688482328 0.12809478613945408 0.012573764056467351
31.0 0.4949677924108578 0.4766060958048129 0.1286189920966085 0.01417154720518839
23.0 0.6385174974860963 0.4797593354675755 0.09612353355753948 0.011518428429041907
