13 0.818574 0.434626 0.109531 0.051067
12 0.486368 0.404245 0.493410 0.144078
15 0.727560 0.398626 0.126786 0.090585
7 0.175532 0.663941 0.132188 0.157139
7 0.702468 0.671849 0.129175 0.159686
8 0.730816 0.541747 0.291980 0.263749
0 0.821035 0.615723 0.125799 0.134823
40 0.283097 0.466082 0.047151 0.077809
4 0.367297 0.522257 0.234792 0.312474
14 0.297987 0.417486 0.138682 0.111698
10 0.164192 0.572949 0.192961 0.210663
2 0.576015 0.519143 0.219207 0.306182
6 0.165349 0.481508 0.195885 0.098132
35 0.642938 0.521875 0.042836 0.010655
53 0.480771 0.424130 0.035347 0.117085
68 0.388376 0.433298 0.182967 0.122637
35 0.439342 0.533578 0.041831 0.010583
49 0.251122 0.480170 0.038084 0.047277
65 0.674926 0.427198 0.080989 0.090551
1 0.082061 0.630476 0.072633 0.125186
46 0.172084 0.672764 0.077859 0.099468
51 0.436586 0.682325 0.383753 0.019940
55 0.703516 0.632296 0.150315 0.110120
72 0.854919 0.522062 0.047609 0.080437
64 0.570248 0.425036 0.153269 0.108634
29 0.233035 0.541331 0.017100 0.010451
17 0.162910 0.666007 0.005273 0.009121
46 0.704280 0.680680 0.081140 0.103047
57 0.146717 0.636339 0.098734 0.114281
70 0.076358 0.555613 0.040263 0.047998
61 0.057607 0.637909 0.017345 0.047756
17 0.180512 0.682975 0.006545 0.008728
17 0.173547 0.660260 0.007049 0.008952
26 0.386270 0.491158 0.177585 0.018815
17 0.712498 0.672229 0.005538 0.009175
17 0.690596 0.671894 0.007049 0.007609
17 0.708889 0.686888 0.005706 0.007609
24 0.572998 0.477754 0.195800 0.019382
20 0.280517 0.478853 0.023407 0.036080
17 0.182433 0.669808 0.005273 0.006841
17 0.165617 0.680829 0.006270 0.008551
17 0.695211 0.688119 0.006881 0.009623
17 0.700833 0.663725 0.006378 0.008280
32 0.059461 0.631227 0.008918 0.018150
19 0.702008 0.677041 0.012084 0.016113
23 0.229888 0.456800 0.029217 0.026286
22 0.246550 0.452341 0.028983 0.024252
16 0.650512 0.323116 0.036606 0.045847
