13.0 0.18142598867416382 0.4346260130405426 0.10953104496002197 0.05106699466705322
12.0 0.5136319994926453 0.4042450040578842 0.49340999126434326 0.14407798647880554
15.0 0.27243995666503906 0.3986259996891022 0.1267859935760498 0.09058499336242676
7.0 0.8244679868221283 0.6639409959316254 0.13218802213668823 0.15713900327682495
7.0 0.29753199219703674 0.6718490421772003 0.12917500734329224 0.15968602895736694
8.0 0.2691839933395386 0.5417469888925552 0.2919800281524658 0.26374897360801697
0.0 0.17896497249603271 0.6157229840755463 0.1257990598678589 0.1348230242729187
40.0 0.716903030872345 0.46608200669288635 0.04715096950531006 0.07780903577804565
4.0 0.6327030062675476 0.5222569853067398 0.23479199409484863 0.31247398257255554
14.0 0.7020129561424255 0.4174859970808029 0.13868200778961182 0.11169800162315369
10.0 0.8358080089092255 0.572949007153511 0.19296103715896606 0.2106630504131317
2.0 0.4239850342273712 0.5191430002450943 0.21920698881149292 0.30618199706077576
6.0 0.834650993347168 0.4815080165863037 0.19588494300842285 0.09813201427459717
35.0 0.3570620119571686 0.5218749940395355 0.042836010456085205 0.010654985904693604
53.0 0.519228994846344 0.42412999272346497 0.0353471040725708 0.11708498001098633
68.0 0.6116239726543427 0.4332980066537857 0.18296700716018677 0.12263700366020203
35.0 0.5606579780578613 0.5335780084133148 0.041831016540527344 0.010582983493804932
49.0 0.748878002166748 0.48016999661922455 0.03808403015136719 0.04727700352668762
65.0 0.3250740170478821 0.42719799280166626 0.08098900318145752 0.09055095911026001
1.0 0.9179390072822571 0.6304759979248047 0.07263302803039551 0.12518596649169922
46.0 0.8279159963130951 0.6727640330791473 0.07785898447036743 0.09946805238723755
51.0 0.5634139776229858 0.682325005531311 0.38375306129455566 0.01994001865386963
55.0 0.29648399353027344 0.6322959959506989 0.1503150463104248 0.11011999845504761
72.0 0.14508101344108582 0.5220620185136795 0.047608911991119385 0.08043703436851501
64.0 0.42975202202796936 0.4250359833240509 0.1532689929008484 0.10863399505615234
29.0 0.7669650018215179 0.5413309931755066 0.017100036144256592 0.010450959205627441
17.0 0.8370899856090546 0.66600701212883 0.005273044109344482 0.00912100076675415
46.0 0.29572001099586487 0.680679976940155 0.08113998174667358 0.10304701328277588
57.0 0.8532829880714417 0.6363389790058136 0.09873402118682861 0.11428099870681763
70.0 0.9236420094966888 0.5556130111217499 0.04026299715042114 0.047998011112213135
61.0 0.9423929750919342 0.6379089951515198 0.017345011234283447 0.04775595664978027
17.0 0.8194880187511444 0.6829749941825867 0.006545007228851318 0.00872802734375
17.0 0.8264530003070831 0.6602599918842316 0.0070490241050720215 0.008951961994171143
26.0 0.6137300133705139 0.49115797877311707 0.17758500576019287 0.01881498098373413
17.0 0.2875019907951355 0.672228991985321 0.005537986755371094 0.009174942970275879
17.0 0.30940401554107666 0.6718940138816833 0.007048964500427246 0.007609009742736816
17.0 0.2911109924316406 0.6868879795074463 0.0057059526443481445 0.007609009742736816
24.0 0.4270020127296448 0.47775401175022125 0.19579994678497314 0.019381970167160034
20.0 0.7194830179214478 0.4788530021905899 0.023406982421875 0.03608003258705139
17.0 0.817566990852356 0.669808030128479 0.005272984504699707 0.006840944290161133
17.0 0.8343829810619354 0.6808289885520935 0.006269991397857666 0.00855100154876709
17.0 0.3047890067100525 0.6881189942359924 0.006880998611450195 0.009623050689697266
17.0 0.2991670072078705 0.6637249886989594 0.006377995014190674 0.008279979228973389
32.0 0.9405390024185181 0.6312270164489746 0.008918046951293945 0.018149971961975098
19.0 0.2979920208454132 0.6770410239696503 0.012083947658538818 0.016112983226776123
23.0 0.770112007856369 0.4567999839782715 0.029217064380645752 0.026286005973815918
22.0 0.7534499764442444 0.4523410052061081 0.028982996940612793 0.024251967668533325
16.0 0.3494879901409149 0.3231160044670105 0.036606013774871826 0.04584699869155884
