63 0.435276 0.600367 0.223261 0.096442
60 0.431476 0.705020 0.218467 0.099131
68 0.682159 0.369183 0.024439 0.113840
29 0.681568 0.493109 0.003762 0.011054
62 0.315407 0.669565 0.021220 0.063663
6 0.488939 0.503079 0.330626 0.185301
26 0.695256 0.398953 0.005921 0.009289
40 0.697477 0.417016 0.059198 0.069454
59 0.417648 0.675061 0.131214 0.075620
16 0.614858 0.275444 0.005883 0.026280
20 0.704630 0.416811 0.044446 0.026659
22 0.526329 0.429125 0.120100 0.017455
18 0.319901 0.643165 0.009123 0.015984
41 0.406655 0.392531 0.024063 0.030096
46 0.662134 0.666017 0.010827 0.090649
21 0.406621 0.389201 0.023547 0.023594
64 0.693632 0.349151 0.026102 0.077219
32 0.591792 0.707600 0.060056 0.038737
57 0.676316 0.585425 0.008692 0.067347
24 0.702048 0.381200 0.010868 0.034950
35 0.705611 0.440806 0.005195 0.005104
39 0.423094 0.608303 0.030005 0.043735
31 0.472206 0.422214 0.099282 0.026197
70 0.583463 0.593307 0.115139 0.094227
51 0.690362 0.566434 0.035943 0.131203
4 0.690620 0.453402 0.044039 0.290527
2 0.699077 0.420911 0.042098 0.228231
7 0.653469 0.670449 0.040112 0.150411
35 0.716207 0.399334 0.004785 0.009662
14 0.532250 0.379867 0.253901 0.127275
1 0.486672 0.665659 0.373401 0.215541
10 0.648563 0.520967 0.072623 0.190824
49 0.671033 0.441650 0.006715 0.028935
7 0.706938 0.505141 0.013992 0.065665
12 0.550221 0.357264 0.284502 0.140321
61 0.579830 0.715920 0.106322 0.079307
8 0.712439 0.373133 0.010076 0.037237
33 0.311515 0.654892 0.006164 0.016103
71 0.324641 0.550615 0.027559 0.088436
30 0.436073 0.419286 0.056429 0.018659
23 0.566181 0.432230 0.093914 0.022692
