63.0 0.5647240281105042 0.60036700963974 0.2232609987258911 0.09644198417663574
60.0 0.5685240030288696 0.705020010471344 0.21846699714660645 0.09913098812103271
68.0 0.3178409934043884 0.3691830039024353 0.024438977241516113 0.11383998394012451
29.0 0.3184320330619812 0.49310900270938873 0.0037620067596435547 0.011054009199142456
62.0 0.684592992067337 0.6695649921894073 0.021220028400421143 0.06366294622421265
6.0 0.5110609829425812 0.5030790120363235 0.3306259512901306 0.1853010356426239
26.0 0.30474400520324707 0.39895300567150116 0.005921006202697754 0.009288996458053589
40.0 0.3025229871273041 0.41701599955558777 0.059197962284088135 0.06945401430130005
59.0 0.5823519825935364 0.6750609874725342 0.13121402263641357 0.07562005519866943
16.0 0.3851420283317566 0.27544398605823517 0.005882978439331055 0.02628001570701599
20.0 0.2953700125217438 0.4168110191822052 0.044445931911468506 0.026659011840820312
22.0 0.47367098927497864 0.42912501096725464 0.12009996175765991 0.017454981803894043
18.0 0.6800989806652069 0.6431650221347809 0.009123027324676514 0.015983998775482178
41.0 0.5933449864387512 0.39253100752830505 0.02406299114227295 0.030095994472503662
46.0 0.33786600828170776 0.6660169959068298 0.010827064514160156 0.09064900875091553
21.0 0.5933789908885956 0.38920100033283234 0.023546993732452393 0.023593991994857788
64.0 0.30636799335479736 0.34915098547935486 0.02610194683074951 0.07721900939941406
32.0 0.4082079827785492 0.7075999975204468 0.06005603075027466 0.03873705863952637
57.0 0.3236840069293976 0.5854249894618988 0.008691966533660889 0.06734699010848999
24.0 0.29795199632644653 0.38120000064373016 0.010867953300476074 0.03494998812675476
35.0 0.294389009475708 0.44080598652362823 0.005195021629333496 0.005103975534439087
39.0 0.5769059658050537 0.6083029806613922 0.03000497817993164 0.043734967708587646
31.0 0.5277940332889557 0.42221400141716003 0.09928196668624878 0.02619701623916626
70.0 0.41653698682785034 0.5933070182800293 0.11513900756835938 0.09422707557678223
51.0 0.30963799357414246 0.5664339959621429 0.03594297170639038 0.13120299577713013
4.0 0.3093799948692322 0.45340198278427124 0.044039011001586914 0.29052698612213135
2.0 0.30092301964759827 0.4209109842777252 0.04209798574447632 0.2282310128211975
7.0 0.3465310335159302 0.6704490184783936 0.04011201858520508 0.15041100978851318
35.0 0.28379300236701965 0.39933399856090546 0.004785001277923584 0.009662002325057983
14.0 0.4677499830722809 0.3798670023679733 0.253900945186615 0.1272750198841095
1.0 0.5133280158042908 0.6656590104103088 0.37340104579925537 0.21554100513458252
10.0 0.3514370024204254 0.5209669917821884 0.07262307405471802 0.19082394242286682
49.0 0.32896700501441956 0.44165000319480896 0.006714999675750732 0.028934955596923828
7.0 0.2930620014667511 0.5051410049200058 0.013992011547088623 0.06566503643989563
12.0 0.44977903366088867 0.3572639971971512 0.2845020294189453 0.14032098650932312
61.0 0.42017000913619995 0.7159200012683868 0.10632193088531494 0.07930701971054077
8.0 0.28756096959114075 0.37313300371170044 0.010075986385345459 0.03723698854446411
33.0 0.6884849965572357 0.6548919975757599 0.0061640143394470215 0.016103088855743408
71.0 0.6753590106964111 0.550614982843399 0.02755904197692871 0.08843594789505005
30.0 0.5639269948005676 0.41928598284721375 0.05642902851104736 0.018658995628356934
23.0 0.4338189959526062 0.43222999572753906 0.09391403198242188 0.02269202470779419
