3 0.729060 0.475468 0.215713 0.375061
5 0.804878 0.444482 0.175682 0.306496
9 0.469050 0.518954 0.589571 0.334794
11 0.895854 0.468064 0.054128 0.120262
7 0.895801 0.528481 0.054263 0.112300
37 0.262051 0.902444 0.224375 0.025708
15 0.278096 0.351525 0.554859 0.120552
13 0.214827 0.574883 0.429372 0.331086
12 0.397893 0.322418 0.795312 0.097608
0 0.317159 0.793499 0.634317 0.282387
54 0.751620 0.350216 0.081566 0.117802
16 0.301188 0.249484 0.070906 0.076463
43 0.572128 0.797277 0.103013 0.174149
47 0.589756 0.520389 0.057004 0.080740
27 0.824184 0.411130 0.065186 0.006225
17 0.670827 0.746327 0.006918 0.007839
19 0.675286 0.762294 0.010301 0.021558
7 0.669910 0.763531 0.126427 0.274220
41 0.876864 0.383696 0.092245 0.053537
35 0.723483 0.481249 0.039235 0.019729
35 0.838035 0.451941 0.020925 0.011191
69 0.790088 0.353300 0.127624 0.110463
67 0.613960 0.363145 0.066128 0.126675
66 0.704918 0.355621 0.147695 0.121283
45 0.886978 0.546457 0.025788 0.058754
58 0.915873 0.475524 0.016249 0.039392
56 0.696364 0.643886 0.093390 0.126698
46 0.676935 0.764761 0.085568 0.192785
73 0.303337 0.603568 0.348276 0.163691
46 0.909758 0.530560 0.017768 0.084147
52 0.812336 0.628441 0.157900 0.158245
48 0.187229 0.907892 0.374220 0.036016
25 0.720178 0.417644 0.147438 0.017179
21 0.906820 0.386286 0.033977 0.024556
29 0.890293 0.436089 0.008302 0.007955
17 0.684895 0.763274 0.007380 0.010376
17 0.683050 0.740159 0.006150 0.009338
17 0.676593 0.781834 0.007995 0.007378
