3.0 0.27094000577926636 0.4754679948091507 0.2157130241394043 0.3750610053539276
5.0 0.19512200355529785 0.4444819837808609 0.17568206787109375 0.3064959943294525
9.0 0.5309499800205231 0.5189540088176727 0.5895710587501526 0.33479398488998413
11.0 0.10414600372314453 0.46806398034095764 0.054128050804138184 0.12026196718215942
7.0 0.10419899225234985 0.5284810066223145 0.05426299571990967 0.11230003833770752
37.0 0.737949013710022 0.9024439752101898 0.22437500953674316 0.025708019733428955
15.0 0.7219040095806122 0.3515250086784363 0.5548589825630188 0.12055200338363647
13.0 0.7851729989051819 0.5748829990625381 0.4293719530105591 0.33108600974082947
12.0 0.6021069884300232 0.3224179893732071 0.7953120470046997 0.09760800004005432
0.0 0.6828410029411316 0.7934989929199219 0.6343170404434204 0.28238701820373535
54.0 0.24838000535964966 0.35021598637104034 0.0815659761428833 0.11780199408531189
16.0 0.6988119781017303 0.24948399513959885 0.07090598344802856 0.0764629989862442
43.0 0.4278720021247864 0.7972770035266876 0.10301291942596436 0.17414897680282593
47.0 0.41024401783943176 0.5203890055418015 0.05700403451919556 0.08074000477790833
27.0 0.17581602931022644 0.41112999618053436 0.06518596410751343 0.006224960088729858
17.0 0.3291729986667633 0.7463270127773285 0.006918013095855713 0.007839024066925049
19.0 0.3247140049934387 0.7622939944267273 0.010300993919372559 0.021557927131652832
7.0 0.3300900161266327 0.7635309994220734 0.12642699480056763 0.2742200493812561
41.0 0.12313604354858398 0.3836960047483444 0.09224498271942139 0.0535370409488678
35.0 0.27651697397232056 0.48124900460243225 0.03923499584197998 0.01972895860671997
35.0 0.16196495294570923 0.45194098353385925 0.020925045013427734 0.011191010475158691
69.0 0.2099120020866394 0.353300005197525 0.1276240348815918 0.1104629635810852
67.0 0.38603997230529785 0.36314499378204346 0.06612801551818848 0.12667500972747803
66.0 0.2950820326805115 0.35562099516391754 0.14769494533538818 0.12128302454948425
45.0 0.11302202939987183 0.5464570224285126 0.025787949562072754 0.058754026889801025
58.0 0.0841270387172699 0.47552400827407837 0.016249001026153564 0.03939199447631836
56.0 0.30363601446151733 0.6438859701156616 0.09338998794555664 0.12669801712036133
46.0 0.32306501269340515 0.7647610008716583 0.08556801080703735 0.19278496503829956
73.0 0.6966629922389984 0.6035679876804352 0.34827595949172974 0.163690984249115
46.0 0.09024196863174438 0.5305600017309189 0.017768025398254395 0.08414700627326965
52.0 0.1876640021800995 0.6284409761428833 0.15790003538131714 0.15824496746063232
48.0 0.8127710223197937 0.9078920185565948 0.37422001361846924 0.03601592779159546
25.0 0.2798219919204712 0.4176439940929413 0.14743804931640625 0.017179012298583984
21.0 0.09317997097969055 0.38628600537776947 0.033976972103118896 0.024556010961532593
29.0 0.10970699787139893 0.43608899414539337 0.008301973342895508 0.007954984903335571
17.0 0.31510499119758606 0.7632740139961243 0.00737994909286499 0.0103759765625
17.0 0.3169500231742859 0.7401590049266815 0.006150007247924805 0.009338080883026123
17.0 0.32340699434280396 0.7818340063095093 0.007995009422302246 0.007377982139587402
