5.0 0.4722035790397465 0.35681110646562086 0.23786479752554004 0.3961072877868013
11.0 0.6579573379596025 0.4462901737582351 0.36164112539574916 0.35510070595534604
3.0 0.4113483577785626 0.30534355771966326 0.1805439096446571 0.27545395711088916
9.0 0.3795039702590092 0.301704333109303 0.09650624164581431 0.17279700207833662
7.0 0.6379067757164131 0.6291666123248041 0.212706394160175 0.25967412006724355
56.0 0.37556504875437513 0.3429607689495655 0.020754951493349737 0.033446343174589464
58.0 0.5711744621076732 0.5110810824845544 0.047625569816118554 0.049682096855538586
62.0 0.9018326331817785 0.7497439444246861 0.19633473363644272 0.18992389843942292
7.0 0.41317991639758406 0.39443923826763894 0.06402794652885974 0.09685488988930324
12.0 0.6461340345250809 0.19129813756575578 0.6011401070643406 0.2904301317668175
6.0 0.7805331526873043 0.4205802291700606 0.43893369462539134 0.36076231898544026
41.0 0.4441761064629998 0.30797045791144495 0.1583578103061782 0.12391398514874781
14.0 0.7107817802370967 0.20335498967901475 0.48874102098538386 0.26870433514857095
35.0 0.3676032733399433 0.2987172367938921 0.014001563501813398 0.013053952406505056
1.0 0.814350688884893 0.6922725592593383 0.37129862223021376 0.4268067527378625
50.0 0.5128636884954891 0.32028279314396263 0.045738865670381754 0.07191072136516412
69.0 0.44308716456187197 0.24724786346503885 0.12472825711428331 0.1625431743531317
66.0 0.39622570111930433 0.22929683603164822 0.09256916818253262 0.11022847835106635
54.0 0.4134031365993379 0.2262367231237321 0.0835865223660403 0.11931710591730156
71.0 0.850890723403748 0.5615810481113255 0.2982185531925039 0.26137691261428003
21.0 0.42751011995195204 0.3124588753724457 0.10514000662565032 0.05563796343747375
27.0 0.4181199618371657 0.2885802198498505 0.018716627992027942 0.014679539990791
28.0 0.5943824668070201 0.5827373921920683 0.016044917077760904 0.009876776570051283
25.0 0.39143311379739026 0.27367974382690163 0.04265510198739163 0.04183594408650928
29.0 0.5179450247009283 0.40923827552669695 0.02048317819086476 0.021926439507668267
17.0 0.6569375270328405 0.6385068173614546 0.018260501909290038 0.0142598383910547
52.0 0.48960872834131 0.4770577590603321 0.14056863529994065 0.17435837672807994
17.0 0.6447949821606099 0.6182996451883633 0.018825049396967726 0.01362456494037398
17.0 0.6803272700002673 0.6348231470802278 0.00928277446539483 0.009839454949502245
46.0 0.6482440476348197 0.6398892346540567 0.16363850078275413 0.18701920224147747
17.0 0.6607268767439343 0.6144443153261414 0.01571811855296025 0.012575552868817617
18.0 0.9565770905127943 0.6789884277821213 0.04242183370194821 0.0328802563255038
22.0 0.8866856544332904 0.24046351123888704 0.12457906687050257 0.0402323595913287
17.0 0.6803327753734788 0.6487852511411952 0.02055092668349577 0.01351248967726633
16.0 0.5084623509704274 0.11097446292559424 0.019065107171136027 0.025698589745514873
31.0 0.8070538947830677 0.2650996411451602 0.28689256045808276 0.06547914352476489
30.0 0.6806969501437834 0.293272814848963 0.23734148325525456 0.06016152549313328
