3 0.222317,0.414037 0.222923,0.394821 0.224740,0.382483 0.234431,0.369336 0.238216,0.360840 0.241396,0.345063 0.248665,0.316139 0.256993,0.296114 0.264787,0.292419 0.269546,0.290148 0.275758,0.288608 0.282383,0.287243 0.292426,0.286810 0.294265,0.286506 0.293418,0.290466 0.288337,0.304466 0.281667,0.332767 0.277433,0.353838 0.274468,0.384539 0.277510,0.386646 0.270167,0.402928 0.267593,0.411256 0.266230,0.426628 0.267744,0.452114 0.273801,0.507131 0.271530,0.525336 0.275154,0.558437 0.271369,0.556284 0.261526,0.547990 0.248958,0.534438 0.241841,0.521695 0.235484,0.502255 0.229733,0.470905 0.225493,0.442992 0.222317,0.414037
5 0.298089,0.286628 0.305329,0.287639 0.317492,0.290854 0.325220,0.294916 0.332569,0.302701 0.341691,0.320133 0.360568,0.370735 0.364496,0.382751 0.359935,0.430984 0.356261,0.444354 0.353220,0.452167 0.352713,0.470783 0.353600,0.509397 0.355881,0.539014 0.356641,0.578298 0.356261,0.593360 0.358795,0.616884 0.358541,0.624162 0.292659,0.574236 0.275164,0.558521 0.271530,0.525336 0.273801,0.507131 0.267744,0.452114 0.266230,0.426628 0.267593,0.411256 0.270167,0.402928 0.277738,0.386139 0.282432,0.389376 0.285006,0.360047 0.287883,0.336568 0.293486,0.311487 0.296817,0.296316
17 0.407256,0.640467 0.407256,0.641716 0.407629,0.642882 0.408377,0.644047 0.409250,0.644131 0.409873,0.642965 0.409998,0.641716 0.409873,0.640384 0.409125,0.637970 0.408253,0.636970 0.407318,0.636970 0.407006,0.639385
46 0.217640,0.538357 0.219416,0.549210 0.223774,0.560996 0.226410,0.564733 0.228566,0.565307 0.231902,0.560780 0.233839,0.552587 0.234323,0.538285 0.231902,0.511406 0.229696,0.499753 0.226414,0.489548 0.223132,0.484158 0.221787,0.483367 0.219742,0.484158 0.217644,0.486601 0.216190,0.490772 0.215007,0.498031 0.214845,0.507087 0.215061,0.518083 0.216459,0.530444
11 0.352713,0.470783 0.353220,0.452167 0.356261,0.444354 0.359935,0.430984 0.359981,0.430494 0.362528,0.430966 0.367751,0.429311 0.372354,0.426473 0.375983,0.422216 0.376426,0.417486 0.372088,0.402351 0.375983,0.399513 0.383419,0.395730 0.386340,0.394784 0.389084,0.401523 0.397405,0.408500 0.397582,0.412638 0.398996,0.415126 0.406078,0.421748 0.418825,0.431326 0.443433,0.448708 0.461403,0.462329 0.488313,0.484322 0.498670,0.494255 0.506371,0.502177 0.510974,0.508444 0.509204,0.509154 0.485569,0.504424 0.476009,0.503478 0.473088,0.503714 0.469989,0.505370 0.467068,0.509981 0.466537,0.513056 0.466891,0.518850 0.469901,0.530674 0.473707,0.543563 0.479091,0.559502 0.482479,0.567704 0.483431,0.572088 0.481949,0.572795 0.474644,0.571098 0.466387,0.567563 0.458553,0.566148 0.451248,0.565300 0.435156,0.565583 0.422558,0.567138 0.418429,0.559502 0.411866,0.550027 0.403290,0.539987 0.397891,0.536027 0.392810,0.534047 0.387834,0.533764 0.383811,0.534754 0.378729,0.539279 0.374389,0.545785 0.370472,0.556391 0.369095,0.566148 0.366978,0.585664 0.366555,0.593866 0.364210,0.593836 0.362440,0.594309 0.361554,0.595373 0.361200,0.596555 0.360846,0.602349 0.361377,0.617366 0.362882,0.628008 0.358550,0.623913 0.358795,0.616884 0.356261,0.593360 0.356641,0.578298 0.355881,0.539014 0.353600,0.509397 0.352713,0.470783
27 0.275238,0.390041 0.275238,0.385200 0.282487,0.389702 0.292278,0.393439 0.291579,0.395137 0.291324,0.398789
9 0.205303,0.440054 0.207872,0.426933 0.211197,0.417445 0.210442,0.406342 0.210290,0.392211 0.211805,0.375653 0.218602,0.366574 0.224798,0.349617 0.229634,0.334275 0.236435,0.333871 0.234470,0.339934 0.232657,0.346192 0.231599,0.351845 0.231901,0.355276 0.232657,0.359717 0.234168,0.364764 0.235522,0.366887 0.234431,0.369336 0.224740,0.382483 0.222923,0.394821 0.222317,0.414037 0.225493,0.442992 0.229733,0.470905 0.235484,0.502255 0.241841,0.521695 0.248958,0.534438 0.259374,0.545670 0.242329,0.533751 0.238399,0.523253 0.234621,0.505691 0.230843,0.491762 0.228425,0.480861 0.224647,0.467537 0.221322,0.458857 0.215126,0.446918 0.212557,0.445101 0.210290,0.445505 0.207721,0.448735 0.205303,0.440054
7 0.376086,0.615437 0.376989,0.595170 0.380060,0.579247 0.387285,0.564288 0.396135,0.556085 0.398663,0.553672 0.407153,0.549812 0.411502,0.549601 0.411866,0.550027 0.418429,0.559502 0.420460,0.563258 0.421944,0.566242 0.426659,0.575869 0.434968,0.594205 0.445263,0.629913 0.449959,0.651145 0.458629,0.703259 0.460616,0.712427 0.473259,0.718459 0.473078,0.730281 0.468743,0.738484 0.461880,0.747169 0.446708,0.753925 0.434065,0.756579 0.419435,0.753201 0.407875,0.744516 0.395051,0.726903 0.386020,0.702294 0.379337,0.672859 0.376086,0.646561 0.376086,0.615437
7 0.211112,0.493170 0.211653,0.477508 0.215621,0.466425 0.219770,0.461847 0.222560,0.462087 0.224647,0.467537 0.228425,0.480861 0.230843,0.491762 0.234621,0.505691 0.238399,0.523253 0.242277,0.533612 0.240694,0.534614 0.240334,0.538710 0.243400,0.546179 0.253141,0.556299 0.260897,0.562323 0.261077,0.574370 0.253682,0.578949 0.233118,0.582804 0.228609,0.580635 0.222476,0.574370 0.218147,0.562564 0.215982,0.554853 0.213637,0.538951 0.212014,0.517747 0.211112,0.493170
69 0.284774,0.390144 0.285073,0.384237 0.286647,0.367417 0.288671,0.351399 0.293468,0.323841 0.300063,0.293907 0.300363,0.292014 0.305085,0.292515 0.316851,0.295018 0.325096,0.300124 0.332066,0.310135 0.340385,0.327069 0.349154,0.347692 0.350040,0.356164 0.347096,0.376352 0.345194,0.400769 0.343609,0.396676 0.338854,0.389478 0.332937,0.382986 0.321208,0.382280 0.310537,0.384397 0.295850,0.390890 0.292995,0.393432 0.284774,0.390144
0 0.203923,0.456660 0.204099,0.443469 0.204716,0.440289 0.205360,0.439767 0.205303,0.440054 0.207568,0.448183 0.207538,0.450889 0.206568,0.453951 0.206127,0.462784 0.206039,0.472678 0.204540,0.471029 0.203923,0.456660
35 0.232559,0.397673 0.234038,0.400355 0.238581,0.401625 0.239426,0.402613 0.240060,0.403742 0.240060,0.404871 0.238898,0.407129 0.235517,0.406988 0.232981,0.406000 0.231291,0.404307 0.230551,0.402048 0.230340,0.398661 0.230445,0.397532 0.231291,0.396967
56 0.206043,0.472267 0.206127,0.462784 0.206568,0.453951 0.207538,0.450889 0.207721,0.448735 0.210290,0.445505 0.212557,0.445101 0.215126,0.446918 0.221322,0.458857 0.222560,0.462087 0.219770,0.461847 0.215621,0.466425 0.213138,0.473362 0.212648,0.473106 0.210353,0.473456 0.206813,0.473807 0.206578,0.473717 0.206539,0.473267 0.206043,0.472267
54 0.277510,0.386646 0.274468,0.384539 0.277433,0.353838 0.281667,0.332767 0.288337,0.304466 0.293195,0.290067 0.294477,0.286291 0.298087,0.286638 0.296817,0.296316 0.293486,0.311487 0.287883,0.336568 0.285006,0.360047 0.282432,0.389376
45 0.360846,0.602094 0.361200,0.596300 0.361723,0.595268 0.363172,0.594204 0.364266,0.593957 0.366554,0.594128 0.367048,0.593585 0.372776,0.591162 0.378050,0.589413 0.376989,0.594915 0.376086,0.615182 0.376086,0.646306 0.379337,0.672604 0.382293,0.685621 0.381177,0.686035 0.375831,0.684504 0.368003,0.677874 0.365616,0.671498 0.364566,0.653008 0.363803,0.630947 0.362882,0.627753 0.361377,0.617111 0.360846,0.602094
70 0.763655,0.467066 0.764985,0.468006 0.768935,0.474895 0.776616,0.500105 0.780347,0.517986 0.780744,0.521472 0.780703,0.521418 0.780592,0.529134 0.778703,0.531509 0.770594,0.529134 0.769923,0.525901 0.767180,0.491604 0.765884,0.489073 0.765554,0.476166 0.764496,0.469924 0.763655,0.467066
1 0.421398,0.565144 0.421460,0.565108 0.422558,0.567138 0.435156,0.565583 0.451248,0.565300 0.458553,0.566148 0.466387,0.567563 0.474644,0.571098 0.481181,0.572616 0.482976,0.574575 0.487420,0.577098 0.524858,0.586447 0.552742,0.590599 0.579626,0.592231 0.595846,0.591786 0.604733,0.587323 0.617842,0.576638 0.620286,0.577084 0.642282,0.572625 0.670278,0.566096 0.699828,0.556149 0.707604,0.558078 0.713159,0.557781 0.717158,0.551252 0.750930,0.538632 0.770594,0.529134 0.778703,0.531509 0.780592,0.529134 0.780703,0.521418 0.783147,0.524682 0.785702,0.532102 0.786591,0.534653 0.788035,0.554093 0.788035,0.579765 0.785036,0.588242 0.785036,0.594178 0.784147,0.605308 0.780370,0.629200 0.783480,0.648966 0.783925,0.657424 0.781814,0.666328 0.768927,0.671077 0.736599,0.687994 0.680054,0.714561 0.659613,0.724652 0.642505,0.734297 0.586181,0.733259 0.539744,0.730884 0.495530,0.725081 0.483976,0.721965 0.473756,0.718106 0.472820,0.718249 0.460616,0.712427 0.458629,0.703259 0.449959,0.651145 0.445263,0.629913 0.434968,0.594205 0.426659,0.575869 0.421944,0.566242 0.421398,0.565144
59 0.663458,0.603139 0.663860,0.600631 0.664665,0.599377 0.667482,0.597944 0.674858,0.596510 0.681160,0.594724 0.750635,0.568567 0.760828,0.563192 0.762974,0.563013 0.764852,0.563730 0.765522,0.564984 0.768741,0.607803 0.767937,0.610848 0.766864,0.612102 0.764852,0.612998 0.669627,0.651691 0.668689,0.651691 0.666543,0.650258 0.665336,0.647750 0.664799,0.645241 0.664263,0.620159 0.663458,0.603139
63 0.600507,0.536334 0.643943,0.527261 0.692646,0.516177 0.693431,0.511977 0.695194,0.509150 0.696957,0.507148 0.699162,0.506205 0.702689,0.505970 0.706392,0.507148 0.711153,0.510917 0.735841,0.502902 0.749948,0.497484 0.762556,0.491831 0.765907,0.489946 0.765884,0.489073 0.767180,0.491604 0.769923,0.525901 0.770594,0.529134 0.750930,0.538632 0.717158,0.551252 0.713159,0.557781 0.707604,0.558078 0.699828,0.556149 0.670278,0.566096 0.642282,0.572625 0.620650,0.576931 0.610420,0.554725 0.601257,0.538564 0.600507,0.536334
67 0.231599,0.351845 0.232657,0.346192 0.234470,0.339934 0.236435,0.333871 0.237237,0.332235 0.241676,0.320601 0.246227,0.310618 0.249823,0.303863 0.254038,0.297858 0.255989,0.296706 0.256505,0.297287 0.248665,0.316139 0.241396,0.345063 0.238216,0.360840 0.235522,0.366887 0.234168,0.364764 0.232657,0.359717 0.231901,0.355276 0.231599,0.351845
17 0.402020,0.652457 0.402830,0.653789 0.403703,0.654455 0.404638,0.653955 0.405199,0.652623 0.404949,0.647794 0.404513,0.646628 0.403640,0.645713 0.402768,0.645879 0.401584,0.648377 0.401521,0.650791 0.401833,0.651957
21 0.291462,0.398306 0.292036,0.394217 0.297010,0.390128 0.310177,0.384847 0.321103,0.382477 0.328255,0.382996 0.332777,0.383483 0.338335,0.389285 0.343186,0.396882 0.344269,0.403418 0.342547,0.414408 0.321501,0.413897 0.311743,0.412107 0.309830,0.410318 0.306003,0.409041 0.298541,0.408529 0.292801,0.404951 0.292036,0.401884 0.291462,0.398306
50 0.359981,0.430494 0.364496,0.382751 0.364476,0.382692 0.365086,0.383325 0.372088,0.402351 0.376426,0.417486 0.375983,0.422216 0.372354,0.426473 0.367751,0.429311 0.362528,0.430966 0.359981,0.430494
66 0.242503,0.367904 0.245576,0.345578 0.249773,0.321250 0.256743,0.300626 0.262214,0.297723 0.274955,0.293218 0.284998,0.291215 0.291894,0.290715 0.289195,0.297423 0.283574,0.320649 0.276754,0.354688 0.273906,0.384523 0.252471,0.373911 0.242503,0.367904
58 0.366382,0.593864 0.366555,0.593866 0.366978,0.585664 0.369095,0.566148 0.370472,0.556391 0.374389,0.545785 0.378729,0.539279 0.383811,0.534754 0.387834,0.533764 0.392810,0.534047 0.397891,0.536027 0.403290,0.539987 0.411502,0.549601 0.407153,0.549812 0.398663,0.553672 0.396135,0.556085 0.387285,0.564288 0.380060,0.579247 0.378050,0.589413 0.372776,0.591162 0.367048,0.593585 0.366554,0.594128 0.366420,0.594118 0.366382,0.593864
17 0.405261,0.667360 0.405012,0.669275 0.405448,0.671773 0.406009,0.672938 0.406882,0.673271 0.407754,0.673105 0.408253,0.671939 0.408627,0.669358 0.408190,0.666944 0.407318,0.666111 0.405448,0.666361
6 0.396654,0.407870 0.399708,0.407970 0.407104,0.409415 0.425863,0.409656 0.443901,0.408211 0.528319,0.398579 0.620313,0.386050 0.635826,0.383158 0.637089,0.381712 0.636465,0.379916 0.634323,0.378772 0.637619,0.379667 0.644672,0.383083 0.663982,0.393801 0.698721,0.411721 0.712123,0.419376 0.730462,0.431036 0.756473,0.453200 0.762556,0.463329 0.764496,0.469924 0.765554,0.476166 0.765907,0.489946 0.762556,0.491831 0.749948,0.497484 0.735841,0.502902 0.711153,0.510917 0.706392,0.507148 0.702689,0.505970 0.699162,0.506205 0.696957,0.507148 0.695194,0.509150 0.693431,0.511977 0.692646,0.516177 0.643943,0.527261 0.600111,0.536417 0.576481,0.526758 0.549604,0.519048 0.512626,0.509169 0.510727,0.508108 0.506371,0.502177 0.498670,0.494255 0.488313,0.484322 0.461403,0.462329 0.443433,0.448708 0.418825,0.431326 0.406078,0.421748 0.398996,0.415126 0.397582,0.412638 0.397405,0.408500 0.396654,0.407870
14 0.345718,0.297043 0.346619,0.296140 0.360694,0.293800 0.409284,0.288836 0.438843,0.287330 0.465587,0.286427 0.491937,0.286954 0.512994,0.288158 0.535402,0.291921 0.542891,0.299367 0.586244,0.337808 0.600095,0.351045 0.620701,0.372418 0.620816,0.372229 0.626772,0.381038 0.628930,0.384443 0.620313,0.386050 0.528319,0.398579 0.443901,0.408211 0.425863,0.409656 0.407104,0.409415 0.399708,0.407970 0.396654,0.407870 0.389084,0.401523 0.386667,0.395323 0.385805,0.393629 0.377810,0.372946 0.357879,0.325021 0.352474,0.313063 0.346112,0.300427 0.345718,0.297043
12 0.229766,0.334267 0.233921,0.323303 0.234857,0.320872 0.242909,0.304326 0.248257,0.296655 0.253662,0.291089 0.262277,0.285668 0.271510,0.281758 0.286994,0.277170 0.307488,0.273181 0.332036,0.270173 0.359568,0.268367 0.393519,0.268142 0.424823,0.268746 0.446275,0.269949 0.479100,0.273561 0.510967,0.280262 0.519694,0.282744 0.530448,0.287031 0.536529,0.290942 0.544974,0.296658 0.561865,0.309907 0.579150,0.325325 0.593113,0.338048 0.615522,0.360009 0.622616,0.369259 0.620701,0.372418 0.600095,0.351045 0.586244,0.337808 0.542891,0.299367 0.535402,0.291921 0.512994,0.288158 0.491937,0.286954 0.465587,0.286427 0.438843,0.287330 0.409284,0.288836 0.360694,0.293800 0.346619,0.296140 0.345718,0.297043 0.346112,0.300427 0.352474,0.313063 0.357879,0.325021 0.377810,0.372946 0.385805,0.393629 0.386063,0.394873 0.383419,0.395730 0.375983,0.399513 0.372088,0.402351 0.365086,0.383325 0.364476,0.382692 0.360568,0.370735 0.341691,0.320133 0.332569,0.302701 0.325220,0.294916 0.317492,0.290854 0.305329,0.287639 0.298089,0.286628 0.298087,0.286638 0.295000,0.286192 0.294118,0.286530 0.292426,0.286810 0.282383,0.287243 0.275758,0.288608 0.269546,0.290148 0.264787,0.292419 0.256993,0.296114 0.254038,0.297858 0.249823,0.303863 0.246227,0.310618 0.241676,0.320601 0.237237,0.332235 0.236194,0.333885 0.229766,0.334267
16 0.326294,0.243803 0.326383,0.242140 0.327450,0.242615 0.328784,0.247722 0.335808,0.269458 0.333230,0.270051 0.331629,0.263163 0.326294,0.243803
22 0.560964,0.385282 0.554486,0.382737 0.546612,0.382907 0.546104,0.385791 0.494664,0.395801 0.496442,0.401739 0.511684,0.398346 0.545469,0.392578 0.566171,0.391560
35 0.271865,0.428724 0.275246,0.431970 0.281163,0.435217 0.282008,0.439169 0.281691,0.441568 0.279789,0.442979 0.273978,0.441427 0.268800,0.437616 0.267427,0.434229 0.267532,0.430841 0.268589,0.428583 0.271125,0.428018
41 0.362311,0.385385 0.359141,0.429845 0.349631,0.426316 0.328922,0.424622 0.308423,0.421658 0.297329,0.417565 0.294899,0.413754 0.292786,0.407121 0.291729,0.401757 0.291412,0.394841 0.295850,0.390890 0.310537,0.384397 0.321208,0.382280 0.332937,0.382986 0.338854,0.389478 0.343609,0.396676 0.345194,0.400769 0.347096,0.376352 0.350265,0.354616
43 0.204780,0.484053 0.204977,0.473106 0.206813,0.473807 0.210353,0.473456 0.212648,0.473106 0.213138,0.473362 0.211653,0.477508 0.211112,0.493170 0.212014,0.517747 0.213027,0.530976 0.211599,0.529242 0.208649,0.514004 0.206157,0.497540 0.204780,0.484053
46 0.394149,0.695046 0.399583,0.708558 0.403457,0.715251 0.407976,0.721360 0.412012,0.724522 0.416531,0.726391 0.424279,0.723875 0.429659,0.713095 0.432349,0.701596 0.433533,0.682544 0.433156,0.669536 0.429928,0.645089 0.426054,0.630140 0.420997,0.613022 0.415240,0.601882 0.410344,0.596277 0.405932,0.592252 0.401843,0.591030 0.397055,0.592324 0.391513,0.597283 0.388715,0.604326 0.385702,0.618349 0.385218,0.633226 0.385272,0.645516 0.386079,0.658380 0.390544,0.682397
31 0.447797,0.396491 0.439923,0.393776 0.438017,0.399036 0.440558,0.400902 0.443479,0.399206 0.451354,0.399206 0.454275,0.402090 0.486790,0.402259 0.497331,0.401581 0.487679,0.399884 0.454402,0.398527 0.452497,0.396152
18 0.614167,0.649421 0.617215,0.649930 0.622169,0.647725 0.624328,0.644331 0.625725,0.639920 0.625344,0.636527 0.623439,0.633134 0.620899,0.631437 0.617597,0.630419 0.615545,0.630759 0.612897,0.632116 0.611690,0.634067 0.610484,0.636697 0.610103,0.642296 0.611119,0.646028
30 0.437128,0.397845 0.423030,0.400050 0.396612,0.402595 0.396993,0.407516 0.429635,0.404631 0.478026,0.402086 0.493521,0.400559 0.492124,0.398184 0.453005,0.398015 0.449956,0.394961 0.441447,0.394621
71 0.466537,0.512977 0.467068,0.509903 0.469989,0.505291 0.473088,0.503636 0.476009,0.503399 0.485569,0.504345 0.509204,0.509075 0.510974,0.508366 0.512626,0.509090 0.549604,0.518969 0.576481,0.526679 0.600111,0.536339 0.600482,0.536261 0.601257,0.538564 0.610420,0.554725 0.620650,0.576931 0.620286,0.577005 0.617842,0.576560 0.604733,0.587244 0.595846,0.591707 0.579626,0.592152 0.552742,0.590520 0.524858,0.586368 0.487420,0.577019 0.482976,0.574496 0.481181,0.572538 0.481949,0.572716 0.483431,0.572009 0.482479,0.567625 0.479091,0.559423 0.473707,0.543484 0.469901,0.530595 0.466891,0.518771 0.466537,0.512977
60 0.607662,0.657457 0.611283,0.657077 0.628048,0.655106 0.647227,0.650806 0.661444,0.646507 0.664796,0.645107 0.664799,0.645241 0.665336,0.647750 0.666543,0.650258 0.668689,0.651691 0.669627,0.651691 0.764852,0.612998 0.766864,0.612102 0.767937,0.610848 0.768741,0.607803 0.768340,0.602462 0.770619,0.601542 0.776520,0.597780 0.784836,0.589539 0.784702,0.602796 0.781617,0.624474 0.777996,0.639165 0.774508,0.649557 0.771692,0.652065 0.746209,0.670356 0.703692,0.691318 0.663590,0.706367 0.642399,0.713533 0.641862,0.709771 0.635559,0.708696 0.629255,0.705292 0.623354,0.696513 0.615843,0.680031
52 0.240571,0.536319 0.241408,0.534162 0.242277,0.533612 0.242329,0.533751 0.253929,0.541862 0.259884,0.547247 0.267963,0.553414 0.271369,0.556284 0.272758,0.557074 0.274906,0.558713 0.279550,0.562461 0.292659,0.574236 0.316977,0.592664 0.329764,0.602983 0.362260,0.627420 0.362882,0.628008 0.362863,0.627874 0.362932,0.627925 0.363803,0.630947 0.364271,0.644483 0.361148,0.642398 0.291805,0.587737 0.247179,0.550105 0.243400,0.546179 0.241309,0.541086 0.240571,0.536319
62 0.495000,0.647416 0.495670,0.644908 0.498621,0.644729 0.500901,0.645807 0.508144,0.647777 0.531615,0.651540 0.560317,0.655123 0.601760,0.657273 0.607844,0.657960 0.615843,0.680031 0.623354,0.696513 0.629255,0.705292 0.635559,0.708696 0.641862,0.709771 0.642347,0.713167 0.640925,0.714601 0.631134,0.715497 0.612357,0.715139 0.567828,0.708509 0.541540,0.702238 0.528530,0.697043 0.514850,0.689697 0.509887,0.684502 0.505193,0.678052 0.501840,0.671244 0.495536,0.651178 0.495000,0.647416
25 0.237344,0.364467 0.235500,0.367439 0.237217,0.370072 0.246055,0.375423 0.274793,0.390031 0.274754,0.385382 0.252173,0.374168 0.242188,0.368095
17 0.412180,0.671606 0.411993,0.674104 0.412242,0.676935 0.413177,0.677934 0.414112,0.677518 0.414361,0.671939 0.414236,0.670607 0.413551,0.669275 0.412678,0.670191
19 0.406009,0.656120 0.406258,0.650625 0.407006,0.647961 0.408564,0.647628 0.409936,0.648543 0.411307,0.651874 0.412741,0.657036 0.413177,0.661865 0.412554,0.665778 0.410995,0.667943 0.409063,0.666527 0.407567,0.663613 0.406258,0.659284
23 0.607069,0.386650 0.581667,0.385462 0.556010,0.385293 0.547628,0.382748 0.545215,0.386480 0.546993,0.390722 0.556773,0.388177 0.570236,0.389534 0.588906,0.389704
39 0.693930,0.527411 0.693676,0.534537 0.694438,0.542171 0.697486,0.549976 0.701297,0.555065 0.705869,0.557610 0.710950,0.556932 0.715522,0.552860 0.718443,0.545564 0.719078,0.536403 0.718189,0.529786 0.714506,0.520964 0.710950,0.515195 0.706377,0.513159 0.701297,0.513499 0.698375,0.516213 0.695073,0.521303
