5 0.223769,0.544629 0.209993,0.576795 0.205663,0.590861 0.200938,0.615768 0.200282,0.622949 0.196083,0.621867 0.189786,0.630326 0.182436,0.641653 0.180825,0.678832 0.189448,0.720483 0.186625,0.733415 0.193840,0.755071 0.202464,0.761067 0.291859,0.814814 0.286998,0.790008 0.282450,0.676970 0.292805,0.660009 0.299862,0.621096 0.276340,0.574039 0.268028,0.561910 0.262853,0.556855 0.253445,0.551565 0.242782,0.547333 0.236039,0.546039 0.229610,0.545452
11 0.309111,0.638891 0.312735,0.637323 0.326377,0.633326 0.329043,0.638734 0.334061,0.642496 0.339706,0.643907 0.339079,0.647786 0.340019,0.650490 0.361816,0.664245 0.428471,0.700005 0.466418,0.723400 0.477238,0.730924 0.474101,0.731865 0.454971,0.729749 0.444465,0.727868 0.435997,0.726927 0.430039,0.727162 0.426275,0.727985 0.422669,0.729749 0.419533,0.732688 0.419376,0.735744 0.423297,0.748220 0.436627,0.775746 0.441958,0.783270 0.433647,0.782095 0.420789,0.779038 0.397421,0.776933 0.380015,0.776580 0.365119,0.777638 0.357115,0.768587 0.348013,0.759170 0.338448,0.752822 0.332489,0.749883 0.327315,0.748119 0.322924,0.747179 0.317122,0.747296 0.312732,0.748707 0.308655,0.751999 0.305048,0.756584 0.300656,0.771408 0.298774,0.783400 0.299711,0.791292 0.295634,0.792350 0.293125,0.799522 0.296261,0.818802 0.291870,0.815745 0.290616,0.806340 0.287483,0.790699 0.282623,0.677082 0.292816,0.659783 0.297798,0.660515 0.302877,0.661286 0.310222,0.661312 0.313044,0.659666 0.314769,0.656727 0.314142,0.651554 0.311320,0.644853
3 0.219247,0.544629 0.207487,0.544511 0.194629,0.546157 0.181457,0.548979 0.174087,0.552270 0.167344,0.558736 0.147587,0.592359 0.134253,0.608956 0.125158,0.614834 0.120607,0.620374 0.123113,0.658373 0.127033,0.669307 0.133933,0.684943 0.143342,0.708234 0.150868,0.723773 0.156670,0.731767 0.187247,0.750225 0.193676,0.755280 0.186150,0.733296 0.188972,0.720364 0.180190,0.678600 0.182072,0.641332 0.195717,0.621198 0.192424,0.620023 0.194462,0.607796 0.198696,0.591102 0.209363,0.563567 0.214851,0.551811
7 0.149119,0.737092 0.155391,0.740854 0.159939,0.745204 0.161330,0.748810 0.161366,0.751485 0.160566,0.755432 0.150687,0.756137 0.139867,0.758488 0.132654,0.759547 0.127480,0.757666 0.121207,0.752493 0.115406,0.737562 0.111367,0.710821 0.110057,0.697658 0.110449,0.688998 0.113593,0.678880 0.116738,0.674165 0.120276,0.671512 0.123551,0.671021 0.135868,0.698822 0.144909,0.723577 0.145957,0.727408 0.143729,0.729582 0.144122,0.731939 0.146350,0.735181
7 0.346342,0.904679 0.350889,0.913378 0.364061,0.924429 0.366257,0.928426 0.375038,0.931013 0.402798,0.931610 0.425535,0.925262 0.428200,0.917503 0.425692,0.910566 0.420047,0.908333 0.413617,0.904315 0.407502,0.875395 0.404209,0.858936 0.393701,0.832571 0.387899,0.817523 0.378177,0.801417 0.363279,0.781760 0.363436,0.778115 0.359359,0.771179 0.351361,0.763655 0.341326,0.765301 0.333956,0.767770 0.329879,0.772707 0.326272,0.779879 0.324544,0.788241 0.323758,0.807296 0.324385,0.820110 0.327678,0.840684 0.340535,0.891147
0 0.102087,0.631572 0.102979,0.636444 0.103489,0.651251 0.101832,0.658703 0.100303,0.660327 0.102852,0.677428 0.105273,0.677046 0.106420,0.667588 0.107694,0.659467 0.109478,0.658034 0.111111,0.657778 0.108530,0.652891 0.105695,0.642352 0.105058,0.634922
9 0.102404,0.631550 0.105226,0.634724 0.106167,0.642601 0.108833,0.652711 0.111028,0.657649 0.113537,0.657061 0.117771,0.659530 0.125768,0.674343 0.134710,0.695052 0.143807,0.719059 0.146160,0.727171 0.156352,0.731873 0.150237,0.723761 0.142710,0.707773 0.126400,0.669078 0.122637,0.658615 0.119814,0.619792 0.124518,0.614501 0.133142,0.608976 0.138631,0.602157 0.139261,0.600395 0.138320,0.598278 0.137536,0.593693 0.138637,0.585798 0.141302,0.581095 0.148667,0.573217 0.145688,0.569220 0.136906,0.578037 0.126400,0.590381 0.120912,0.592262 0.106172,0.599668 0.103350,0.604841 0.102409,0.615304
12 0.281897,0.553081 0.294955,0.550969 0.414781,0.537532 0.462172,0.533674 0.515172,0.530987 0.541288,0.530795 0.551274,0.536746 0.616073,0.569971 0.672672,0.602438 0.674465,0.600134 0.679073,0.599942 0.663711,0.592264 0.605334,0.558863 0.547456,0.530620 0.526972,0.525629 0.496760,0.520446 0.462679,0.518519 0.428114,0.517367 0.369978,0.518517 0.316454,0.521974 0.270871,0.525629 0.228103,0.531395 0.188153,0.539458 0.164086,0.552128 0.156148,0.558462 0.145977,0.568766 0.149049,0.573172 0.160803,0.562258 0.170152,0.555148 0.173892,0.551844 0.180570,0.548639 0.195796,0.545635 0.207015,0.544133 0.223989,0.544332 0.239349,0.546134 0.245760,0.548037 0.252705,0.550840 0.263523,0.556849 0.268465,0.561955 0.276884,0.574287 0.304802,0.629490 0.308408,0.638902 0.311213,0.637200 0.326439,0.632794 0.304933,0.592219 0.286903,0.561578 0.282094,0.554953
14 0.541243,0.531298 0.556992,0.540026 0.603693,0.564155 0.636576,0.582038 0.655613,0.593332 0.672595,0.602778 0.668349,0.604524 0.660954,0.606064 0.618494,0.613364 0.575206,0.620045 0.509318,0.628878 0.410698,0.641102 0.387142,0.643156 0.359478,0.643772 0.343591,0.643567 0.335511,0.642334 0.330444,0.638433 0.325651,0.628576 0.304420,0.589339 0.286886,0.559432 0.282778,0.554400 0.291269,0.552347 0.320987,0.548445 0.429886,0.536934 0.457413,0.534470 0.486173,0.532827 0.515504,0.531383 0.533582,0.531280
6 0.479897,0.732640 0.535976,0.740106 0.581312,0.747277 0.597166,0.750323 0.605307,0.750619 0.618279,0.750422 0.651695,0.745800 0.716693,0.733711 0.737658,0.728897 0.800434,0.713857 0.830702,0.704721 0.843411,0.700005 0.844596,0.687807 0.844203,0.680734 0.843024,0.674447 0.838962,0.667472 0.832935,0.660497 0.826907,0.655978 0.816163,0.650772 0.797030,0.640233 0.775280,0.631294 0.724696,0.616151 0.685117,0.601406 0.678696,0.600915 0.675552,0.601210 0.674372,0.602978 0.667166,0.605532 0.626142,0.612520 0.587086,0.618615 0.495609,0.631098 0.409632,0.641616 0.391419,0.643188 0.369931,0.644072 0.346608,0.644366 0.340581,0.643679 0.339402,0.646921 0.340581,0.650457 0.370852,0.669033 0.423009,0.696459 0.469922,0.725162 0.476866,0.730073
1 0.452359,0.917610 0.472621,0.920268 0.532743,0.923229 0.589793,0.920268 0.627973,0.915990 0.677563,0.904804 0.747915,0.885699 0.809354,0.865958 0.875182,0.841610 0.898879,0.829766 0.906779,0.822198 0.903268,0.806734 0.899318,0.799167 0.894930,0.794890 0.893174,0.788638 0.893174,0.780742 0.895369,0.772845 0.898002,0.767252 0.898002,0.753104 0.894491,0.740602 0.889225,0.730731 0.883524,0.722935 0.875451,0.714956 0.867379,0.709454 0.869947,0.717432 0.869947,0.724860 0.867746,0.728162 0.864725,0.730190 0.857796,0.740727 0.851600,0.746805 0.827382,0.755122 0.792522,0.766402 0.727553,0.782936 0.662226,0.797246 0.613056,0.796695 0.596543,0.795320 0.552877,0.796695 0.504073,0.793944 0.459673,0.788442 0.440940,0.784587 0.424795,0.780461 0.410484,0.777709 0.395439,0.776884 0.363730,0.777976 0.363730,0.781246 0.378353,0.800288 0.390411,0.821637 0.396568,0.838563 0.405030,0.858220 0.407852,0.874376 0.414523,0.904381 0.422989,0.908805 0.434020,0.913421
41 0.289685,0.601048 0.299137,0.621797 0.295301,0.659082 0.285987,0.658260 0.282014,0.656925 0.279960,0.654562 0.271056,0.653535 0.251468,0.653946 0.231880,0.653535 0.216539,0.651789 0.212155,0.650454 0.208046,0.645626 0.205575,0.636789 0.205164,0.632475 0.207630,0.630421 0.214205,0.627340 0.234752,0.622410 0.246532,0.621280 0.258175,0.621178 0.266120,0.622821 0.275298,0.627443 0.277763,0.629703 0.275572,0.640385 0.281325,0.639358 0.284953,0.596521
56 0.105744,0.676720 0.107977,0.659452 0.109739,0.658131 0.113499,0.657338 0.117494,0.659717 0.123133,0.670729 0.119843,0.671170 0.116319,0.673901 0.114556,0.676280 0.108799,0.676192
45 0.297842,0.792148 0.321458,0.785805 0.324865,0.785452 0.323925,0.789858 0.323338,0.799108 0.323808,0.819111 0.327332,0.841053 0.331210,0.854973 0.323103,0.857351 0.313351,0.858761 0.308181,0.858056 0.304304,0.854620 0.301602,0.844577 0.296785,0.816035 0.293495,0.800089 0.296080,0.792776
35 0.186681,0.654867 0.192761,0.657516 0.199420,0.658051 0.201338,0.660208 0.198872,0.662365 0.194900,0.663392 0.186133,0.662159 0.182709,0.658770 0.184215,0.655483
35 0.127095,0.633090 0.130794,0.635041 0.136136,0.635966 0.139009,0.635047 0.139283,0.632479 0.131749,0.630116 0.131475,0.627549 0.129557,0.626932 0.126681,0.628781 0.126270,0.630835
40 0.633750,0.574793 0.642729,0.574238 0.656058,0.574446 0.664759,0.576876 0.667813,0.578611 0.667073,0.586454 0.665407,0.589092 0.659853,0.589925
50 0.299954,0.621999 0.305296,0.632168 0.308802,0.640313 0.311323,0.645726 0.313935,0.651557 0.314031,0.656943 0.312403,0.659600 0.309147,0.660965 0.300336,0.660462 0.295644,0.659385
54 0.218116,0.545037 0.224365,0.545218 0.211626,0.572253 0.205136,0.593161 0.200088,0.622720 0.193598,0.620377 0.195041,0.605958 0.205376,0.572434 0.213068,0.555491
69 0.225567,0.548282 0.233739,0.549183 0.243845,0.551502 0.251854,0.555295 0.259442,0.560036 0.265765,0.566780 0.270824,0.574788 0.283751,0.596282 0.280660,0.639171 0.275882,0.639592 0.277849,0.629899 0.275461,0.626843 0.267170,0.622523 0.258599,0.620732 0.245390,0.620732 0.234852,0.621680 0.212932,0.627054 0.203939,0.624103 0.204922,0.605559 0.208014,0.590808 0.216163,0.567627
67 0.165547,0.560578 0.157323,0.565776 0.149921,0.572912 0.141305,0.582172 0.139934,0.585951 0.138715,0.590359 0.138172,0.593880 0.138569,0.597686 0.139934,0.599431 0.147101,0.601722 0.149451,0.587978 0.155913,0.577141
66 0.173184,0.555204 0.178941,0.551680 0.189280,0.549037 0.199855,0.547803 0.211016,0.547451 0.215246,0.547627 0.202204,0.575996 0.196447,0.594057 0.193745,0.605422 0.191865,0.619342 0.174477,0.612734 0.154033,0.604717 0.159908,0.574586 0.168207,0.558845
52 0.283130,0.822099 0.298406,0.831557 0.297425,0.821048 0.296444,0.819052 0.276403,0.805495 0.183203,0.747790 0.156294,0.732026 0.145503,0.726982 0.144382,0.728873 0.146204,0.733497 0.151810,0.738752 0.205599,0.773740
58 0.299957,0.791096 0.299252,0.783784 0.301015,0.772154 0.305362,0.756642 0.309239,0.751796 0.312646,0.749065 0.316876,0.747743 0.323338,0.747655 0.333325,0.750563 0.338729,0.753382 0.348481,0.759901 0.351301,0.763337 0.341079,0.764659 0.333442,0.767126 0.329447,0.772500 0.325453,0.780077 0.324278,0.785186 0.320988,0.785539
43 0.113029,0.676720 0.108799,0.676632 0.103982,0.677425 0.103160,0.680244 0.104570,0.691874 0.104922,0.704208 0.111266,0.724735 0.113146,0.725705 0.110914,0.712137 0.109387,0.697160 0.109739,0.688526 0.113146,0.678658 0.114439,0.676544
46 0.119373,0.685090 0.116201,0.689759 0.115026,0.696983 0.114321,0.706410 0.115614,0.725616 0.117259,0.732929 0.122898,0.747378 0.126070,0.750725 0.128655,0.752047 0.131827,0.751078 0.135117,0.747554 0.136057,0.744030 0.136880,0.735836 0.136527,0.718656 0.132411,0.697870 0.129709,0.690469 0.127594,0.687209 0.125597,0.685536 0.123130,0.684831 0.120427,0.684831
46 0.336376,0.791368 0.341076,0.792601 0.347420,0.802028 0.355292,0.823172 0.361754,0.855248 0.366336,0.884417 0.367159,0.896840 0.366571,0.907676 0.363516,0.911200 0.359522,0.911817 0.355527,0.910760 0.350827,0.904769 0.348125,0.898337 0.343425,0.884417 0.334261,0.849083 0.331559,0.830048 0.330384,0.809516 0.331911,0.796389 0.334849,0.791191
21 0.207219,0.642508 0.212256,0.644018 0.221490,0.644522 0.270347,0.643767 0.274377,0.641626 0.275048,0.636968 0.277063,0.631303 0.277399,0.629037 0.273033,0.625763 0.263296,0.621357 0.257923,0.620853 0.245659,0.620861 0.234743,0.621829 0.212440,0.627726 0.206219,0.630367 0.204693,0.632303 0.204693,0.634768
33 0.483054,0.858963 0.490018,0.865737 0.501688,0.872371 0.510910,0.875334 0.523144,0.877169 0.589396,0.879427 0.589396,0.876605 0.580550,0.864749 0.577350,0.862068 0.574339,0.860939 0.519380,0.858680 0.495477,0.858257 0.487007,0.856705 0.483619,0.856705
70 0.839354,0.667938 0.845533,0.671623 0.852273,0.679415 0.859575,0.690260 0.866035,0.703633 0.869686,0.718164 0.869405,0.724587 0.866035,0.728588 0.848903,0.726904 0.847920,0.712899 0.843988,0.699632 0.844971,0.687733 0.843708,0.674255
63 0.864414,0.729276 0.851321,0.745797 0.835355,0.751544 0.800868,0.763157 0.771969,0.771184 0.718962,0.784475 0.661962,0.796926 0.611349,0.796208 0.597299,0.795011 0.628752,0.779207 0.599375,0.752269 0.598736,0.750832 0.618694,0.750832 0.654298,0.745445 0.717844,0.733592 0.803423,0.713471 0.828649,0.705450 0.843498,0.699942 0.847649,0.712992 0.848607,0.727239
71 0.599030,0.752446 0.627957,0.779402 0.615319,0.786352 0.596503,0.794986 0.552831,0.796249 0.504526,0.793617 0.459030,0.788142 0.442319,0.784667 0.437405,0.776138 0.423643,0.748866 0.419992,0.735809 0.419992,0.732756 0.423503,0.729492 0.428277,0.727701 0.433052,0.727280 0.438528,0.727280 0.462540,0.730860 0.474616,0.732124 0.531487,0.739600 0.563082,0.744338 0.598328,0.750656
59 0.842540,0.764842 0.772927,0.786393 0.734449,0.795611 0.706508,0.801717 0.698525,0.803992 0.698525,0.808661 0.702037,0.837163 0.706508,0.848178 0.712735,0.851650 0.722953,0.851290 0.758398,0.841473 0.800709,0.828304 0.836633,0.816451 0.859624,0.807112 0.861540,0.804000 0.860422,0.799091 0.855792,0.788196 0.852599,0.767723 0.850842,0.764850 0.848288,0.764371 0.846053,0.764491
60 0.627885,0.854385 0.631869,0.886126 0.639007,0.892723 0.638675,0.901062 0.691960,0.889611 0.763671,0.869442 0.814632,0.852015 0.851151,0.838448 0.886342,0.822764 0.892152,0.819652 0.885678,0.809072 0.888500,0.779447 0.857127,0.790525 0.860447,0.798118 0.861941,0.803844 0.859119,0.807578 0.835215,0.816914 0.786412,0.832846 0.722337,0.851766 0.712378,0.851768 0.706070,0.848031 0.700924,0.835708 0.681502,0.841558 0.651955,0.847907 0.626557,0.851641
61 0.888950,0.778458 0.895107,0.773182 0.893347,0.780248 0.893096,0.788351 0.897871,0.803144 0.897620,0.808986 0.895484,0.816524 0.892468,0.819633 0.886060,0.808892
62 0.459114,0.850345 0.460720,0.857499 0.464870,0.870445 0.474829,0.887747 0.482631,0.895464 0.493255,0.898451 0.536082,0.902186 0.578577,0.904675 0.611279,0.905048 0.634186,0.902559 0.638502,0.901190 0.638336,0.892725 0.631530,0.886004 0.627214,0.855134 0.625886,0.851649 0.598497,0.853018 0.554010,0.853267 0.514171,0.851774 0.479096,0.849171 0.470987,0.848364 0.467124,0.847749 0.461218,0.846802 0.458652,0.847957
30 0.385973,0.636902 0.340417,0.641397 0.343014,0.643345 0.355402,0.643495 0.379779,0.641547 0.405956,0.640196 0.473891,0.633304 0.471293,0.631506 0.426736,0.633304 0.417345,0.633454 0.411350,0.630907 0.401760,0.631056 0.392169,0.633304 0.390970,0.635701
47 0.111437,0.604727 0.109086,0.604903 0.106853,0.606842 0.105325,0.610368 0.104973,0.614334 0.105325,0.619534 0.105913,0.623059 0.107323,0.625175 0.109674,0.624381 0.109674,0.617859 0.110497,0.612836 0.112260,0.607547 0.112377,0.605873
20 0.634900,0.575250 0.646051,0.575074 0.658493,0.575690 0.666828,0.578418 0.667297,0.582027 0.666006,0.585196 0.660606,0.587220 0.656498,0.587748
27 0.196241,0.621737 0.194833,0.625170 0.207158,0.629483 0.212558,0.627194
25 0.138489,0.598852 0.138959,0.602196 0.194715,0.624993 0.195772,0.621473
29 0.290698,0.691546 0.295780,0.692816 0.299356,0.694792 0.300862,0.697191 0.300485,0.699731 0.298791,0.702554 0.296156,0.703260 0.291451,0.702554 0.287686,0.699872 0.286557,0.697897 0.286745,0.694651 0.288816,0.691969
16 0.275712,0.504554 0.285759,0.524922 0.288983,0.524643 0.276952,0.502414
18 0.634736,0.827368 0.638532,0.828567 0.642328,0.831563 0.643691,0.834944 0.643727,0.838306 0.641929,0.842501 0.635735,0.844748 0.628342,0.844898 0.624110,0.843579 0.620949,0.841902 0.618152,0.838156 0.618813,0.834672 0.620549,0.831114 0.623946,0.827968 0.629741,0.826469
22 0.519046,0.621160 0.498865,0.623408 0.477086,0.628202 0.477686,0.630450 0.522843,0.624007 0.609160,0.614568 0.609360,0.612620 0.589379,0.612920 0.567000,0.614718 0.559008,0.613669 0.547819,0.614268 0.541425,0.617714 0.538228,0.618763
39 0.743632,0.733410 0.740235,0.737905 0.739036,0.744198 0.739835,0.749742 0.744431,0.757383 0.749227,0.763076 0.757619,0.767272 0.766810,0.768170 0.774003,0.765474 0.777400,0.760829 0.779398,0.754536 0.778598,0.747344 0.776601,0.741946 0.771605,0.737301 0.765611,0.732956 0.760216,0.731158 0.750026,0.730859 0.745630,0.732207
23 0.633538,0.610678 0.615356,0.610678 0.609563,0.610661 0.600570,0.610634 0.564404,0.610528 0.547820,0.612925 0.545997,0.615542 0.560608,0.615472 0.561008,0.613674 0.574395,0.612775 0.587183,0.612626 0.621550,0.613375
31 0.418144,0.629558 0.403558,0.630457 0.399162,0.631955 0.402759,0.634053 0.413548,0.631955 0.468296,0.630757 0.476288,0.632555 0.524642,0.626861 0.474890,0.628809 0.462901,0.629109 0.442521,0.629258
