11 0.424620,0.369935 0.407285,0.375135 0.415952,0.397092 0.413785,0.410382 0.405552,0.413849 0.392551,0.415004 0.389084,0.413849 0.383017,0.436961 0.381283,0.469319 0.381717,0.521900 0.381283,0.589505 0.380417,0.612617 0.382064,0.654408 0.389868,0.658562 0.389517,0.614928 0.399051,0.573904 0.402344,0.562633 0.406906,0.553060 0.416386,0.539235 0.428520,0.532301 0.441087,0.531723 0.452355,0.535768 0.467522,0.548480 0.481390,0.567548 0.499158,0.564081 0.518226,0.562347 0.558095,0.571015 0.552461,0.557147 0.541194,0.523634 0.537727,0.508033 0.539167,0.496667 0.548433,0.491833 0.583230,0.498210 0.590597,0.497632 0.559395,0.470475 0.534693,0.454296 0.521692,0.443895 0.459288,0.406915 0.446721,0.397092 0.441954,0.391314 0.441954,0.386692 0.437187,0.384380 0.430253,0.379180
5 0.287679,0.237615 0.279445,0.268817 0.273378,0.303486 0.266877,0.367046 0.258210,0.363001 0.257343,0.370513 0.247810,0.391314 0.245209,0.425983 0.249110,0.520745 0.244776,0.543279 0.248676,0.583726 0.381718,0.654220 0.379985,0.612039 0.382152,0.555991 0.381285,0.473942 0.383452,0.437539 0.390819,0.412693 0.395586,0.352023 0.377385,0.309842 0.363950,0.285574 0.350516,0.265350 0.344016,0.257839 0.333183,0.248589 0.312815,0.239344 0.299814,0.236455
12 0.407485,0.377857 0.424210,0.369861 0.413062,0.346422 0.379189,0.280105 0.365039,0.254378 0.362038,0.251520 0.386049,0.247518 0.439646,0.242944 0.498814,0.244087 0.531830,0.246374 0.559700,0.248660 0.576465,0.252438 0.584577,0.253736 0.624271,0.288059 0.646120,0.308681 0.669806,0.332044 0.688085,0.351801 0.698036,0.360309 0.699766,0.355262 0.674349,0.328294 0.654880,0.308825 0.640820,0.295702 0.610643,0.268734 0.592905,0.255323 0.580359,0.248689 0.553103,0.238594 0.522818,0.231672 0.495558,0.226190 0.466463,0.221142 0.427851,0.217969 0.392374,0.216383 0.318177,0.217537 0.291029,0.220133 0.258906,0.225324 0.221158,0.238736 0.197147,0.257339 0.181356,0.274356 0.177787,0.279115 0.183411,0.287480 0.196606,0.271761 0.215210,0.253301 0.234678,0.243928 0.250794,0.239024 0.275995,0.236429 0.287784,0.236429 0.300007,0.237154 0.313418,0.239318 0.325099,0.244077 0.338725,0.251431 0.351055,0.264122 0.357324,0.273212 0.365652,0.286479 0.379604,0.316187 0.389988,0.336521 0.397451,0.352817 0.402426,0.365652
6 0.443382,0.387732 0.442979,0.390101 0.444190,0.394837 0.448872,0.399466 0.457591,0.405601 0.497555,0.428853 0.553422,0.464699 0.583778,0.490426 0.593305,0.500652 0.638838,0.511416 0.694302,0.530685 0.718280,0.531546 0.758486,0.526917 0.806038,0.519705 0.865619,0.506680 0.878133,0.502159 0.881039,0.498391 0.880342,0.487445 0.876911,0.473720 0.870595,0.462595 0.837686,0.434521 0.814214,0.418821 0.790429,0.407383 0.751483,0.384895 0.718754,0.369238 0.716005,0.369238 0.719003,0.371570 0.711008,0.373568 0.511633,0.387560 0.462164,0.388559 0.447673,0.387226
3 0.174573,0.342773 0.160705,0.361263 0.160705,0.435801 0.169373,0.470470 0.176306,0.506294 0.184540,0.534607 0.194508,0.552519 0.208808,0.561764 0.245211,0.579677 0.245211,0.542697 0.249975,0.517856 0.246941,0.442740 0.246508,0.409226 0.248675,0.391314 0.259942,0.363579 0.252142,0.359534 0.264276,0.293085 0.279010,0.236460 0.256475,0.237037 0.234374,0.243393 0.222240,0.249172 0.213139,0.255527 0.201872,0.270551 0.189304,0.300019 0.178037,0.329488
9 0.179214,0.547286 0.198769,0.556942 0.190440,0.544872 0.180301,0.522179 0.171610,0.481139 0.162557,0.447342 0.160746,0.410648 0.161108,0.360434 0.177042,0.342087 0.172334,0.340156 0.167989,0.333396 0.167627,0.313601 0.169075,0.304910 0.183198,0.287528 0.178128,0.279320 0.165092,0.298633 0.156039,0.309255 0.149883,0.320360 0.140830,0.325671 0.122000,0.333396 0.116206,0.344018 0.113671,0.359469 0.114396,0.375884 0.116930,0.398094 0.116568,0.408716 0.113309,0.414510 0.111137,0.410648 0.111861,0.422235 0.110050,0.434306 0.107877,0.440582 0.107153,0.449756 0.108964,0.479691 0.112947,0.498521 0.120189,0.512523 0.121276,0.490313 0.124535,0.479208 0.125336,0.463128 0.129076,0.445181 0.136123,0.435271 0.143982,0.434387 0.146865,0.436639 0.149751,0.440401 0.152541,0.444702 0.158574,0.456998 0.173058,0.505280 0.175231,0.531836
7 0.150632,0.464399 0.142471,0.466576 0.137109,0.474969 0.132445,0.487404 0.129647,0.507612 0.128482,0.528751 0.128715,0.551446 0.129647,0.564813 0.134777,0.590616 0.139906,0.604606 0.149000,0.615487 0.173015,0.617974 0.186538,0.617041 0.192134,0.614243 0.198663,0.601808 0.201694,0.588129 0.201927,0.576938 0.187937,0.570409 0.180476,0.565435 0.178844,0.558596 0.178378,0.549580 0.177212,0.543052 0.173715,0.530928 0.173481,0.520047 0.172082,0.507301 0.161124,0.469373 0.158093,0.462845
14 0.362707,0.251848 0.388303,0.249062 0.411391,0.247947 0.465299,0.245579 0.501969,0.245440 0.521401,0.245858 0.544071,0.247808 0.564234,0.250455 0.584398,0.254773 0.600173,0.267727 0.638410,0.300741 0.661498,0.323864 0.686154,0.346848 0.699422,0.362171 0.706108,0.372200 0.705272,0.374011 0.621799,0.379722 0.482746,0.388363 0.449109,0.387529 0.439916,0.386136 0.434588,0.382514 0.426648,0.372345 0.402306,0.321502 0.384859,0.287792 0.370023,0.262022
7 0.508917,0.640464 0.493037,0.589356 0.475515,0.565993 0.458540,0.558692 0.441565,0.556502 0.423495,0.570374 0.413639,0.593737 0.409806,0.618560 0.406520,0.649225 0.409806,0.705443 0.419662,0.751439 0.431712,0.780646 0.444854,0.793058 0.460734,0.798168 0.480994,0.798168 0.501254,0.789407 0.516039,0.778456 0.522062,0.755822 0.522062,0.736110 0.517682,0.694494 0.513301,0.663100
35 0.165562,0.381077 0.179606,0.386108 0.180444,0.387086 0.180759,0.388204 0.180759,0.389322 0.180235,0.391558 0.178768,0.393514 0.176986,0.394213 0.175309,0.394213 0.164934,0.391278 0.163781,0.390579 0.162628,0.388344 0.162628,0.386108 0.162942,0.383872 0.164514,0.381776
41 0.376414,0.320928 0.383929,0.334765 0.392696,0.353372 0.394664,0.359336 0.391802,0.379376 0.388760,0.412774 0.378382,0.410150 0.367289,0.404425 0.349218,0.400369 0.330968,0.397506 0.312539,0.393689 0.308245,0.388441 0.306814,0.379376 0.305919,0.366255 0.306098,0.358382 0.311108,0.353850 0.322201,0.350033 0.337946,0.348363 0.349755,0.348840 0.362637,0.353134 0.369436,0.357905 0.373015,0.364108 0.372657,0.341206 0.373909,0.329516
35 0.255902,0.413636 0.251920,0.411400 0.249405,0.411261 0.248461,0.411819 0.247833,0.412937 0.247623,0.414055 0.247623,0.417549 0.248357,0.419784 0.249509,0.422020 0.250348,0.422998 0.252130,0.423697 0.253911,0.423977 0.261143,0.426352 0.270051,0.427889 0.271728,0.427889 0.272566,0.426911 0.273300,0.424536 0.273405,0.423278 0.272566,0.421042 0.271728,0.420064 0.269212,0.418527 0.264916,0.417269 0.257265,0.414055
50 0.395944,0.353153 0.393775,0.361829 0.391317,0.401932 0.390015,0.412728 0.397390,0.414464 0.410259,0.412150 0.415465,0.405016 0.415320,0.395569 0.407367,0.373975 0.401728,0.361829
69 0.290135,0.243103 0.303376,0.245129 0.321610,0.250338 0.335285,0.258152 0.351565,0.276675 0.368062,0.307933 0.375008,0.318931 0.373054,0.334849 0.370884,0.360607 0.366759,0.355687 0.360465,0.351056 0.351561,0.348160 0.341793,0.347581 0.328335,0.349028 0.317265,0.351054 0.305543,0.356842 0.303590,0.362052 0.304892,0.373629 0.304892,0.378838 0.271034,0.367257 0.271034,0.357416 0.274073,0.327027 0.278631,0.295770 0.286663,0.257566
54 0.279933,0.236735 0.267561,0.280438 0.262568,0.304170 0.253668,0.360318 0.268212,0.364949 0.269514,0.333691 0.277980,0.276965 0.287531,0.236735
66 0.213295,0.258724 0.236738,0.248305 0.256491,0.243963 0.269515,0.242516 0.277112,0.242516 0.265607,0.277826 0.262134,0.294323 0.251932,0.362626 0.196146,0.343813 0.178347,0.338893 0.181386,0.328764 0.190503,0.305899 0.209170,0.267117
58 0.394037,0.603314 0.397691,0.579654 0.404476,0.558778 0.406736,0.554787 0.416470,0.539829 0.422481,0.536510 0.428719,0.532684 0.441208,0.532227 0.446810,0.533994 0.452437,0.536365 0.459768,0.542424 0.470678,0.553237 0.481718,0.568868 0.484918,0.577666 0.481678,0.573351 0.475960,0.565450 0.471902,0.563702 0.457469,0.557787 0.445445,0.556690 0.441610,0.556003 0.434722,0.560948 0.423082,0.569593 0.416327,0.586159 0.413186,0.593320 0.412200,0.600041
43 0.124333,0.482522 0.122383,0.486756 0.121075,0.491628 0.121336,0.534424 0.122641,0.548341 0.128121,0.557388 0.128675,0.555893 0.127937,0.544405 0.128121,0.522942 0.129920,0.498168 0.132006,0.486880 0.133972,0.481292
67 0.211775,0.257277 0.201573,0.265959 0.190720,0.278115 0.180735,0.290850 0.172486,0.303584 0.169231,0.310819 0.168363,0.315450 0.168363,0.323553 0.169014,0.331078 0.171836,0.338603 0.175956,0.339764 0.189414,0.305322
45 0.393345,0.604242 0.389917,0.614912 0.390013,0.643707 0.391060,0.673549 0.391873,0.698932 0.400561,0.707347 0.407607,0.705955 0.406041,0.686471 0.406563,0.659332 0.409434,0.621059 0.411362,0.605883 0.411934,0.600503
46 0.143517,0.487452 0.138559,0.493367 0.135689,0.502762 0.133340,0.515635 0.132557,0.537903 0.133862,0.555996 0.136733,0.575828 0.141169,0.589050 0.147954,0.597749 0.154999,0.599488 0.160740,0.590094 0.164394,0.566086 0.165698,0.545558 0.163350,0.524334 0.160218,0.504153 0.152912,0.490584 0.149258,0.485713
56 0.124990,0.481885 0.125512,0.467620 0.127338,0.455442 0.129815,0.445253 0.134123,0.438741 0.136461,0.436098 0.144822,0.435262 0.145864,0.436465 0.152038,0.445126 0.159866,0.463097 0.155216,0.461722 0.144300,0.463445 0.139081,0.470055 0.135428,0.477362 0.134645,0.480494 0.124990,0.481885
73 0.112391,0.366599 0.109361,0.377657 0.108085,0.391693 0.108882,0.402751 0.112870,0.412109 0.116538,0.407005 0.116857,0.393607 0.116218,0.379783 0.114145,0.368300
46 0.431088,0.603663 0.439177,0.597749 0.451181,0.597749 0.457707,0.601232 0.466840,0.610974 0.475452,0.626283 0.484324,0.654814 0.486151,0.671515 0.487456,0.692043 0.486934,0.713616 0.483281,0.737971 0.477279,0.755368 0.467884,0.767894 0.456663,0.770677 0.447791,0.766850 0.436831,0.757804 0.430307,0.744234 0.420130,0.718139 0.415694,0.696219 0.414650,0.670819 0.415170,0.651679 0.416736,0.638110 0.421172,0.622105 0.427175,0.608882
70 0.879850,0.502371 0.883073,0.531933 0.883718,0.541557 0.891452,0.545339 0.895963,0.548260 0.895834,0.539323 0.891581,0.516292 0.885264,0.497043 0.880495,0.487590
71 0.692372,0.533758 0.709235,0.560331 0.715367,0.573277 0.690839,0.588266 0.678575,0.590310 0.657623,0.588947 0.606011,0.581453 0.582842,0.577614 0.560942,0.572912 0.558588,0.571666 0.542029,0.526279 0.537561,0.507867 0.538272,0.500274 0.540091,0.494240 0.546223,0.492878 0.551844,0.492878 0.565130,0.496284 0.587615,0.499010 0.600390,0.503779 0.653024,0.516725 0.674997,0.525582
63 0.729918,0.530429 0.766303,0.525683 0.815344,0.518037 0.854102,0.509336 0.879413,0.500635 0.881984,0.522255 0.882973,0.540975 0.895628,0.549412 0.890487,0.561541 0.878820,0.571296 0.831954,0.584215 0.781529,0.595025 0.741585,0.601881 0.720624,0.597398 0.696301,0.593443 0.687600,0.591071 0.701245,0.584215 0.714494,0.574460 0.716076,0.572351 0.711330,0.562859 0.696895,0.539920 0.692742,0.531483 0.703420,0.533065 0.725370,0.530429
59 0.771083,0.612135 0.789959,0.606706 0.824010,0.600784 0.858802,0.591901 0.882859,0.584499 0.888411,0.590914 0.889892,0.604732 0.889474,0.624356 0.889140,0.640048 0.888657,0.647461 0.875920,0.653038 0.866122,0.656984 0.849812,0.663064 0.815605,0.672956 0.789664,0.680870 0.771092,0.682717 0.766952,0.674439 0.765901,0.664445 0.765531,0.650627 0.766641,0.617563 0.767751,0.612135
62 0.570796,0.663952 0.571168,0.656545 0.576350,0.656052 0.606700,0.658519 0.607811,0.659506 0.647414,0.664441 0.677764,0.666909 0.705151,0.667406 0.713401,0.738100 0.699969,0.739950 0.636678,0.737483 0.598186,0.729093 0.586712,0.724158 0.577459,0.708860 0.574128,0.690107 0.570796,0.663952
52 0.180742,0.548470 0.203319,0.558833 0.242552,0.579560 0.368394,0.646675 0.390601,0.660000 0.390601,0.676285 0.380978,0.674311 0.181112,0.565248 0.179261,0.561300 0.178521,0.554885
60 0.713762,0.738356 0.705573,0.668393 0.764914,0.658808 0.767013,0.674315 0.771085,0.683198 0.789591,0.681224 0.856583,0.661484 0.888784,0.647666 0.889524,0.639770 0.889663,0.626947 0.904699,0.620524 0.902478,0.679250 0.876570,0.692575 0.831785,0.708860 0.768864,0.725639
47 0.139628,0.360332 0.137684,0.358093 0.136800,0.358093 0.134944,0.358918 0.133972,0.359743 0.131851,0.362453 0.129642,0.369758 0.127875,0.377299 0.127344,0.384133 0.127875,0.390613 0.129465,0.396858 0.132028,0.399921 0.135828,0.396504 0.138479,0.390377 0.139716,0.385429 0.140246,0.367166 0.140158,0.361392
21 0.368629,0.384339 0.374292,0.366093 0.367686,0.357285 0.350698,0.347218 0.331351,0.347218 0.316251,0.350364 0.304926,0.357914 0.303511,0.369239 0.309173,0.382452 0.326633,0.380564 0.351642,0.383081
29 0.390948,0.455721 0.402019,0.460027 0.403403,0.464947 0.403403,0.467407 0.401327,0.471098 0.398559,0.473251 0.396714,0.473251 0.387257,0.469560 0.385412,0.465870 0.385412,0.462179 0.387257,0.458489
27 0.307221,0.385295 0.257169,0.369303 0.257400,0.363152 0.306067,0.379144
17 0.151667,0.550000 0.150456,0.552950 0.150456,0.557188 0.151516,0.557894 0.153105,0.555422 0.153370,0.550831
17 0.152500,0.534444 0.150833,0.536667 0.150833,0.541111 0.152500,0.541111 0.153333,0.538889 0.153333,0.536667
25 0.176902,0.338549 0.175056,0.341932 0.257169,0.368688 0.257169,0.363152
17 0.443077,0.663621 0.442154,0.663314 0.440309,0.664852 0.440078,0.666082 0.440078,0.669772 0.441693,0.671925 0.443538,0.671310 0.444460,0.668850 0.444460,0.663929
17 0.450920,0.698676 0.450459,0.706057 0.451612,0.708517 0.454380,0.709132 0.456687,0.705749 0.456917,0.702059 0.455072,0.698676 0.452304,0.697753
16 0.315797,0.218178 0.304366,0.187012 0.303001,0.186785 0.302148,0.188605 0.313238,0.219315
17 0.451148,0.657158 0.449535,0.657778 0.449535,0.664236 0.449765,0.666697 0.451149,0.668850 0.453917,0.667619 0.454840,0.665159 0.454609,0.661469 0.452764,0.657778
17 0.442615,0.687609 0.441693,0.687609 0.440309,0.692530 0.440770,0.696220 0.443077,0.698681 0.444922,0.698681 0.446306,0.696835
19 0.148337,0.535290 0.146218,0.535644 0.144364,0.541295 0.144364,0.545533 0.145953,0.548358 0.148072,0.549771 0.149132,0.549065 0.150191,0.546239 0.149662,0.536350
19 0.446578,0.672841 0.443920,0.674318 0.442370,0.679043 0.442148,0.684063 0.443034,0.688493 0.446356,0.693218 0.450122,0.694399 0.453222,0.691446 0.452337,0.677566 0.449900,0.674908
18 0.717997,0.637376 0.712751,0.639433 0.709974,0.646427 0.709974,0.652599 0.713369,0.659593 0.718306,0.660827 0.721391,0.660416 0.725094,0.654656 0.726328,0.646839 0.725094,0.640668 0.721700,0.636965
39 0.823810,0.534110 0.818256,0.527939 0.813627,0.527939 0.805913,0.530407 0.801902,0.537401 0.802519,0.549333 0.805913,0.567024 0.807148,0.569904 0.812393,0.577309 0.823501,0.580600 0.828747,0.575252 0.831216,0.566201 0.831833,0.554681 0.828130,0.540693
33 0.669596,0.680507 0.673206,0.688308 0.675945,0.700092 0.675945,0.703578 0.675198,0.704906 0.673331,0.706565 0.670592,0.706731 0.639348,0.702914 0.619928,0.698764 0.604119,0.694449 0.600385,0.690300 0.588310,0.670383 0.588559,0.668723 0.617812,0.673038 0.661630,0.676524 0.666858,0.677852
17 0.456687,0.678378 0.455072,0.680223 0.453919,0.685759 0.454841,0.688219 0.459454,0.690987 0.460377,0.690372 0.461069,0.685452 0.459916,0.680223 0.458301,0.677763
30 0.455998,0.385593 0.489014,0.381479 0.509688,0.381890 0.520179,0.385593 0.534990,0.384770 0.545481,0.383124 0.535607,0.380244 0.522956,0.379010 0.510305,0.375307 0.487163,0.375307 0.457849,0.379833 0.448592,0.385593
17 0.147807,0.524695 0.146483,0.527520 0.146483,0.530346 0.148337,0.532465 0.149397,0.532465 0.150191,0.529639 0.149662,0.525048
22 0.557519,0.380651 0.572022,0.374891 0.593930,0.371600 0.616764,0.370777 0.660271,0.375714 0.673539,0.375303 0.674465,0.369543 0.653479,0.367079 0.604108,0.364199 0.583743,0.366668 0.563687,0.371193 0.551961,0.377364 0.554121,0.381479
28 0.478469,0.647149 0.476918,0.652169 0.473818,0.658371 0.473818,0.660733 0.476476,0.662505 0.477361,0.662505 0.478469,0.658075 0.480905,0.652169 0.480905,0.649806 0.479798,0.647444
28 0.142251,0.504513 0.139593,0.504513 0.138708,0.505399 0.138486,0.508057 0.139815,0.510714 0.142473,0.510419 0.143802,0.504513
17 0.148237,0.552353 0.146465,0.552353 0.146022,0.554716 0.146465,0.558259 0.148237,0.558555 0.148901,0.557373 0.149344,0.552648
40 0.698952,0.353276 0.699895,0.346450 0.698683,0.343397 0.693428,0.338906 0.681034,0.334235 0.678744,0.334235
1 0.482132,0.568897 0.491190,0.565345 0.516763,0.563924 0.553792,0.570317 0.591087,0.581684 0.643833,0.589853 0.689386,0.592339 0.720821,0.599088 0.741067,0.601929 0.783690,0.595891 0.849014,0.582039 0.873789,0.573159 0.887108,0.567121 0.892969,0.549716 0.895633,0.548651 0.896166,0.539061 0.900694,0.541547 0.913215,0.563924 0.914547,0.588077 0.913215,0.614006 0.906822,0.625372 0.907887,0.664443 0.907354,0.669771 0.914813,0.679361 0.909219,0.694279 0.885244,0.706711 0.808789,0.735126 0.713154,0.757148 0.671863,0.763541 0.634567,0.767449 0.576227,0.763186 0.524547,0.750755 0.520018,0.728733 0.517621,0.686820 0.506432,0.627858 0.491514,0.586656
