2 0.594729,0.077816 0.600327,0.078016 0.609123,0.082810 0.613121,0.086406 0.619785,0.094597 0.628847,0.110180 0.636310,0.127561 0.642441,0.138749 0.646439,0.150936 0.648838,0.164921 0.649104,0.171913 0.659500,0.174910 0.668562,0.183700 0.672560,0.201310 0.676564,0.209505 0.663236,0.209705 0.651775,0.211702 0.643246,0.199716 0.644045,0.195720 0.637115,0.174543 0.625121,0.143377
10 0.640124,0.439855 0.636583,0.486303 0.626847,0.542040 0.617996,0.548011 0.598216,0.556493 0.576397,0.567254 0.543648,0.592468 0.537452,0.599767 0.549892,0.523371 0.547822,0.494279 0.545234,0.486909 0.540576,0.483805 0.533331,0.481478 0.526086,0.481478 0.512113,0.486909 0.470136,0.512303 0.458969,0.515958 0.461120,0.509140 0.503315,0.427560 0.549871,0.334024 0.563327,0.302217 0.566949,0.288641 0.566979,0.281359 0.561231,0.274102 0.568492,0.269340 0.568918,0.261642 0.568721,0.249465 0.578975,0.249647 0.586132,0.250754 0.591174,0.252698 0.596787,0.255771 0.598746,0.258909 0.599351,0.286347 0.600864,0.293150 0.603889,0.298592 0.608730,0.298819 0.613873,0.294284 0.615613,0.291216 0.626764,0.298810 0.637681,0.310778 0.643405,0.323623 0.645942,0.339863 0.643721,0.374480 0.641655,0.414351
7 0.595135,0.704988 0.586913,0.734827 0.575662,0.762395 0.583451,0.766288 0.597299,0.757855 0.603789,0.737746 0.612011,0.698825 0.616338,0.663797 0.616771,0.626498 0.614608,0.613524 0.611146,0.639471 0.600328,0.680986
6 0.000096,0.272428 0.037020,0.274208 0.104170,0.277768 0.232859,0.281815 0.450508,0.284728 0.509239,0.281168 0.541195,0.277931 0.558469,0.272752 0.563219,0.278578 0.564947,0.283434 0.564947,0.292820 0.556310,0.313536 0.518308,0.392513 0.459577,0.504595 0.456122,0.517542 0.394801,0.543760 0.301954,0.580693 0.244519,0.602380 0.208244,0.617916 0.166356,0.628274 0.111080,0.628921 0.000000,0.627230
1 0.000754,0.936709 0.045149,0.940408 0.122225,0.943182 0.191901,0.944107 0.228281,0.943644 0.263427,0.937171 0.295491,0.929311 0.385515,0.894635 0.439160,0.870593 0.481706,0.849787 0.517469,0.830368 0.534734,0.818347 0.555698,0.792455 0.575430,0.759166 0.586529,0.733274 0.595378,0.702161 0.608623,0.645300 0.627271,0.542567 0.618731,0.547922 0.576034,0.567908 0.557560,0.582015 0.525842,0.609969 0.475999,0.639389 0.434347,0.658871 0.386944,0.679258 0.359583,0.689316 0.314620,0.703310 0.264777,0.714544 0.246303,0.716903 0.233581,0.716119 0.130933,0.741079 0.104268,0.746173 0.088919,0.748137 0.000000,0.747745
4 0.590720,0.077674 0.584844,0.079476 0.582440,0.082078 0.580304,0.085881 0.580037,0.095089 0.592322,0.194621 0.595528,0.228050 0.597184,0.239526 0.607277,0.274585 0.616031,0.291330 0.621888,0.295095 0.627395,0.298882 0.638290,0.311092 0.643955,0.323823 0.646004,0.338410 0.641102,0.437386 0.653096,0.420405 0.665624,0.346055 0.668823,0.314290 0.672821,0.286890 0.676286,0.270109 0.673887,0.255325 0.661632,0.225961 0.643240,0.200149 0.639509,0.206542 0.637643,0.192757 0.621917,0.144974 0.593663,0.077416
14 0.556036,0.093314 0.555861,0.101993 0.561649,0.155388 0.564458,0.209182 0.566386,0.261399 0.565860,0.270077 0.561302,0.273102 0.559198,0.272444 0.557116,0.272271 0.548025,0.275353 0.540677,0.277408 0.510415,0.280490 0.451364,0.284230 0.319952,0.282643 0.230381,0.281056 0.148164,0.278066 0.038606,0.272463 0.000000,0.271809 0.000249,0.109438 0.035991,0.085611 0.038108,0.084583 0.074970,0.081501 0.106726,0.080287 0.164759,0.078886 0.243743,0.078415 0.280854,0.078789 0.349626,0.080283 0.375529,0.081217 0.457995,0.085140 0.503844,0.087660 0.554903,0.092144
49 0.613749,0.289938 0.613212,0.295569 0.606509,0.296977 0.602487,0.295971 0.600342,0.293558 0.599270,0.288128 0.598733,0.246701
12 0.000000,0.100345 0.004743,0.096772 0.021713,0.088234 0.048696,0.075501 0.080738,0.065461 0.102360,0.061664 0.123335,0.058738 0.167412,0.053995 0.228139,0.049251 0.293828,0.048066 0.394615,0.048450 0.460086,0.051696 0.484855,0.052565 0.510046,0.054146 0.533885,0.056838 0.547903,0.059288 0.580789,0.064111 0.591224,0.067989 0.598707,0.072417 0.605875,0.077950 0.609669,0.082773 0.601764,0.077634 0.595756,0.076844 0.590486,0.076923 0.584157,0.079100 0.579610,0.086205 0.579553,0.098398 0.583008,0.122555 0.590782,0.186907 0.593591,0.216562 0.596616,0.241842 0.598643,0.257917 0.597030,0.255373 0.590566,0.251728 0.582788,0.249783 0.575010,0.248973 0.569176,0.248811 0.567880,0.228554 0.563714,0.178141 0.563187,0.161777 0.557915,0.098435 0.557810,0.093218 0.556756,0.091953 0.554542,0.091637 0.506667,0.087841 0.459658,0.084837 0.364144,0.080567 0.312363,0.078987 0.272521,0.078196 0.179531,0.078196 0.135442,0.079542 0.108143,0.079938 0.072728,0.081677 0.037418,0.084523 0.034150,0.086183 0.016443,0.098753 0.000000,0.108872 0.000000,0.100345
64 0.596920,0.082737 0.601357,0.082225 0.607500,0.083505 0.613643,0.088881 0.619787,0.096560 0.634462,0.131373 0.645725,0.163883 0.647431,0.172330 0.646407,0.184361 0.641971,0.199720 0.622517,0.138029 0.607159,0.099632
68 0.593849,0.082994 0.587023,0.085810 0.584293,0.091185 0.583952,0.102192 0.585658,0.127534 0.593849,0.177706 0.598286,0.183594 0.613644,0.239141 0.619446,0.247844 0.628008,0.235802 0.628973,0.227911 0.632207,0.223538 0.639582,0.207144 0.621152,0.145453 0.607159,0.108080 0.597945,0.089649
40 0.627195,0.275337 0.704708,0.265360 0.730393,0.259168 0.741401,0.245752 0.744612,0.231303 0.744612,0.222703 0.734980,0.218231 0.715716,0.213071 0.694618,0.209287 0.668015,0.208943 0.646458,0.212383 0.637744,0.218231 0.629488,0.227863 0.629029,0.237495 0.631323,0.247128 0.628571,0.249880 0.618939,0.248504 0.612976,0.240247 0.599675,0.189334 0.594630,0.179702 0.592795,0.191398 0.594630,0.214447 0.599216,0.246784 0.614811,0.289097 0.618021,0.277745
70 0.467552,0.514919 0.486664,0.502887 0.518746,0.485225 0.529326,0.481129 0.537175,0.482153 0.544001,0.486505 0.548097,0.498792 0.548097,0.526950 0.544343,0.558691 0.536834,0.598112 0.523183,0.610399 0.477778,0.636781 0.446038,0.652140 0.381511,0.679540 0.313936,0.701810 0.262401,0.714097 0.244654,0.716145 0.219740,0.713073 0.154517,0.698742 0.178407,0.661881 0.202639,0.628348 0.210488,0.621180 0.442925,0.525686
61 0.211929,0.916799 0.230849,0.916799 0.286571,0.905853 0.342956,0.883961 0.417916,0.852118 0.482925,0.818285 0.502825,0.801368 0.512776,0.789924 0.520736,0.776491 0.527647,0.754943 0.532520,0.736388 0.535519,0.728235 0.534769,0.724159 0.531958,0.723878 0.527272,0.727392 0.503658,0.742292 0.474796,0.758879 0.426984,0.780394 0.374291,0.802327 0.331748,0.817227 0.282083,0.833393 0.241039,0.843092 0.226795,0.844919 0.220236,0.855181 0.225296,0.862771 0.220048,0.869238 0.222485,0.873876 0.214600,0.886399 0.217786,0.893990 0.209165,0.907203
60 0.223552,0.847142 0.219572,0.855601 0.224215,0.863064 0.218908,0.869532 0.221562,0.874010 0.214265,0.886449 0.216918,0.893414 0.208958,0.906848 0.211611,0.916799 0.110117,0.916799 0.036485,0.913316 0.000000,0.909833 0.000663,0.875005 0.009950,0.873512 0.014594,0.866547 0.009950,0.848137 0.084910,0.851123 0.189720,0.851123
63 0.000000,0.629114 0.058019,0.629626 0.166891,0.629114 0.204092,0.620411 0.179860,0.655736 0.152898,0.698997 0.189758,0.707700 0.231736,0.715379 0.131056,0.739953 0.089759,0.747121 0.000000,0.746865
32 0.325655,0.823490 0.351664,0.812655 0.387626,0.800136 0.440606,0.777023 0.497439,0.750779 0.493907,0.759206 0.480100,0.774615 0.461477,0.788820 0.440927,0.800617 0.416203,0.812174 0.364828,0.832639 0.333361,0.844436 0.319233,0.848529 0.311527,0.849733 0.310885,0.847084 0.316665,0.836491
31 0.000000,0.266175 0.019671,0.267307 0.080055,0.274853 0.157549,0.278627 0.162078,0.272967 0.136918,0.271458 0.097164,0.271080 0.063953,0.269194 0.013129,0.264666
22 0.062663,0.263437 0.138931,0.262898 0.149004,0.258041 0.166273,0.257501 0.184980,0.259120 0.191456,0.264517 0.211602,0.267215 0.233907,0.269479 0.251537,0.272177 0.275639,0.274771 0.283553,0.277469 0.146846,0.268834 0.113748,0.267215 0.069603,0.266917 0.046456,0.265408
23 0.158052,0.261647 0.184722,0.259006 0.196296,0.262779 0.216927,0.265798 0.253661,0.271080 0.281337,0.274099 0.307504,0.280136 0.321594,0.281645 0.381978,0.283154 0.319078,0.274099 0.247119,0.265798 0.211392,0.259761 0.195793,0.259006 0.182206,0.254856 0.157046,0.257874 0.145472,0.260138 0.146982,0.264666 0.158555,0.263911
20 0.630139,0.233756 0.631296,0.244319 0.633804,0.251843 0.640171,0.253580 0.654061,0.253724 0.701713,0.250830 0.733160,0.248081 0.739333,0.244464 0.741648,0.239255 0.744542,0.229704 0.744156,0.224061 0.736825,0.219576 0.715604,0.214222 0.704607,0.210894 0.695733,0.210025 0.665637,0.209736 0.652904,0.211038 0.647502,0.212775 0.640750,0.218129 0.631296,0.227100 0.629753,0.231007
26 0.642602,0.203625 0.645887,0.208740 0.642602,0.214992 0.634012,0.223517
24 0.648694,0.171756 0.648272,0.176191 0.646582,0.184428 0.641934,0.201853 0.645948,0.207239 0.648272,0.197259 0.650807,0.180943 0.651863,0.169697 0.650384,0.164152 0.648483,0.165261
26 0.628412,0.237817 0.622708,0.248431 0.626088,0.249539 0.631792,0.249381 0.631581,0.246688 0.629679,0.240035 0.629468,0.235758
29 0.636121,0.346355 0.633419,0.348566 0.631699,0.355567 0.632190,0.361646 0.635139,0.366437 0.638087,0.365884 0.640790,0.362199 0.641773,0.357593 0.642018,0.350592 0.640790,0.348013 0.638578,0.345986
16 0.431074,0.049507 0.437267,0.020981 0.433551,0.049772
