6 0.180490,0.561432 0.309167,0.560577 0.405959,0.558014 0.576105,0.548851 0.728111,0.535732 0.750625,0.533162 0.838948,0.521494 0.856899,0.516996 0.886506,0.498196 0.928639,0.444360 0.937043,0.420969 0.932761,0.412055 0.904972,0.370166 0.849103,0.310607 0.811991,0.278811 0.782769,0.257671 0.756984,0.232407 0.754921,0.235758 0.750795,0.239110 0.739106,0.241172 0.679286,0.245812 0.493635,0.250704 0.419718,0.251220 0.295371,0.249930 0.183637,0.247094 0.124847,0.247094 0.022052,0.239102 0.003487,0.233946 0.000393,0.231110 0.001080,0.484816 0.047837,0.508276 0.152695,0.556227 0.167135,0.558805
12 0.737611,0.213488 0.746602,0.209964 0.679581,0.126294 0.660783,0.105916 0.635855,0.081707 0.615830,0.065762 0.602549,0.056569 0.580890,0.045384 0.564135,0.040021 0.545745,0.035118 0.521021,0.030062 0.478316,0.023902 0.447871,0.020225 0.399853,0.015322 0.330790,0.011338 0.277051,0.009500 0.197975,0.009346 0.166304,0.009806 0.123803,0.011951 0.097649,0.014709 0.080894,0.018999 0.071290,0.026507 0.036008,0.074930 0.015983,0.117219 0.005767,0.140355 0.000000,0.158152 0.000454,0.208856 0.006175,0.204873 0.026608,0.142360 0.043976,0.101745 0.062162,0.064206 0.071357,0.046739 0.183534,0.044740 0.254028,0.044587 0.323500,0.046426 0.487986,0.054240 0.587904,0.062974 0.609767,0.066039 0.632448,0.087796 0.678626,0.138978 0.706620,0.173606
10 0.747486,0.210856 0.738086,0.213921 0.750551,0.231235 0.755863,0.231235 0.759950,0.234605 0.783652,0.257895 0.805720,0.274136 0.786104,0.256362 0.771392,0.241807 0.757702,0.226025
61 0.937771,0.648256 0.929256,0.674162 0.913685,0.701345 0.898560,0.722540 0.886680,0.732723 0.880226,0.738148 0.871596,0.744034 0.861090,0.748157 0.846537,0.751697 0.845320,0.744764 0.854322,0.740386 0.853349,0.730352 0.861378,0.725244 0.857728,0.711196 0.870136,0.707730 0.865270,0.697331 0.876218,0.688757 0.894222,0.683466 0.911496,0.671608 0.926823,0.655006
62 0.176441,0.826138 0.149679,0.757726 0.130702,0.757543 0.086666,0.749151 0.035818,0.731273 0.000000,0.715218 0.000297,0.767942 0.032412,0.784361 0.070365,0.801327 0.110022,0.817746 0.125593,0.822125 0.144570,0.824679 0.163060,0.825956
70 0.936312,0.426197 0.937528,0.411602 0.937041,0.406494 0.947503,0.418900 0.954802,0.437326 0.957721,0.469252 0.955775,0.498076 0.952855,0.505921 0.948719,0.520881 0.929013,0.552989 0.894465,0.576523 0.887410,0.579989 0.875245,0.579260 0.841184,0.573969 0.858458,0.532739 0.864297,0.512306 0.887410,0.498076 0.929499,0.444441
39 0.542422,0.566135 0.527824,0.569784 0.513470,0.578176 0.502522,0.591311 0.497656,0.602987 0.497899,0.612291 0.505928,0.628163 0.514687,0.635825 0.524661,0.641116 0.535123,0.643853 0.551180,0.644765 0.567481,0.641116 0.583052,0.632177 0.594000,0.622873 0.599839,0.610832 0.601785,0.599156 0.598866,0.588757 0.590837,0.579453 0.577456,0.570514 0.564318,0.567413 0.553127,0.565771 0.545341,0.565771
60 0.875732,0.688947 0.865027,0.696974 0.869406,0.707555 0.856755,0.711021 0.860404,0.725433 0.852619,0.730177 0.853106,0.740211 0.844590,0.744589 0.845320,0.750974 0.785471,0.765387 0.688640,0.783272 0.611030,0.794218 0.501792,0.806627 0.374064,0.817759 0.279423,0.823232 0.191351,0.826151 0.177727,0.825969 0.150965,0.758468 0.224682,0.758833 0.325993,0.755878 0.326379,0.766495 0.330271,0.772516 0.338163,0.775764 0.360196,0.775982 0.583354,0.755258 0.715058,0.741242 0.743060,0.737545 0.754337,0.733898 0.759575,0.718617 0.759628,0.712414
18 0.175402,0.731114 0.173367,0.726317 0.168424,0.723046 0.152722,0.720648 0.146034,0.720866 0.141381,0.722610 0.137020,0.725663 0.134984,0.729587 0.136438,0.740053 0.141381,0.744414 0.148651,0.747030 0.164353,0.747249 0.171622,0.741798 0.175402,0.737219 0.176275,0.732858
59 0.324570,0.711268 0.327478,0.701239 0.332712,0.696660 0.583942,0.675724 0.647912,0.669400 0.727876,0.660243 0.762478,0.657626 0.765967,0.659589 0.758407,0.720865 0.753173,0.733511 0.742414,0.737218 0.606041,0.752917 0.365569,0.775157 0.339981,0.774939 0.332421,0.772977 0.327478,0.768398 0.326315,0.737000
31 0.137137,0.224045 0.119259,0.222241 0.117540,0.226623 0.136793,0.226881 0.152608,0.228170 0.161890,0.232037 0.182862,0.237709 0.263311,0.245443 0.289096,0.247763 0.349948,0.248536 0.456869,0.251888 0.476809,0.250856 0.449649,0.243380 0.396704,0.244927 0.291846,0.244669 0.232651,0.239630 0.199708,0.235131 0.169110,0.230748 0.153639,0.225076
14 0.735308,0.212720 0.745919,0.225981 0.750001,0.233122 0.747008,0.237203 0.739934,0.239039 0.724697,0.241692 0.679576,0.245890 0.556878,0.248602 0.443882,0.250741 0.351621,0.250314 0.170487,0.246608 0.122740,0.246892 0.023250,0.238757 0.003657,0.233765 0.000233,0.228772 0.000423,0.209372 0.007842,0.204237 0.025913,0.145601 0.044556,0.102797 0.065100,0.057997 0.071949,0.046586 0.203587,0.045445 0.254772,0.045129 0.298131,0.046442 0.393816,0.050151 0.490832,0.054858 0.563880,0.060849 0.589561,0.063417 0.609345,0.066269 0.631221,0.087386 0.647771,0.105217 0.676686,0.137605 0.693236,0.157718
1 0.000000,0.795970 0.044745,0.818750 0.102952,0.840581 0.149771,0.848650 0.238347,0.847700 0.364252,0.840581 0.559752,0.819225 0.750191,0.792173 0.867238,0.765121 0.884953,0.758951 0.903934,0.740442 0.931772,0.699627 0.939364,0.678745 0.944426,0.655965 0.943160,0.644574 0.969100,0.591420 0.972264,0.567216 0.970998,0.543961 0.962141,0.508367 0.955814,0.499824 0.949487,0.521655 0.929241,0.554402 0.903934,0.571487 0.888117,0.580505 0.872932,0.580030 0.812827,0.617997 0.738170,0.630337 0.488891,0.655965 0.329454,0.665931 0.247205,0.667355 0.175079,0.653117 0.124464,0.638879 0.097891,0.637930 0.038418,0.622269 0.000000,0.605183
71 0.000948,0.485189 0.000365,0.604546 0.039167,0.621695 0.098710,0.637839 0.122552,0.637839 0.169508,0.627622 0.193593,0.618683 0.150044,0.556291 0.092627,0.529473 0.047559,0.509463
40 0.740459,0.181514 0.747480,0.183373 0.754209,0.186319 0.759938,0.189104 0.765289,0.192825 0.770629,0.199632 0.774233,0.206038 0.771963,0.214847 0.773298,0.220953 0.771429,0.229362 0.760884,0.229162 0.758080,0.226259 0.747134,0.209742 0.723639,0.180913 0.732047,0.180451
63 0.151216,0.557245 0.194392,0.618465 0.169271,0.628080 0.123740,0.637106 0.160898,0.648682 0.184448,0.654373 0.247511,0.666734 0.329153,0.664968 0.467315,0.656335 0.581404,0.645543 0.739978,0.629257 0.812598,0.617091 0.872259,0.578436 0.840858,0.574120 0.857867,0.531737 0.863362,0.513292 0.856449,0.517510 0.841120,0.520749 0.809719,0.525262 0.730695,0.535269 0.596719,0.548215 0.529207,0.552336 0.437360,0.556848 0.319870,0.559789 0.178829,0.561555
33 0.059417,0.741124 0.084233,0.762834 0.086179,0.767759 0.042873,0.754624 0.000000,0.733297 0.000000,0.716145 0.021950,0.727259 0.044820,0.735833
22 0.259707,0.240416 0.310245,0.237064 0.456703,0.232682 0.468041,0.238610 0.437787,0.241188 0.365589,0.240672 0.289954,0.242477 0.269670,0.242219
20 0.725726,0.182299 0.738446,0.199056 0.754261,0.214266 0.769732,0.217617 0.771107,0.210914 0.770763,0.202665 0.768013,0.195704 0.757011,0.187197 0.741884,0.181783 0.728476,0.180494
30 0.011651,0.222241 0.010619,0.227397 0.053594,0.229717 0.100694,0.232553 0.183206,0.239513 0.216585,0.243502 0.245777,0.249052 0.248721,0.246356 0.214558,0.235971 0.175642,0.232037 0.120635,0.222756 0.085911,0.223787 0.042249,0.222756
23 0.436585,0.237193 0.478872,0.236677 0.492624,0.241060 0.521503,0.243122 0.568259,0.246474 0.633237,0.247763 0.657303,0.246731 0.652490,0.241318 0.637363,0.242091 0.547288,0.239513 0.515314,0.236677 0.493999,0.235904 0.464089,0.231779 0.436929,0.233584
