6 0.714062,0.313960 0.764257,0.325909 0.808875,0.350404 0.856680,0.385056 0.902094,0.426877 0.937151,0.476465 0.968224,0.521274 0.990533,0.575642 1.000000,0.614476 1.000000,0.356379 0.868631,0.331883 0.812062,0.324714 0.777005,0.318740 0.741151,0.315155
5 0.000000,0.622104 0.131208,0.658849 0.330486,0.722085 0.565066,0.805830 0.616309,0.830611 0.661859,0.951956 0.682621,1.000000 0.000000,1.000000
6 0.919793,0.837136 0.952289,0.826010 0.976192,0.809879 0.996110,0.788969 1.000000,0.778305 1.000000,0.864021 0.993093,0.865087 0.970366,0.862530 0.952289,0.857675 0.929617,0.846846 0.918164,0.840566
11 0.994367,0.866213 0.969317,0.863654 0.939710,0.853400 0.913519,0.840290 0.905271,0.843780 0.885051,0.844000 0.845195,0.836309 0.806464,0.824911 0.796388,0.838584 0.783263,0.849733 0.754480,0.870491 0.794016,0.889572 0.819773,0.899712 0.834905,0.908645 0.840056,0.917095 0.834905,0.926752 0.812046,0.935926 0.742824,0.947273 0.697749,0.950653 0.662977,0.952343 0.683905,0.999421 0.999428,0.999421 0.998784,0.865188
14 0.257741,0.184112 0.326286,0.200681 0.428652,0.229762 0.530117,0.262225 0.690656,0.318358 0.737097,0.348122 0.776781,0.377879 0.808347,0.406283 0.863462,0.479350 0.890519,0.528720 0.902694,0.555772 0.921634,0.609225 0.932457,0.652170 0.936967,0.707289 0.932006,0.764460 0.917576,0.804362 0.901793,0.826342 0.886009,0.836486 0.849031,0.835133 0.769213,0.809772 0.514424,0.716443 0.222871,0.618027 0.000551,0.551401 0.000551,0.509809 0.060979,0.461453 0.103819,0.424567 0.151169,0.379931 0.182736,0.346116 0.210695,0.313992 0.243615,0.266289 0.251732,0.251749 0.259398,0.233827 0.263361,0.221287 0.263548,0.206202 0.260753,0.194887 0.252743,0.182587
12 0.805302,0.824128 0.586979,0.744317 0.433674,0.690172 0.225135,0.620799 0.095502,0.580190 0.000000,0.553964 0.000814,0.620799 0.078594,0.641103 0.304139,0.709618 0.411233,0.745429 0.511730,0.780891 0.693467,0.850522 0.751967,0.869575 0.775589,0.853084 0.793761,0.836944
12 0.000000,0.506757 0.040694,0.471642 0.084208,0.438506 0.137612,0.388060 0.175193,0.348495 0.214092,0.304478 0.230575,0.282717 0.242443,0.264418 0.252992,0.246613 0.262881,0.222380 0.263177,0.205945 0.259993,0.194296 0.254024,0.183852 0.248850,0.181167 0.236514,0.176690 0.207861,0.171618 0.150557,0.164897 0.114542,0.161615 0.048196,0.156987 0.000000,0.156402
41 0.661154,0.952652 0.586799,0.952652 0.579496,0.966342 0.581820,0.982023 0.577173,0.999696 0.241578,0.999198 0.227305,0.986006 0.220334,0.966840 0.220334,0.954643 0.232616,0.946927 0.275437,0.927512 0.328216,0.906604 0.368049,0.892416 0.410537,0.879970 0.434437,0.873996 0.399060,0.761645 0.504986,0.800318 0.574413,0.822035 0.603374,0.833935
69 0.001512,0.644961 0.078759,0.663397 0.267746,0.722970 0.349825,0.750246 0.394772,0.764137 0.417595,0.836564 0.430762,0.872777 0.352701,0.895862 0.292559,0.917498 0.252669,0.933149 0.139137,0.934070 0.001671,0.933609
23 0.784772,0.352739 0.778312,0.353546 0.777773,0.357583 0.785849,0.362024 0.795540,0.363235 0.816536,0.389476 0.841839,0.414101 0.843454,0.421368 0.837532,0.429442 0.836994,0.435094 0.843454,0.442764 0.854760,0.460527 0.861220,0.460123 0.856375,0.449627 0.850453,0.440745 0.847761,0.431057 0.852607,0.420964 0.847761,0.411679 0.805769,0.358794 0.795001,0.355161
21 0.559514,0.998977 0.577311,0.987469 0.575470,0.968595 0.563196,0.952943 0.538035,0.928546 0.507350,0.901386 0.478507,0.882052 0.468074,0.876988 0.410387,0.887576 0.341654,0.908291 0.282126,0.930387 0.241623,0.947880 0.223212,0.960769 0.220144,0.968134 0.233645,0.981945 0.253897,0.998517
22 0.789643,0.377656 0.780405,0.381121 0.809659,0.419231 0.835064,0.457340 0.881254,0.550305 0.892802,0.581485 0.904349,0.578598 0.908199,0.567627 0.872016,0.483324 0.845072,0.437131 0.825056,0.409414 0.798881,0.381698
50 0.608450,0.836366 0.661555,0.858054 0.796690,0.906765 0.813286,0.916364 0.820398,0.922764 0.818976,0.928453 0.802854,0.933786 0.771086,0.940186 0.736946,0.945164 0.662030,0.949431
31 0.857990,0.427051 0.853145,0.431895 0.855837,0.445217 0.867143,0.451676 0.875218,0.454501 0.890292,0.492449 0.922056,0.546141 0.927440,0.557848 0.926901,0.629707 0.910750,0.644240 0.902137,0.656351 0.902137,0.676133 0.914519,0.679766 0.914519,0.667655 0.919364,0.655140 0.923671,0.647470 0.936592,0.636166 0.933362,0.540893 0.920979,0.511827 0.905367,0.468227 0.898368,0.454905 0.885447,0.449657 0.877910,0.444005 0.870373,0.426242 0.862836,0.425031
27 0.001057,0.957547 0.222599,0.958928 0.235486,0.946038 0.255124,0.936371 0.251442,0.933609 0.000000,0.934990
30 0.895138,0.589338 0.902137,0.582475 0.906443,0.583686 0.909674,0.590953 0.909135,0.649489 0.914519,0.661600 0.918288,0.680978 0.912366,0.701970 0.903752,0.709237 0.899445,0.732248 0.889216,0.766562 0.867681,0.820254 0.856914,0.824695 0.860682,0.802088 0.875756,0.747185 0.887062,0.688245 0.893523,0.610734
Мелкие 0.921208,0.801425 0.900726,0.838717 0.915439,0.837119 0.929113,0.833242 0.951812,0.824960 0.976315,0.810486 0.999209,0.781346 0.999209,0.613951 0.970921,0.538505 0.952063,0.500782 0.905216,0.435328 0.889407,0.417072 0.859370,0.388384 0.837553,0.371551 0.812891,0.354480 0.785699,0.337884 0.768942,0.329823 0.747441,0.321288 0.730051,0.315597 0.715191,0.313938 0.696536,0.316072 0.679146,0.316546 0.726890,0.339307 0.761986,0.360882 0.781273,0.379375 0.822060,0.421103 0.871701,0.483475 0.889091,0.517379 0.904267,0.553180 0.920076,0.592562 0.926084,0.615085 0.934937,0.671276 0.937466,0.725352 0.932407,0.764235
