2 0.790140,0.303728 0.797893,0.303713 0.805164,0.304713 0.812425,0.308415 0.821713,0.314584 0.832182,0.327209 0.836066,0.338979 0.841977,0.353787 0.851433,0.358438 0.859032,0.363469 0.863591,0.368215 0.866124,0.374768 0.867644,0.380938 0.868151,0.391474 0.866800,0.407236 0.862916,0.414835 0.858812,0.425411 0.858281,0.435844 0.852168,0.448240 0.848547,0.456550 0.844748,0.458328 0.840626,0.463532 0.837924,0.456223 0.839613,0.427747 0.844678,0.407718 0.850251,0.399362 0.847887,0.389490 0.842145,0.382276 0.829818,0.375062 0.822388,0.371550 0.824752,0.367368 0.816647,0.346390 0.803982,0.323982 0.796890,0.312876
4 0.789198,0.304018 0.782661,0.304343 0.778829,0.305666 0.775604,0.307616 0.773923,0.310598 0.773015,0.315015 0.774464,0.361448 0.773981,0.374889 0.778198,0.405801 0.787911,0.408010 0.800140,0.411498 0.807197,0.444570 0.803850,0.481364 0.801748,0.493136 0.797651,0.516515 0.824461,0.486239 0.840161,0.464109 0.837504,0.456234 0.839193,0.427319 0.844506,0.407768 0.849820,0.399486 0.847888,0.389983 0.842333,0.382787 0.829533,0.375446 0.822046,0.371916 0.819389,0.373681 0.814075,0.351823 0.798859,0.319367
7 0.841200,0.474303 0.833239,0.482926 0.829549,0.488929 0.838288,0.489257 0.850910,0.488165 0.858289,0.484454 0.861396,0.473866 0.864112,0.436531 0.864112,0.425834 0.863530,0.422341 0.861588,0.421686 0.858870,0.425616 0.858675,0.436422 0.847995,0.458362 0.850908,0.459345
55 0.864501,0.421686 0.869550,0.422669 0.869744,0.427799 0.867025,0.448866 0.865676,0.453606 0.863530,0.453669 0.864889,0.440133
8 0.832689,0.328067 0.840963,0.336135 0.844341,0.344109 0.847718,0.348855 0.854641,0.350658 0.860721,0.354930 0.863760,0.358822 0.867137,0.374863 0.864604,0.368314 0.859032,0.362523 0.851602,0.357303 0.842652,0.353411 0.837924,0.340027
51 0.835957,0.471369 0.842366,0.461763 0.845861,0.458270 0.850327,0.459362 0.841589,0.471587 0.832074,0.483376 0.826248,0.492872 0.803917,0.520379 0.794596,0.528347 0.794790,0.519069 0.801198,0.513393 0.826633,0.483810 0.834012,0.473113
35 0.860654,0.373772 0.859517,0.375405 0.862044,0.375831 0.859012,0.377323 0.856864,0.377323 0.856864,0.381301 0.861792,0.381727 0.865330,0.380804 0.866594,0.378531 0.865330,0.375263 0.863561,0.374056
35 0.839921,0.396667 0.839921,0.398889 0.841897,0.398889 0.840815,0.400625 0.835761,0.401549 0.835002,0.403395 0.836013,0.406166 0.838288,0.406592 0.844101,0.404532 0.846122,0.402401 0.846754,0.399915 0.846249,0.397429 0.844101,0.396079 0.841194,0.395795
49 0.773345,0.383790 0.770691,0.406661 0.771702,0.407940 0.775998,0.406946 0.778020,0.405809 0.773828,0.379601
40 0.792797,0.375050 0.788627,0.377891 0.790649,0.384142 0.791534,0.390393 0.790902,0.393163 0.786606,0.393376 0.778771,0.366100 0.774980,0.362051 0.773850,0.375408 0.778526,0.405454 0.784465,0.403749 0.830840,0.400127 0.829576,0.394728 0.834252,0.391248 0.836526,0.386702 0.837916,0.383576 0.836653,0.380309 0.833241,0.378107 0.824522,0.375692 0.811127,0.373774 0.795711,0.374413
53 0.824279,0.367307 0.822510,0.370361 0.819603,0.373273 0.814296,0.351325 0.804348,0.330000 0.791803,0.307567 0.794962,0.310692 0.800270,0.318577 0.816570,0.347202 0.821878,0.360982
68 0.789763,0.308663 0.784838,0.311147 0.780292,0.315193 0.777767,0.318671 0.779661,0.363533 0.784712,0.382415 0.786859,0.392783 0.790521,0.392783 0.790900,0.390725 0.788248,0.377947 0.789258,0.376528 0.792794,0.374611 0.797972,0.373759 0.811357,0.373405 0.818555,0.374611 0.813125,0.351541 0.801373,0.326694 0.796070,0.316543 0.790766,0.307883
64 0.802636,0.320447 0.817032,0.346356 0.825114,0.367509 0.839636,0.355513 0.836226,0.344724 0.830165,0.330456 0.821831,0.316898 0.817537,0.312923 0.813117,0.310225 0.806803,0.308451 0.802383,0.307528 0.794428,0.307457
20 0.790033,0.377917 0.792365,0.393077 0.803444,0.393323 0.823125,0.392913 0.831289,0.392258 0.833913,0.390455 0.837266,0.383162 0.835371,0.379720 0.832747,0.378491 0.820647,0.375213 0.812629,0.374230 0.809713,0.373984 0.794843,0.374803
10 0.755448,0.386036 0.766006,0.388100 0.771514,0.389648 0.770069,0.401496 0.770200,0.407169 0.771249,0.408717 0.776230,0.407169 0.778589,0.405475 0.790117,0.408640 0.799958,0.411763 0.806804,0.443973 0.803561,0.476690 0.801715,0.488635 0.799833,0.503178 0.796807,0.516668 0.795890,0.508269 0.793268,0.507532 0.794972,0.496849 0.795628,0.484914 0.795234,0.478578 0.793006,0.477031 0.789336,0.476736 0.787501,0.478136 0.786584,0.480641 0.781472,0.488524 0.777409,0.497881 0.775312,0.501196 0.764171,0.501049 0.748443,0.502670 0.726555,0.506869 0.721050,0.508343 0.727341,0.486682 0.728390,0.476736 0.727866,0.472463 0.725768,0.470032 0.717380,0.465390 0.712662,0.465022 0.704142,0.465685 0.682647,0.470621 0.689201,0.462075 0.696671,0.453676 0.746608,0.405844 0.749492,0.402160 0.749492,0.399066 0.748050,0.396266 0.752637,0.392509 0.753293,0.385804
12 0.413090,0.307449 0.433371,0.301814 0.463676,0.296310 0.508202,0.292903 0.578837,0.292117 0.631055,0.290542 0.662983,0.290537 0.743875,0.292371 0.776279,0.294992 0.798192,0.298923 0.811946,0.306393 0.814510,0.308751 0.804486,0.303772 0.793063,0.302461 0.783505,0.303641 0.773947,0.306917 0.772082,0.312158 0.774181,0.361569 0.771383,0.389612 0.761825,0.386860 0.753666,0.385287 0.757862,0.326317 0.757163,0.315441 0.751801,0.313344 0.740845,0.312427 0.626384,0.310067 0.531504,0.309282 0.410283,0.310724 0.393731,0.318848 0.358997,0.339421 0.334752,0.354360 0.303048,0.375457 0.300018,0.374540 0.340347,0.347152 0.381143,0.323827 0.410516,0.308627
7 0.739236,0.593702 0.727831,0.603166 0.691988,0.615224 0.691445,0.620109 0.697962,0.621177 0.752541,0.621177 0.761231,0.617514 0.769648,0.610035 0.773178,0.604234 0.780248,0.572940 0.789209,0.517227 0.786222,0.506848 0.782148,0.499521 0.778347,0.496011 0.758796,0.540123 0.751464,0.561950 0.745762,0.583167 0.740331,0.592935
14 0.410525,0.311387 0.496779,0.309945 0.554826,0.309683 0.650870,0.310726 0.711947,0.312823 0.739688,0.312823 0.749246,0.314395 0.755774,0.318982 0.754841,0.348204 0.751811,0.392764 0.746682,0.396040 0.706119,0.398530 0.617301,0.397350 0.465075,0.394209 0.399802,0.392243 0.326836,0.389100 0.296530,0.386872 0.293500,0.384120 0.298395,0.379665 0.329167,0.359354 0.400268,0.316101
6 0.289439,0.382840 0.274063,0.392138 0.199282,0.425793 0.186469,0.432340 0.177380,0.435225 0.165965,0.445570 0.165499,0.450022 0.185068,0.464165 0.207198,0.479091 0.227931,0.482496 0.315060,0.488389 0.363284,0.491139 0.436202,0.494155 0.522399,0.496512 0.541502,0.496120 0.557809,0.494810 0.587629,0.490227 0.678252,0.473072 0.681737,0.469894 0.693035,0.456317 0.743292,0.408029 0.748941,0.402006 0.748746,0.398284 0.747383,0.396203 0.710177,0.398393 0.670829,0.398393 0.528630,0.395762 0.445259,0.393789 0.330915,0.389625 0.296437,0.387105 0.291762,0.385243
41 0.314859,0.363521 0.304724,0.364616 0.293613,0.367465 0.285231,0.371081 0.285036,0.376340 0.286401,0.383024 0.299071,0.374587 0.309597,0.367137
63 0.560950,0.498067 0.539314,0.516798 0.536313,0.520437 0.544683,0.523189 0.573584,0.529581 0.541998,0.532599 0.516730,0.535795 0.502833,0.536505 0.442189,0.534908 0.358331,0.530382 0.259311,0.523633 0.221409,0.519548 0.189034,0.507120 0.214302,0.502681 0.206564,0.480843 0.206880,0.479334 0.225199,0.482352 0.236096,0.483328 0.302109,0.487945 0.346328,0.490519 0.457982,0.495047 0.503464,0.496290 0.526048,0.496556 0.562055,0.495845
1 0.148913,0.484649 0.141168,0.491724 0.135601,0.507915 0.132212,0.514309 0.131970,0.523834 0.134390,0.529956 0.136327,0.543426 0.136085,0.555263 0.132212,0.568457 0.144314,0.577301 0.159805,0.586280 0.169003,0.589693 0.199508,0.595404 0.314238,0.606561 0.421466,0.614729 0.537890,0.621124 0.574924,0.621944 0.651163,0.621533 0.688438,0.616227 0.695701,0.612555 0.718212,0.605208 0.726925,0.602895 0.740238,0.592146 0.745079,0.581398 0.750888,0.559893 0.757908,0.537443 0.768316,0.516626 0.774851,0.501115 0.764927,0.500707 0.748108,0.502305 0.724834,0.507083 0.714714,0.510268 0.666141,0.520849 0.594698,0.529156 0.575876,0.529839 0.566162,0.530635 0.516374,0.536209 0.502814,0.536666 0.438050,0.535187 0.368428,0.531546 0.288890,0.526537 0.244972,0.522897 0.221090,0.519597 0.188101,0.507424 0.174743,0.505259 0.163814,0.500367 0.156731,0.495816 0.150659,0.488763
70 0.681289,0.471699 0.706241,0.465928 0.712085,0.465307 0.716822,0.465485 0.725035,0.469923 0.727561,0.472853 0.726772,0.485991 0.720139,0.508273 0.665023,0.520701 0.593482,0.528957 0.574373,0.529490 0.544367,0.522921 0.536945,0.520435 0.540103,0.516707 0.561265,0.498508 0.563476,0.495224 0.590482,0.490696 0.670234,0.474895 0.680342,0.472320
71 0.163134,0.448704 0.157449,0.459979 0.154606,0.469211 0.149868,0.479153 0.149079,0.484125 0.152079,0.489806 0.157765,0.495754 0.164555,0.500193 0.173083,0.504187 0.188086,0.506762 0.213355,0.501968 0.205142,0.478798 0.169767,0.453676
18 0.190072,0.542320 0.190471,0.538291 0.187678,0.535039 0.183688,0.534030 0.178101,0.533917 0.173313,0.535712 0.171710,0.538407 0.172300,0.541433 0.173896,0.543227 0.177687,0.544237 0.181677,0.544797 0.186865,0.544573
60 0.183080,0.550523 0.187669,0.564766 0.190063,0.577776 0.189892,0.584697 0.209815,0.587757 0.258896,0.593365 0.370623,0.603235 0.480955,0.610637 0.537817,0.613893 0.549511,0.613922 0.553431,0.596714 0.558567,0.574192 0.523452,0.573855 0.466390,0.571388 0.461602,0.578565 0.453422,0.581369 0.413718,0.579346 0.281040,0.571159 0.253826,0.568325 0.246186,0.564332 0.244443,0.555743 0.187612,0.549791 0.181715,0.548736
59 0.245323,0.533470 0.245123,0.558031 0.246321,0.564312 0.253902,0.568237 0.270597,0.570247 0.399549,0.578555 0.431677,0.580128 0.453624,0.581138 0.462203,0.578334 0.464997,0.572053 0.466792,0.556577 0.465396,0.544240 0.324338,0.537285 0.251913,0.531229 0.246327,0.531341
61 0.711367,0.557979 0.712716,0.564805 0.701382,0.588468 0.694636,0.593171 0.685731,0.596204 0.663872,0.600452 0.629539,0.606570 0.595329,0.610615 0.564296,0.613194 0.549993,0.613876 0.559169,0.573966 0.593980,0.572389 0.621775,0.570114 0.659285,0.565715 0.687620,0.561467 0.709748,0.556007
33 0.142748,0.539972 0.153881,0.550451 0.163979,0.558019 0.164238,0.554817 0.161908,0.547540 0.157506,0.543902 0.151810,0.541282 0.141712,0.534005
39 0.350899,0.496009 0.343288,0.498943 0.337851,0.502732 0.335242,0.506888 0.335242,0.511289 0.336547,0.516301 0.340678,0.520335 0.347202,0.524002 0.353509,0.525958 0.361772,0.526447 0.370036,0.525102 0.376560,0.522291 0.382866,0.517523 0.385694,0.513856 0.386563,0.507622 0.385259,0.503221 0.380692,0.499310 0.373516,0.496009 0.366122,0.494787 0.359163,0.494542 0.353074,0.495153
32 0.608022,0.576944 0.604397,0.580145 0.602066,0.585094 0.602756,0.587854 0.607763,0.588005 0.623557,0.586840 0.660582,0.582765 0.673527,0.580437 0.681036,0.577380 0.689063,0.572723 0.692946,0.568357 0.693205,0.564718 0.686473,0.565882 0.637538,0.573451 0.620191,0.574760
62 0.180816,0.548553 0.182771,0.551315 0.183648,0.553910 0.187344,0.565528 0.188888,0.572063 0.189951,0.578688 0.189622,0.584712 0.176658,0.581825 0.167120,0.578250 0.152458,0.569505 0.146969,0.565184 0.142273,0.559525 0.139557,0.553847 0.138992,0.548416 0.137280,0.534117 0.137769,0.527216 0.142416,0.533155 0.150977,0.539617 0.162717,0.544429 0.172990,0.546903
46 0.778192,0.511771 0.773992,0.514976 0.764390,0.544154 0.761990,0.555791 0.760790,0.596944 0.762590,0.602679 0.768291,0.602342 0.771291,0.599643 0.774892,0.589355 0.781193,0.559333 0.782993,0.544829 0.784193,0.516325 0.782993,0.513458 0.780293,0.512277
29 0.798705,0.427852 0.786573,0.436296 0.794661,0.441654 0.797839,0.440842 0.803905,0.436783 0.801016,0.428177
23 0.538422,0.388573 0.509885,0.387312 0.508923,0.390015 0.533933,0.390916 0.599024,0.396864 0.616018,0.396864 0.578503,0.393980 0.549965,0.391097 0.540667,0.389655
31 0.355976,0.379742 0.338981,0.378660 0.334813,0.380462 0.347639,0.380643 0.359503,0.382806 0.368160,0.385870 0.386437,0.389294 0.403110,0.391457 0.454413,0.392719 0.406317,0.389655 0.389002,0.388033 0.363030,0.381544
30 0.303390,0.382265 0.346356,0.385149 0.385154,0.390195 0.362068,0.385329 0.345394,0.380462 0.322949,0.379742 0.305314,0.380462
22 0.434854,0.388213 0.482309,0.387492 0.529444,0.388213 0.528803,0.391818 0.426197,0.389655
