1 0.836770,0.848466 0.773737,0.864170 0.696341,0.881670 0.595806,0.894683 0.485697,0.904554 0.280637,0.913080 0.144995,0.907695 0.001374,0.889298 0.002172,0.651931 0.048450,0.652380 0.194465,0.642509 0.221593,0.638021 0.279042,0.639816 0.355640,0.634432 0.422663,0.630842 0.674000,0.598535 0.728257,0.585524 0.835973,0.563987 0.964434,0.555461 0.999726,0.558664 1.000000,0.563089 0.984381,0.576999 0.963636,0.599434 0.944486,0.625908 0.925337,0.654626 0.908581,0.686035 0.894219,0.723727 0.886240,0.754239 0.871878,0.832763
70 0.213096,0.536650 0.278444,0.522123 0.381326,0.505456 0.491203,0.488796 0.565668,0.476832 0.640134,0.468287 0.703961,0.457178 0.755631,0.450342 0.784506,0.452051 0.801223,0.462305 0.801223,0.487941 0.766269,0.537505 0.728277,0.584504 0.667488,0.598177 0.418257,0.630649 0.272365,0.639195 0.217656,0.636631 0.117355,0.610141 0.178143,0.558868
6 0.086807,0.166688 0.077247,0.174454 0.091056,0.181624 0.130359,0.187001 0.234457,0.199547 0.378920,0.211496 0.530818,0.221653 0.682716,0.228822 1.000000,0.241414 1.000000,0.298890 0.891532,0.340345 0.716175,0.411740 0.621642,0.453213 0.591897,0.472331 0.343866,0.509622 0.238706,0.528143 0.191968,0.537702 0.089994,0.537702 0.000000,0.531727 0.000000,0.191780
10 1.000000,0.557265 0.962754,0.555376 0.908870,0.558221 0.833267,0.564883 0.728277,0.584504 0.761710,0.547759 0.793624,0.502469 0.803491,0.482945 0.806148,0.469753 0.802606,0.461788 0.796406,0.456063 0.778251,0.450089 0.760096,0.449343 0.741941,0.450836 0.620611,0.468011 0.594485,0.472740 0.622382,0.454321 0.717586,0.412753 0.850872,0.357971 0.993899,0.303207 0.998770,0.302958
12 0.157983,0.140291 0.159827,0.146513 0.196721,0.128712 0.403637,0.035387 0.475273,0.000000 0.464205,0.000346 0.425773,0.014863 0.368280,0.039577 0.276966,0.081060 0.229619,0.104045
7 1.000000,0.564905 0.972413,0.594497 0.937305,0.643406 0.910975,0.688277 0.888634,0.754686 0.883846,0.796864 0.875069,0.834107 0.843154,0.847568 0.852728,0.857888 0.891027,0.868657 0.930124,0.874939 0.989966,0.882119 0.997945,0.882119
61 0.004565,0.756157 0.068381,0.762054 0.187272,0.769425 0.320149,0.763037 0.474007,0.750261 0.604262,0.735027 0.670701,0.725691 0.682940,0.725199 0.687311,0.735027 0.675946,0.788098 0.667204,0.810211 0.640978,0.827902 0.594646,0.842152 0.383965,0.865248 0.286056,0.875076 0.221365,0.877041 0.168039,0.875076 0.056143,0.863282 0.001068,0.853454
63 0.001943,0.534593 0.001943,0.651055 0.050898,0.651546 0.191643,0.640735 0.212623,0.637787 0.113839,0.611251 0.121707,0.602406 0.180278,0.554249 0.205630,0.538524 0.081494,0.538524
14 0.468883,0.005303 0.396487,0.040115 0.184060,0.135983 0.127858,0.163298 0.108239,0.173703 0.096860,0.181035 0.119062,0.184779 0.214532,0.196948 0.295847,0.204280 0.383823,0.211300 0.532855,0.221128 0.606955,0.224874 0.802334,0.232986 0.952877,0.239068 0.999780,0.240472 0.999502,0.000156 0.476918,0.000156
32 0.313142,0.819676 0.359497,0.816057 0.454352,0.806165 0.529464,0.796997 0.570239,0.789035 0.600284,0.777937 0.617024,0.758635 0.622174,0.747054 0.568093,0.754051 0.481393,0.763461 0.401989,0.771422 0.316146,0.778419 0.311425,0.781797 0.304557,0.790965 0.293827,0.810508 0.294256,0.817504 0.301553,0.820158 0.307562,0.820158
30 0.154151,0.158653 0.143286,0.157948 0.136182,0.159123 0.137018,0.164760 0.153734,0.168519 0.185076,0.173922 0.228955,0.178150 0.299998,0.196003 0.300834,0.192479 0.277849,0.184962 0.224358,0.169928 0.195106,0.163586 0.160838,0.160532
22 0.312748,0.192606 0.344926,0.191667 0.394656,0.192371 0.515011,0.197774 0.610710,0.223144 0.553875,0.220325 0.534230,0.218676 0.514589,0.212568 0.489933,0.208105 0.367906,0.200823 0.308565,0.196125
23 0.529848,0.196708 0.504774,0.196943 0.497670,0.200937 0.623875,0.216441 0.658560,0.219259 0.705783,0.226307 0.732529,0.229125 0.846197,0.235468 0.824048,0.228656 0.781005,0.225602 0.703694,0.218555 0.555340,0.199527
31 0.222687,0.175566 0.214329,0.167109 0.199284,0.164995 0.190509,0.167579 0.201792,0.177445 0.230627,0.184258 0.270327,0.195063 0.307938,0.200936 0.453367,0.215735 0.411577,0.206339 0.287461,0.193889 0.249014,0.183553
