9 0.539365,0.289635 0.639746,0.298930 0.617308,0.310881 0.626756,0.321505 0.659822,0.333456 0.701155,0.334784 0.694851,0.358019 0.708128,0.383009 0.787789,0.447918 0.869758,0.504713 0.813765,0.506985 0.808570,0.477451 0.779130,0.457005 0.754308,0.446295 0.730063,0.439480 0.690810,0.435260 0.631931,0.438506 0.601914,0.442400 0.543472,0.465665 0.379532,0.442127 0.387631,0.435218 0.391528,0.424312 0.383056,0.414777 0.347180,0.399649 0.314963,0.386182 0.295250,0.381969 0.279280,0.382408 0.264182,0.384293 0.247143,0.372110 0.263491,0.351560 0.300416,0.347866 0.323168,0.345052 0.434110,0.329830 0.478954,0.315478
3 0.997573,0.212616 0.779098,0.241830 0.705879,0.332128 0.696431,0.358686 0.708241,0.379933 0.785003,0.444336 0.870576,0.503836 0.997482,0.498167
0 0.543014,0.466852 0.522558,0.478483 0.510471,0.498348 0.505822,0.527100 0.506286,0.537032 0.451428,0.537293 0.359144,0.535202 0.311027,0.528014 0.259422,0.509064 0.238037,0.490768 0.221068,0.465545 0.216186,0.451561 0.210607,0.420195 0.217116,0.400723 0.230598,0.388438 0.228739,0.371840 0.241059,0.372624 0.246870,0.372363 0.263078,0.384248 0.261695,0.389458 0.262535,0.402452 0.262843,0.409361 0.265639,0.418956 0.280111,0.431565 0.309400,0.439537 0.361004,0.443327 0.378670,0.442021 0.412376,0.446856
7 0.544050,0.554936 0.572782,0.573029 0.755038,0.558379 0.779925,0.545846 0.793716,0.521248 0.785156,0.494244 0.771365,0.475528 0.736174,0.458684 0.702409,0.451198 0.663890,0.450129 0.629650,0.451466 0.598739,0.456545 0.569255,0.466973 0.542148,0.483549 0.525979,0.506276 0.525504,0.526061 0.533113,0.547450
12 0.542685,0.287254 0.613773,0.262746 0.666083,0.246910 0.681508,0.241631 0.667424,0.237106 0.604384,0.220516 0.581583,0.208828 0.678825,0.189975 0.737171,0.181680 0.949763,0.166975 0.999390,0.164713 0.998947,0.211446 0.933357,0.220843 0.838206,0.232798 0.777417,0.241933 0.725099,0.255582 0.663400,0.284237 0.639257,0.296680 0.558781,0.289893 0.542685,0.287254
15 0.577559,0.209582 0.603043,0.220893 0.638587,0.230697 0.679496,0.241254 0.585606,0.270664 0.527931,0.292155 0.463550,0.318926 0.444102,0.324581 0.405782,0.316551 0.388865,0.311415 0.375162,0.304567 0.368395,0.297054 0.364335,0.285735 0.366873,0.280409 0.376684,0.275273 0.386158,0.272325 0.397492,0.269376 0.461269,0.246359 0.504238,0.231903 0.542978,0.220109
66 0.999071,0.212615 0.784476,0.243136 0.775535,0.257499 0.717967,0.329153 1.000000,0.320697
35 0.824711,0.371686 0.833334,0.372584 0.835569,0.374918 0.835569,0.377790 0.829502,0.380304 0.749667,0.383715 0.744877,0.382458 0.743600,0.378509 0.744238,0.374918 0.752222,0.373122
13 0.393776,0.270153 0.376656,0.273897 0.365718,0.279779 0.363340,0.286463 0.366193,0.295286 0.374753,0.304911 0.388544,0.311595 0.407091,0.317477 0.445135,0.324964 0.430393,0.329241 0.396407,0.334428 0.296763,0.347957 0.262523,0.351433 0.247305,0.372555 0.228739,0.371579 0.219905,0.363084 0.216186,0.337077 0.216186,0.324923 0.221068,0.320479 0.230133,0.303228 0.249427,0.293818 0.262444,0.290813 0.325671,0.281926 0.356587,0.278136 0.374951,0.273169
56 0.507535,0.531601 0.511125,0.497288 0.523527,0.478205 0.547353,0.465360 0.601204,0.442607 0.632862,0.438753 0.690630,0.435267 0.729794,0.439854 0.753293,0.446277 0.778750,0.457470 0.807144,0.478021 0.811065,0.506094 0.805191,0.517471 0.789198,0.504993 0.785935,0.494534 0.773206,0.475267 0.737958,0.458569 0.701404,0.449762 0.669420,0.448844 0.631235,0.450312 0.598924,0.455450 0.568898,0.465909 0.541483,0.482240 0.523858,0.506461 0.524838,0.526462 0.527449,0.536737 0.507540,0.536187
46 0.624593,0.568450 0.717495,0.560838 0.736921,0.549284 0.750000,0.533658 0.751635,0.516653 0.744686,0.501716 0.732833,0.489767 0.714849,0.482414 0.693596,0.477818 0.677247,0.476209 0.651497,0.476898 0.620843,0.482414 0.604494,0.487239 0.587327,0.497120 0.575474,0.508610 0.570570,0.525385 0.572613,0.539402 0.581605,0.551122 0.600407,0.563301 0.613077,0.566978
67 0.779047,0.244214 0.706238,0.331290 0.683885,0.332188 0.666960,0.332008 0.649716,0.328417 0.632152,0.321774 0.623211,0.312079 0.628001,0.306154 0.651312,0.294305 0.701129,0.271324 0.730189,0.259474 0.762123,0.249061
73 0.263617,0.384751 0.279149,0.382913 0.292228,0.382223 0.300395,0.383333 0.314399,0.386486 0.382466,0.415119 0.390872,0.424411 0.386740,0.434986 0.379188,0.441394 0.363230,0.442836 0.347849,0.442111 0.317500,0.439708 0.309093,0.439387 0.281023,0.431376 0.266347,0.419040 0.263925,0.410628 0.262215,0.389319
47 0.520122,0.371643 0.507338,0.375353 0.497441,0.382193 0.495172,0.391003 0.498884,0.400161 0.505895,0.406421 0.521771,0.411870 0.537442,0.412797 0.552082,0.410710 0.565278,0.406885 0.570846,0.399118 0.571877,0.392046 0.570433,0.384047 0.566928,0.379294 0.555587,0.373846 0.545896,0.371527 0.529813,0.371295
52 0.998991,0.498807 0.812346,0.507585 0.808530,0.519092 0.998991,0.510315
39 0.221263,0.320216 0.222938,0.322759 0.218917,0.336982 0.215399,0.337829 0.214896,0.334344 0.215734,0.325773 0.218750,0.320310
25 0.999423,0.325246 0.707503,0.336061 0.708494,0.330152 0.800513,0.327364 0.999621,0.321009
19 0.669675,0.520062 0.671400,0.523110 0.671400,0.525466 0.669183,0.528514 0.661789,0.530731 0.654889,0.531008 0.648728,0.528652 0.647250,0.523664 0.648235,0.519785 0.652178,0.517291 0.659325,0.517014 0.665732,0.518122
16 0.587115,0.164578 0.634512,0.191895 0.654542,0.188662 0.661086,0.189108 0.667631,0.190334 0.674572,0.194125 0.679331,0.195129 0.686669,0.194794 0.692817,0.196021 0.696387,0.198028 0.690834,0.200704 0.643635,0.207728 0.641255,0.207616 0.639668,0.206390 0.640263,0.203491 0.638082,0.199923 0.634116,0.196578 0.582554,0.165805 0.582554,0.164244 0.585132,0.163575
