7 0.484101,0.686500 0.444300,0.683866 0.417376,0.686939 0.399394,0.693210 0.382747,0.703236 0.366352,0.718370 0.352732,0.741071 0.348949,0.761123 0.348696,0.777391 0.351975,0.790444 0.362569,0.812010 0.383756,0.839628 0.407718,0.856086 0.439246,0.864410 0.474306,0.863842 0.504321,0.856465 0.520000,0.846667 0.528030,0.840763 0.546695,0.821279 0.560820,0.787796 0.562333,0.756772 0.551235,0.725180 0.535093,0.707587 0.506843,0.690751
5 0.580528,0.539224 0.537375,0.572981 0.523919,0.579593 0.432510,0.639798 0.370355,0.670239 0.345019,0.629801 0.330968,0.608402 0.249691,0.483544 0.271036,0.464404 0.298876,0.452223 0.363837,0.405243 0.382397,0.395499 0.405133,0.385059 0.414414,0.395499 0.446430,0.374270 0.468238,0.361394 0.507215,0.339818 0.510463,0.339122 0.550367,0.385755 0.566607,0.410811 0.575424,0.438303 0.579136,0.467188 0.581920,0.504424
3 0.308899,0.260125 0.293587,0.259429 0.286627,0.257689 0.271715,0.261430 0.256144,0.275785 0.231489,0.304495 0.219810,0.320310 0.196128,0.362645 0.191911,0.379190 0.187694,0.391598 0.249538,0.482926 0.270905,0.463994 0.277482,0.460870 0.297212,0.452649 0.346318,0.416806 0.362979,0.405296 0.385450,0.393376 0.405070,0.384333 0.399590,0.375783 0.426253,0.360170 0.480483,0.336652 0.499666,0.329171 0.469193,0.300397 0.451765,0.285024 0.439598,0.275570 0.412524,0.258882 0.405837,0.255593 0.399809,0.254196
11 0.580996,0.570381 0.602770,0.577597 0.604162,0.593781 0.609035,0.611532 0.616692,0.631372 0.637576,0.669484 0.686304,0.761893 0.703707,0.802094 0.701618,0.810969 0.685608,0.794263 0.675862,0.782777 0.670690,0.778206 0.664389,0.775686 0.657669,0.775528 0.653889,0.777734 0.649899,0.785136 0.645489,0.799784 0.638979,0.818685 0.635501,0.830135 0.619448,0.809392 0.599498,0.790964 0.580387,0.776001 0.564007,0.764503 0.561907,0.745130 0.558127,0.731585 0.547836,0.712369 0.532716,0.695044 0.514865,0.681183 0.495335,0.671891 0.480634,0.667796 0.463834,0.666693 0.442623,0.666693 0.423513,0.670001 0.419313,0.672048 0.414433,0.668412 0.409989,0.667301 0.404063,0.667301 0.398137,0.669523 0.376472,0.680868 0.369961,0.670788 0.435903,0.638185 0.449134,0.629522 0.480004,0.610936 0.541326,0.570458 0.548046,0.578333 0.559659,0.587949 0.564836,0.591044 0.568343,0.592265 0.571294,0.592423 0.574507,0.591721 0.577237,0.589201 0.580807,0.583373 0.581227,0.574868
7 0.211175,0.303535 0.206945,0.294018 0.194960,0.284765 0.178393,0.278156 0.161826,0.277099 0.142439,0.280007 0.121289,0.288731 0.110010,0.296926 0.099082,0.308030 0.088860,0.320191 0.081105,0.338432 0.081458,0.355352 0.088155,0.369099 0.094500,0.379145 0.106837,0.385490 0.118822,0.390249 0.132217,0.394214 0.159359,0.394214 0.168876,0.391835 0.164293,0.384168 0.163588,0.379409 0.170286,0.373329 0.193198,0.348478 0.203773,0.332880 0.209412,0.320719
12 0.340255,0.219245 0.350198,0.238164 0.375239,0.244516 0.392731,0.250040 0.411144,0.257221 0.443182,0.277383 0.454229,0.286497 0.496763,0.325164 0.512782,0.340769 0.527546,0.359254 0.544433,0.380514 0.554117,0.394036 0.562963,0.407778 0.568889,0.420000 0.575936,0.438405 0.578330,0.457600 0.581644,0.496681 0.582197,0.558824 0.581092,0.570424 0.603555,0.577881 0.600425,0.503724 0.591771,0.433433 0.614787,0.448486 0.659530,0.480109 0.677575,0.494747 0.688808,0.506211 0.692307,0.514773 0.699304,0.541287 0.704827,0.559240 0.716427,0.618759 0.718453,0.636435 0.722694,0.634914 0.711646,0.582852 0.705018,0.555233 0.691392,0.508557 0.687526,0.499166 0.675373,0.481490 0.639469,0.433571 0.613875,0.406781 0.574103,0.366319 0.550719,0.343809 0.495481,0.300033 0.481303,0.288157 0.416675,0.248799 0.390344,0.235266 0.369354,0.226980 0.350573,0.221871
6 0.611611,0.604383 0.619718,0.613107 0.646508,0.634785 0.662722,0.644831 0.709956,0.666774 0.725466,0.672326 0.732163,0.672590 0.736041,0.665981 0.733926,0.659636 0.748026,0.684751 0.768118,0.717268 0.787832,0.753751 0.807571,0.801602 0.815326,0.834120 0.814621,0.848395 0.811801,0.861878 0.801226,0.877212 0.795587,0.878798 0.780429,0.880913 0.761395,0.882235 0.755050,0.878005 0.729671,0.842579 0.702881,0.810591 0.704644,0.802660 0.698651,0.789970 0.677410,0.741853 0.640043,0.672988 0.617434,0.633181 0.611233,0.617073
13 0.224463,0.177028 0.237247,0.177105 0.247109,0.179459 0.263100,0.188030 0.282212,0.199635 0.294203,0.207598 0.279891,0.203227 0.260853,0.195911 0.247195,0.188855 0.224463,0.177028
9 0.182442,0.262808 0.189027,0.264300 0.197427,0.268332 0.205827,0.274631 0.212546,0.287735 0.212882,0.299327 0.211202,0.319739 0.202131,0.338638 0.193395,0.350230 0.174243,0.370894 0.174815,0.373333 0.187011,0.390801 0.195444,0.362641 0.219852,0.319132 0.230297,0.305424 0.253797,0.277752 0.264355,0.267619 0.271621,0.260978 0.286493,0.257402 0.295007,0.259275 0.304316,0.259445 0.300683,0.253315 0.300002,0.248547 0.305111,0.236541 0.308063,0.232199 0.312150,0.231177 0.349614,0.237989 0.339396,0.219172 0.284154,0.205329 0.257966,0.194963 0.223412,0.176959 0.211045,0.180505 0.203811,0.185039 0.195854,0.196600 0.191404,0.205602 0.185221,0.212967 0.175095,0.214574 0.169190,0.224296 0.173007,0.240814 0.170582,0.261683
35 0.273578,0.278866 0.289087,0.299182 0.290616,0.301967 0.289524,0.303769 0.285592,0.304260 0.281660,0.302786 0.267024,0.283454 0.267461,0.280177 0.269427,0.278866
14 0.604089,0.585826 0.605244,0.596308 0.606977,0.600467 0.611597,0.603672 0.615987,0.608524 0.625459,0.617187 0.646713,0.634341 0.654337,0.639192 0.664271,0.645084 0.694073,0.658945 0.714057,0.661198 0.721565,0.659898 0.722374,0.653054 0.719024,0.642571 0.717869,0.636680 0.715328,0.615974 0.703661,0.557150 0.694651,0.526134 0.692110,0.514785 0.688529,0.506208 0.676400,0.494253 0.659535,0.480391 0.592307,0.434042 0.601317,0.511580 0.603627,0.571184
1 0.477987,0.870044 0.492149,0.863285 0.525774,0.844046 0.545879,0.823507 0.554198,0.809988 0.560091,0.794389 0.564251,0.778011 0.564251,0.765011 0.588863,0.783990 0.616941,0.808428 0.632193,0.827407 0.642246,0.838326 0.666511,0.863025 0.700828,0.895783 0.718507,0.907222 0.732026,0.918661 0.745199,0.917881 0.766344,0.913201 0.783676,0.905402 0.792342,0.897342 0.793086,0.892143 0.794472,0.900462 0.787539,0.911641 0.755648,0.937900 0.740049,0.947779 0.707118,0.958958 0.689439,0.970397 0.678693,0.975597 0.668641,0.978977 0.640909,0.983657 0.626697,0.980797 0.607285,0.974037 0.567421,0.951679 0.537263,0.926200 0.510918,0.906182 0.477987,0.870044
35 0.372970,0.409277 0.382800,0.424022 0.394377,0.436310 0.397217,0.442044 0.393067,0.443682 0.388043,0.443191 0.379742,0.435327 0.365106,0.414520 0.366198,0.410916 0.369475,0.409277
50 0.542071,0.570952 0.554110,0.560320 0.566260,0.550701 0.575936,0.543866 0.580929,0.541655 0.581786,0.558379 0.580436,0.583947 0.575374,0.590950 0.572738,0.592368 0.569598,0.592088 0.564058,0.590165 0.554672,0.582850 0.545559,0.574749 0.542071,0.570952
0 0.164918,0.207837 0.167691,0.211216 0.172198,0.213816 0.174278,0.214076 0.167691,0.224735 0.171851,0.239034 0.169771,0.258793 0.168731,0.261913 0.151399,0.266333 0.146199,0.261913 0.138920,0.263993 0.121934,0.275172 0.111189,0.284791 0.108415,0.280632 0.105989,0.255673 0.107029,0.248394 0.115002,0.237735 0.125401,0.227595 0.135107,0.220576 0.141693,0.216156 0.151052,0.214856 0.161105,0.211476
54 0.500116,0.329140 0.434779,0.357091 0.400000,0.376667 0.414114,0.394882 0.442084,0.375855 0.468323,0.360445 0.509215,0.338642
41 0.576778,0.498239 0.554060,0.517080 0.543575,0.503973 0.530687,0.494798 0.526755,0.491358 0.508187,0.485460 0.501852,0.486607 0.496391,0.489720 0.486342,0.498730 0.486779,0.502499 0.495736,0.515605 0.504910,0.526091 0.515832,0.533299 0.527410,0.552959 0.536803,0.563117 0.541827,0.570981 0.560395,0.554925 0.574812,0.544276 0.581584,0.540836 0.579837,0.498894
67 0.303814,0.248420 0.304785,0.243502 0.307214,0.239676 0.309886,0.237126 0.311586,0.235305 0.315229,0.235487 0.352631,0.242044 0.379104,0.248966 0.395134,0.255159 0.353603,0.255888 0.311343,0.260078 0.307214,0.256252 0.305028,0.253338 0.303814,0.248420
16 0.485827,0.290543 0.485827,0.286063 0.490770,0.272006 0.496949,0.256403 0.494066,0.255631 0.482119,0.287144 0.478412,0.288071 0.484179,0.291470
69 0.509087,0.344175 0.466869,0.367164 0.422337,0.394491 0.416843,0.398611 0.441422,0.431793 0.466869,0.464325 0.491159,0.492736 0.498967,0.486880 0.504172,0.485145 0.509666,0.484711 0.516606,0.486880 0.529329,0.491651 0.540318,0.500326 0.554198,0.515508 0.561716,0.509001 0.569234,0.503579 0.578199,0.495338 0.577620,0.466927 0.574439,0.440252 0.569234,0.421600 0.541763,0.378659 0.527883,0.360875 0.511690,0.342440
45 0.422093,0.675571 0.416992,0.671018 0.411892,0.668285 0.406063,0.667557 0.399263,0.669743 0.385176,0.679032 0.374490,0.687411 0.357246,0.699434 0.349474,0.706720 0.351417,0.710545 0.357974,0.708906 0.376433,0.697066 0.406063,0.681036 0.417235,0.677211
59 0.790054,0.902134 0.784236,0.910861 0.772600,0.921224 0.750420,0.932132 0.740602,0.935678 0.727876,0.943041 0.706059,0.958312 0.710422,0.959676 0.736966,0.948222 0.765328,0.932405 0.779873,0.920951 0.786054,0.912497
66 0.473575,0.308895 0.480376,0.314724 0.489119,0.323285 0.493491,0.327657 0.449045,0.345690 0.425487,0.356983 0.397313,0.372467 0.383470,0.356073 0.351660,0.313084 0.332230,0.289404 0.324701,0.278657 0.361860,0.260078 0.385905,0.259167 0.403634,0.257710 0.420878,0.266817 0.439094,0.279932 0.462167,0.299605
17 0.427501,0.770395 0.422671,0.771730 0.421146,0.774209 0.422671,0.776878 0.425722,0.778022 0.428264,0.778212 0.431061,0.776306 0.431569,0.773065 0.429535,0.770586
29 0.522834,0.601848 0.530460,0.612144 0.530969,0.616148 0.528935,0.619199 0.524359,0.620343 0.518258,0.616148 0.512665,0.609093 0.511648,0.605471 0.512665,0.602611 0.516224,0.600513
17 0.443009,0.781454 0.437670,0.781835 0.435382,0.784504 0.436145,0.787555 0.438687,0.789080 0.441992,0.788890 0.445043,0.786411 0.445297,0.782598
63 0.755030,0.882638 0.737682,0.903042 0.720728,0.906294 0.730585,0.912800 0.741625,0.916644 0.758184,0.913687 0.770013,0.909843 0.778687,0.906294 0.786178,0.901563 0.794064,0.891509 0.801555,0.879681 0.805892,0.870514 0.799584,0.878498 0.783024,0.880864
39 0.789402,0.883722 0.780450,0.891182 0.774482,0.903864 0.776471,0.909459 0.783682,0.908153 0.791639,0.900134 0.797357,0.894164 0.800341,0.889129 0.800341,0.884093 0.795368,0.881669
22 0.686703,0.650151 0.699633,0.653508 0.713807,0.658357 0.719278,0.661341 0.721267,0.661341 0.716045,0.656119 0.708197,0.654408 0.705601,0.650338 0.697649,0.649903 0.694105,0.649709 0.689095,0.648815 0.671037,0.643437
19 0.447242,0.765797 0.450856,0.768986 0.450218,0.773609 0.448305,0.776957 0.442566,0.779029 0.438740,0.779029 0.433213,0.774247 0.433213,0.767551 0.435339,0.765000 0.437677,0.763406 0.442779,0.763087
46 0.407169,0.720210 0.421907,0.714376 0.440330,0.711306 0.455478,0.712841 0.471445,0.716219 0.484955,0.724816 0.500103,0.739247 0.508291,0.758898 0.509519,0.778550 0.507472,0.790524 0.496009,0.810176 0.479223,0.822765 0.460800,0.831362 0.437874,0.832283 0.421907,0.830134 0.405941,0.825221 0.385880,0.810176 0.376464,0.794209 0.372370,0.777628 0.374827,0.761662 0.379330,0.746923 0.388337,0.733106
17 0.132434,0.333440 0.128395,0.334078 0.126482,0.335991 0.127332,0.337585 0.129883,0.338064 0.132434,0.336788 0.133497,0.334716
62 0.594066,0.883590 0.579158,0.890408 0.568613,0.901043 0.566067,0.910588 0.570067,0.921497 0.582430,0.937859 0.607519,0.956949 0.630791,0.969221 0.644972,0.971130 0.658789,0.971948 0.675152,0.967857 0.683878,0.959676 0.689333,0.951495 0.668243,0.946313 0.596975,0.883317
43 0.166105,0.276107 0.150561,0.266817 0.146918,0.263538 0.143761,0.263174 0.135746,0.265360 0.128703,0.271189 0.113159,0.281754 0.106116,0.289222 0.098101,0.295962 0.092758,0.302702 0.093972,0.305616 0.097372,0.307984 0.100773,0.304159 0.115588,0.291590 0.125060,0.286126 0.141575,0.279568 0.154447,0.277382
56 0.152990,0.267182 0.171691,0.263356 0.179220,0.262992 0.185292,0.263721 0.190878,0.265542 0.204965,0.274650 0.211522,0.287947 0.211280,0.302520 0.207636,0.293412 0.196464,0.285215 0.179220,0.277564 0.165862,0.276289
21 0.494523,0.494659 0.499995,0.502640 0.509421,0.512673 0.522190,0.524986 0.540128,0.538668 0.547729,0.538896 0.555330,0.535931 0.557458,0.531371 0.557154,0.525670 0.551377,0.515637 0.542560,0.505148 0.534351,0.498307 0.516717,0.488274 0.505468,0.486450 0.497259,0.489870
17 0.153478,0.326585 0.147526,0.327382 0.147526,0.331368 0.149864,0.331527 0.151565,0.329614
46 0.127550,0.301088 0.116496,0.307536 0.107489,0.316748 0.098073,0.329644 0.096435,0.340083 0.096435,0.347760 0.098892,0.356664 0.107080,0.361577 0.114858,0.364647 0.126322,0.365569 0.136147,0.364033 0.148020,0.359428 0.166033,0.348374 0.175449,0.335785 0.182409,0.312142 0.179543,0.302623 0.170946,0.295868 0.159892,0.293719 0.149248,0.293412 0.139422,0.295868
17 0.140299,0.336150 0.136898,0.338064 0.136898,0.339498 0.137961,0.340933 0.140724,0.340933 0.142637,0.339658 0.142637,0.335513
71 0.753537,0.881433 0.745664,0.892986 0.736421,0.902999 0.721702,0.905310 0.708694,0.899661 0.696370,0.890932 0.647761,0.843179 0.636807,0.830599 0.645707,0.799790 0.653344,0.780507 0.658376,0.776838 0.666143,0.777172 0.670185,0.779211 0.676516,0.785156 0.704243,0.815451 0.720675,0.834707 0.744637,0.866285
30 0.676507,0.646794 0.664571,0.639707 0.651214,0.626016 0.644678,0.618633 0.636803,0.618206 0.625033,0.611732 0.615335,0.605205 0.619065,0.611546 0.628763,0.618073 0.650397,0.630942 0.670788,0.646048
58 0.385905,0.693787 0.394891,0.695426 0.401692,0.690872 0.415292,0.686136 0.436908,0.683586 0.450752,0.683040 0.462410,0.684315 0.474796,0.684861 0.489611,0.686865 0.506855,0.690144 0.531142,0.704352 0.538914,0.710363 0.543286,0.715828 0.550329,0.722567 0.561744,0.752441 0.558344,0.734954 0.553972,0.725482 0.548386,0.715645 0.540372,0.703623 0.527985,0.692694 0.513170,0.681400 0.494955,0.672657 0.483540,0.669743 0.470910,0.668285 0.453423,0.667921 0.437151,0.668832 0.425736,0.671382 0.420393,0.673203 0.423064,0.675571 0.405820,0.681583 0.396591,0.686319
23 0.704855,0.651830 0.714553,0.655933 0.720769,0.660782 0.728478,0.671413 0.732208,0.669361 0.730467,0.666191 0.724997,0.660782 0.718780,0.656493 0.711817,0.653509
52 0.363171,0.689147 0.374443,0.685329 0.377352,0.682602 0.354080,0.644968 0.238088,0.466615 0.173333,0.372222 0.168889,0.375556 0.164444,0.378889 0.165728,0.384257 0.246451,0.509158
31 0.646915,0.620498 0.656365,0.626839 0.662333,0.633926 0.669544,0.639521 0.684961,0.651084 0.695440,0.658880 0.705542,0.663829 0.717288,0.668056 0.702002,0.660517 0.680237,0.645303 0.665068,0.633553 0.659349,0.625907 0.647910,0.618820
73 0.165434,0.206467 0.168857,0.210061 0.174677,0.213912 0.182893,0.212629 0.187343,0.208777 0.191108,0.201075 0.204116,0.183104 0.193162,0.187982 0.178100,0.196197 0.170911,0.201846
47 0.233356,0.218290 0.226364,0.218974 0.220587,0.221483 0.214506,0.227411 0.212074,0.234480 0.213898,0.239725 0.222715,0.242233 0.231836,0.240181 0.239741,0.236760 0.247038,0.231972 0.248254,0.224447 0.244606,0.220115 0.237917,0.217378
27 0.402842,0.387351 0.407418,0.385254 0.440721,0.432729 0.491056,0.493360 0.486734,0.496601 0.442755,0.441690
25 0.401063,0.386779 0.405893,0.384300 0.309544,0.260178 0.304714,0.261131
17 0.454957,0.755142 0.450635,0.755714 0.447839,0.758002 0.447839,0.761625 0.450381,0.764675 0.454957,0.764866 0.457499,0.762006 0.457499,0.758002
17 0.146251,0.320049 0.143062,0.320846 0.142637,0.322918 0.143912,0.324353 0.146251,0.324034 0.148164,0.321962
17 0.461821,0.773827 0.458008,0.771158 0.453432,0.771921 0.451398,0.775925 0.453178,0.779547 0.456737,0.780691 0.460804,0.779166 0.462329,0.775162
17 0.431061,0.756286 0.429027,0.758955 0.429281,0.762387 0.432332,0.763531 0.435636,0.763150 0.439196,0.762006 0.439704,0.758574 0.438179,0.756095 0.433094,0.754951
28 0.418971,0.813784 0.413657,0.813784 0.411744,0.814421 0.411319,0.816175 0.413870,0.817451 0.414933,0.819204 0.417483,0.818566 0.420884,0.815537
33 0.611443,0.903451 0.604673,0.898850 0.598116,0.898374 0.594519,0.905672 0.596423,0.910273 0.603193,0.919000 0.625193,0.936135 0.633867,0.945020 0.640848,0.945813 0.646348,0.940894 0.649309,0.936452 0.647405,0.932010 0.634501,0.922807 0.620116,0.909639
17 0.134772,0.324194 0.132646,0.325310 0.131796,0.327382 0.132434,0.328498 0.134985,0.328179 0.136685,0.327063 0.136685,0.325469
Мелкие 0.721481,0.643333 0.722963,0.647778 0.733290,0.666822 0.731798,0.670925 0.727571,0.671858 0.722349,0.670552 0.704196,0.663838 0.698726,0.660481 0.705688,0.660295 0.713148,0.661600 0.721354,0.661041 0.722598,0.654513 0.722349,0.650970
19 0.144975,0.326426 0.141362,0.325788 0.136898,0.327701 0.135197,0.330889 0.136260,0.333759 0.138598,0.334875 0.142637,0.333600 0.144975,0.331687 0.146463,0.328817 0.146038,0.326744
