3 0.521411,0.351415 0.519415,0.354575 0.519041,0.380687 0.511057,0.428254 0.504446,0.457526 0.506317,0.460852 0.506442,0.473326 0.512928,0.507587 0.518666,0.522556 0.526774,0.540352 0.549851,0.593574 0.553718,0.607045 0.559331,0.622347 0.568063,0.649290 0.573052,0.661930 0.576670,0.665589 0.580412,0.667419 0.583655,0.667585 0.586274,0.666920 0.661118,0.628833 0.666824,0.607811 0.669111,0.595612 0.666587,0.572895 0.669663,0.501591 0.667297,0.476035 0.665246,0.464887 0.654282,0.445641 0.653651,0.439857 0.643555,0.440698 0.635668,0.398841 0.632039,0.381699 0.624388,0.358246 0.617684,0.336161 0.614765,0.327853 0.590077,0.328589 0.576668,0.330377 0.564837,0.332585 0.545591,0.338264 0.531156,0.344364
5 0.765588,0.555119 0.760368,0.579747 0.739387,0.589384 0.661990,0.628066 0.666005,0.613209 0.669418,0.595541 0.666909,0.571850 0.669619,0.527680 0.670121,0.498769 0.667812,0.476684 0.665704,0.464771 0.654461,0.445497 0.654059,0.440143 0.659480,0.438806 0.651048,0.408154 0.639403,0.369339 0.631774,0.347923 0.623743,0.327043 0.630770,0.326909 0.638299,0.327444 0.649241,0.328917 0.665303,0.332263 0.677550,0.336680 0.695117,0.345246 0.712484,0.359702 0.726237,0.372417 0.735272,0.382054 0.749928,0.400257 0.754144,0.411501 0.757758,0.435593 0.766190,0.449915 0.768198,0.467315 0.769302,0.474409 0.769001,0.493683 0.766592,0.524736 0.765488,0.545884
11 0.758250,0.435679 0.766325,0.449628 0.768501,0.468070 0.769554,0.474810 0.769133,0.494001 0.767869,0.509729 0.765623,0.546239 0.765693,0.555226 0.760567,0.579659 0.764850,0.576289 0.767659,0.573200 0.769344,0.566834 0.771450,0.554851 0.774961,0.539218 0.778401,0.527235 0.786616,0.505516 0.790688,0.497465 0.796094,0.488759 0.799461,0.485107 0.803463,0.481550 0.806412,0.480988 0.810133,0.481081 0.813293,0.482486 0.815961,0.485575 0.817014,0.487260 0.820314,0.482954 0.821086,0.480707 0.819822,0.478367 0.819329,0.473870 0.816099,0.469938 0.814344,0.464415 0.813080,0.456083 0.813572,0.448126 0.814274,0.446628 0.815397,0.447003 0.811816,0.440075 0.806761,0.433522 0.801987,0.429871 0.796580,0.427437 0.788295,0.423037 0.776289,0.418356 0.772709,0.430339 0.770883,0.433616 0.766390,0.434552 0.760000,0.435114
58 0.814994,0.548766 0.816470,0.548985 0.819094,0.529964 0.820488,0.515315 0.820570,0.504602 0.818848,0.493780 0.816798,0.487002 0.813109,0.483067 0.810485,0.481755 0.807124,0.481318 0.803762,0.482192 0.800893,0.484488 0.797367,0.488095 0.790644,0.498371 0.787774,0.504602 0.794661,0.497169 0.800647,0.495748 0.806304,0.497169 0.808517,0.500995 0.810485,0.506570 0.814830,0.522749 0.814830,0.541114
7 0.778320,0.531793 0.784139,0.514149 0.788158,0.505189 0.795017,0.497521 0.800975,0.496321 0.805963,0.497429 0.808803,0.502048 0.810813,0.508606 0.814415,0.522832 0.814831,0.530038 0.814623,0.549436 0.810813,0.574747 0.805686,0.592575 0.801183,0.603383 0.796125,0.609203 0.789128,0.614006 0.779705,0.615392 0.770699,0.614284 0.760792,0.610496 0.756011,0.603014 0.753240,0.594238 0.753725,0.590820 0.762108,0.586941 0.765364,0.583615 0.765710,0.578073 0.766403,0.575117 0.768551,0.571976 0.774024,0.545649
7 0.501203,0.619675 0.519180,0.628416 0.531538,0.642780 0.541360,0.664749 0.544846,0.686295 0.542628,0.712489 0.531221,0.764031 0.521398,0.787267 0.504288,0.808391 0.482741,0.826558 0.461829,0.828248 0.432044,0.818108 0.421271,0.807969 0.409547,0.772058 0.413983,0.761919 0.415568,0.750512 0.415568,0.742907 0.426341,0.696857 0.439332,0.660524 0.453591,0.637288 0.468800,0.621656
69 0.729631,0.381825 0.731015,0.385054 0.738333,0.421111 0.740783,0.432680 0.660918,0.438276 0.652898,0.403727 0.642204,0.368447 0.634526,0.347243 0.628357,0.332802 0.633224,0.332436 0.658107,0.335818 0.682168,0.343587 0.692382,0.349436 0.703350,0.357754 0.721104,0.373109
9 0.232277,0.527528 0.232793,0.524382 0.235890,0.517205 0.241421,0.506586 0.244665,0.499212 0.249974,0.496853 0.260003,0.493313 0.346278,0.465391 0.365302,0.456050 0.378575,0.444449 0.400550,0.421541 0.407702,0.413183 0.410936,0.409861 0.470512,0.411155 0.473109,0.410824 0.465809,0.422720 0.462269,0.429111 0.460721,0.432946 0.460942,0.436387 0.462343,0.439828 0.464481,0.443564 0.473846,0.453101 0.478418,0.457132 0.483875,0.461065 0.489037,0.463228 0.497812,0.464309 0.505480,0.464506 0.506144,0.474534 0.508946,0.490364 0.510200,0.496066 0.511306,0.503243 0.512559,0.508061 0.515435,0.515730 0.533280,0.556139 0.549798,0.594483 0.553632,0.608740 0.560416,0.626830 0.564398,0.640103 0.573468,0.663110 0.577081,0.666256 0.582906,0.668026 0.584750,0.668026 0.575975,0.672745 0.555181,0.685330 0.556139,0.678349 0.556360,0.663995 0.555844,0.652590 0.552968,0.634106 0.550093,0.623192 0.543825,0.611394 0.537041,0.604512 0.530994,0.599399 0.524653,0.595663 0.512486,0.593500 0.506292,0.594287 0.499139,0.596056 0.494641,0.597924 0.486751,0.602152 0.479377,0.606675 0.469201,0.616802 0.461311,0.626044 0.451430,0.639120 0.449144,0.642561 0.423704,0.644429 0.410209,0.644528 0.388973,0.643938 0.357412,0.644823 0.350186,0.642561 0.345540,0.637842 0.341263,0.631943 0.342517,0.629288 0.348785,0.620341 0.352177,0.612771 0.352767,0.608838 0.351661,0.603824 0.347826,0.595270 0.333668,0.574426 0.324230,0.561448 0.313685,0.550830 0.305426,0.544046 0.288761,0.537557 0.260667,0.533624 0.254104,0.531854 0.235153,0.527823 0.232277,0.527528
15 0.226641,0.412714 0.262406,0.384967 0.278720,0.372975 0.295975,0.361262 0.320760,0.345925 0.341361,0.334212 0.348054,0.332678 0.352551,0.332120 0.411532,0.335606 0.442173,0.340905 0.460474,0.344809 0.472396,0.347598 0.475951,0.349410 0.466435,0.356103 0.443219,0.376600 0.432343,0.386919 0.400656,0.419547 0.384656,0.437115 0.372107,0.449246 0.368447,0.451477 0.350355,0.447991 0.335191,0.445900 0.291687,0.437255 0.258014,0.428192 0.242536,0.423172 0.229360,0.418013 0.223712,0.415363
35 0.533217,0.511419 0.538364,0.508779 0.559546,0.505348 0.565287,0.503500 0.566871,0.506404 0.566871,0.511155 0.561526,0.514850 0.534207,0.521185 0.532029,0.517226
0 0.126596,0.541995 0.124167,0.548889 0.124633,0.557612 0.123379,0.564597 0.115927,0.585060 0.115486,0.603164 0.116445,0.608279 0.116445,0.618019 0.117109,0.635138 0.119323,0.644779 0.123381,0.653929 0.123529,0.659143 0.124783,0.665538 0.134818,0.688855 0.138286,0.694659 0.145665,0.705383 0.153560,0.715615 0.168391,0.733422 0.181746,0.747687 0.207424,0.767069 0.221370,0.776711 0.243137,0.787730 0.268225,0.795895 0.288590,0.798158 0.310062,0.798060 0.327549,0.795403 0.383332,0.779761 0.409084,0.771890 0.413583,0.761782 0.414748,0.753934 0.414489,0.749104 0.415265,0.741342 0.418370,0.729526 0.423933,0.704860 0.426649,0.694080 0.437128,0.665533 0.438810,0.660272 0.448642,0.644662 0.449224,0.643023 0.447478,0.642764 0.438357,0.643799 0.418823,0.644662 0.386934,0.644317 0.369598,0.645093 0.359961,0.645093 0.353880,0.644662 0.350129,0.642764 0.344954,0.637244 0.341138,0.632415 0.325549,0.634657 0.298252,0.637848 0.286934,0.638698 0.271473,0.638021 0.248899,0.632760 0.233633,0.627671 0.227165,0.625429 0.224513,0.631811 0.215069,0.653114 0.208636,0.651136 0.204202,0.648629 0.180361,0.633612 0.171602,0.626895 0.160153,0.615856 0.141007,0.592915 0.132533,0.567386 0.127100,0.540909
67 0.519237,0.359693 0.508730,0.370321 0.495505,0.386021 0.475488,0.416093 0.466973,0.431914 0.466339,0.436987 0.468241,0.440610 0.478205,0.451479 0.483911,0.456551 0.490342,0.458001 0.500759,0.458001 0.503567,0.457638 0.507280,0.435175
12 0.751061,0.400662 0.754166,0.400041 0.747336,0.392384 0.739730,0.382656 0.721569,0.363616 0.715360,0.356372 0.692697,0.337745 0.670807,0.326150 0.643954,0.317872 0.619429,0.312491 0.536695,0.304419 0.469949,0.307109 0.425244,0.310835 0.393734,0.316216 0.376346,0.320769 0.344293,0.331429 0.338782,0.333394 0.308978,0.349537 0.266990,0.378202 0.252943,0.389270 0.255581,0.389995 0.272192,0.376849 0.306262,0.354191 0.326909,0.342186 0.341342,0.333908 0.352287,0.331731 0.408633,0.335250 0.430054,0.338147 0.444955,0.340838 0.467773,0.345805 0.477707,0.349116 0.468239,0.355325 0.445421,0.375401 0.425397,0.395476 0.410961,0.409136 0.471809,0.410585 0.473982,0.409343 0.488883,0.386784 0.501922,0.368571 0.516203,0.354911 0.523033,0.349323 0.530794,0.343528 0.550973,0.336284 0.576119,0.329869 0.606232,0.327178 0.626566,0.326143 0.649384,0.328006 0.666769,0.331731 0.681826,0.338147 0.695175,0.344563 0.712560,0.358844 0.726006,0.371923 0.736099,0.382705 0.749074,0.398835
13 0.122926,0.495944 0.124184,0.466747 0.128967,0.441577 0.129538,0.440020 0.130981,0.439109 0.169024,0.427871 0.184514,0.424327 0.221114,0.412583 0.220887,0.415013 0.225215,0.417240 0.252804,0.427481 0.280133,0.435474 0.337544,0.447698 0.358770,0.449631 0.368670,0.452559 0.361477,0.457289 0.346049,0.464722 0.335468,0.468160 0.256579,0.493645 0.245733,0.497540 0.243323,0.499239 0.234848,0.516826 0.231030,0.526728 0.224626,0.545861 0.219579,0.573133 0.218321,0.595618 0.219579,0.600987 0.226627,0.626493 0.215049,0.653006 0.209511,0.651328 0.195919,0.643273 0.176538,0.630520 0.163198,0.619110 0.141300,0.592597 0.132994,0.567427 0.128967,0.549640 0.124939,0.528162 0.122926,0.495944
41 0.730763,0.381951 0.746669,0.400576 0.758781,0.400899 0.771216,0.405851 0.775818,0.410158 0.776949,0.411988 0.776545,0.416509 0.775091,0.420385 0.772669,0.428460 0.769846,0.432763 0.764436,0.434054 0.746592,0.435777 0.740778,0.434485 0.737952,0.418121
66 0.525448,0.355592 0.539344,0.348132 0.565602,0.338869 0.595198,0.333815 0.608102,0.332733 0.613786,0.333214 0.617937,0.345847 0.630480,0.386993 0.636705,0.419596 0.640314,0.440891 0.619831,0.443238 0.597333,0.445944 0.561007,0.450326 0.532756,0.453523 0.519853,0.400587
54 0.615216,0.327232 0.623405,0.326616 0.634247,0.356143 0.644512,0.386746 0.652701,0.415196 0.659044,0.438725 0.643704,0.439802 0.633439,0.386131 0.628134,0.366754 0.617753,0.334921
1 0.817497,0.487794 0.819049,0.492554 0.821222,0.504558 0.820446,0.518218 0.819049,0.532912 0.816566,0.551539 0.821067,0.546365 0.821688,0.536845 0.823240,0.523806 0.823085,0.493589 0.821533,0.486138 0.821378,0.483034
56 0.459899,0.629178 0.465452,0.621630 0.471985,0.614516 0.479389,0.607113 0.495393,0.598257 0.504539,0.595209 0.511290,0.594047 0.515100,0.594338 0.521742,0.595499 0.526532,0.597096 0.533065,0.601451 0.543735,0.611758 0.549614,0.623517 0.551465,0.630485 0.555276,0.651825 0.556038,0.673891 0.554514,0.686520 0.552445,0.700457 0.547110,0.700892 0.544062,0.700021 0.545041,0.688843 0.544933,0.683472 0.541884,0.664309 0.531867,0.642389 0.519238,0.627582 0.500950,0.618441 0.468505,0.620909
35 0.673770,0.480009 0.687627,0.478689 0.693764,0.477106 0.695744,0.479481 0.695744,0.482912 0.692972,0.485288 0.675750,0.489511 0.673374,0.488191 0.672978,0.483704
46 0.802420,0.521682 0.797810,0.519223 0.792124,0.521272 0.786438,0.532951 0.783826,0.542786 0.779677,0.564095 0.781367,0.583151 0.783826,0.590732 0.788897,0.594625 0.794737,0.591551 0.798270,0.586198 0.801498,0.578233 0.804725,0.563891 0.806416,0.548319 0.806416,0.532132 0.804572,0.523936
46 0.470952,0.684369 0.482323,0.671870 0.496308,0.667157 0.506296,0.669206 0.511982,0.672485 0.516438,0.681500 0.519051,0.690720 0.520741,0.699531 0.521356,0.712439 0.519512,0.736617 0.516438,0.751779 0.511367,0.766122 0.506296,0.774317 0.499227,0.783538 0.485243,0.793987 0.476023,0.795012 0.464344,0.792348 0.457429,0.781694 0.453280,0.767761 0.451743,0.751984 0.452972,0.730675 0.459119,0.707727 0.467110,0.689081
71 0.815833,0.447778 0.814245,0.446924 0.813723,0.448056 0.813266,0.452408 0.813266,0.456064 0.814506,0.463985 0.816596,0.469991 0.819794,0.473473 0.819403,0.467118 0.817771,0.456934
73 0.231532,0.528034 0.253200,0.532337 0.271794,0.535000 0.293308,0.539303 0.301760,0.543196 0.308214,0.546884 0.314515,0.552416 0.324657,0.562866 0.331419,0.572701 0.336951,0.579872 0.344327,0.591142 0.350166,0.601181 0.352318,0.607533 0.350166,0.616344 0.346632,0.623310 0.341100,0.630686 0.322659,0.634374 0.296228,0.637858 0.287008,0.638267 0.266723,0.636218 0.245055,0.630891 0.227076,0.624949 0.221083,0.604255 0.218931,0.595239 0.220161,0.578028 0.222927,0.557334 0.227537,0.538484
59 0.190475,0.540141 0.138782,0.508812 0.135791,0.544508 0.136219,0.550394 0.153307,0.567862 0.168117,0.580774 0.177943,0.587799 0.182073,0.590077 0.184351,0.589318 0.185918,0.585141 0.188766,0.567103 0.190475,0.549824
27 0.741903,0.437313 0.654624,0.445787 0.654033,0.439245 0.741208,0.432521
21 0.759667,0.401723 0.766217,0.404192 0.770347,0.407610 0.771629,0.411597 0.771629,0.417103 0.769920,0.428496 0.770632,0.430015 0.772483,0.429635 0.775473,0.419572 0.777182,0.411407 0.774049,0.407230 0.771059,0.404572 0.764224,0.402293
47 0.443243,0.514318 0.446661,0.516407 0.449509,0.520014 0.451930,0.524951 0.453354,0.530267 0.454208,0.543559 0.452927,0.552862 0.450364,0.559508 0.447088,0.565964 0.441250,0.570710 0.434129,0.573179 0.426867,0.572040 0.422310,0.569002 0.417468,0.563115 0.414762,0.555521 0.413338,0.547166 0.413338,0.536913 0.415047,0.528559 0.419034,0.520394 0.424019,0.514888 0.429715,0.512419 0.435696,0.511660
29 0.776293,0.457089 0.773360,0.457192 0.771816,0.457913 0.771353,0.460692 0.771507,0.464088 0.772819,0.466456 0.777606,0.465941 0.778300,0.463780 0.778146,0.459765
52 0.555031,0.686153 0.554177,0.698685 0.556313,0.701343 0.694872,0.626343 0.738163,0.602039 0.740584,0.595584 0.748559,0.590457 0.756818,0.585900 0.760236,0.587419 0.763939,0.583242 0.765078,0.580204 0.762942,0.578305 0.732752,0.592736 0.609145,0.655014
25 0.653636,0.439375 0.654505,0.445969 0.506964,0.463833 0.506964,0.457275
17 0.475393,0.721774 0.473558,0.724778 0.473808,0.729005 0.475894,0.731342 0.479148,0.732232 0.482152,0.728449 0.480233,0.724110
17 0.491497,0.729117 0.489328,0.733678 0.491915,0.736793 0.495002,0.739241 0.497171,0.738128 0.498006,0.734457 0.496754,0.732232 0.493500,0.729228
17 0.494835,0.711427 0.493250,0.715321 0.495586,0.719104 0.499174,0.719549 0.500676,0.716433 0.499591,0.711761 0.495336,0.710426
17 0.481484,0.739018 0.477980,0.740242 0.478814,0.745471 0.482569,0.747474 0.485990,0.747028 0.486825,0.744136 0.484822,0.740576
16 0.400025,0.300850 0.405000,0.308462 0.411524,0.315856 0.413644,0.318792 0.410953,0.320205 0.403613,0.322271 0.402064,0.313029 0.397741,0.304873 0.376619,0.268773 0.375559,0.266381 0.376212,0.264206 0.377272,0.264641
17 0.486491,0.706866 0.484822,0.709647 0.485573,0.713986 0.488577,0.714765 0.490496,0.712317 0.490746,0.708201 0.489078,0.705976
39 0.149496,0.470588 0.148028,0.466564 0.145826,0.466021 0.143788,0.467978 0.142157,0.471566 0.140199,0.477873 0.140362,0.492661 0.141178,0.499620 0.143951,0.503426 0.146397,0.502013 0.147539,0.497446 0.148844,0.491030 0.149986,0.476459
48 0.124750,0.655012 0.124045,0.659088 0.125691,0.668808 0.133451,0.686366 0.152263,0.713331 0.168019,0.731516 0.177895,0.740922 0.216225,0.768200 0.226337,0.773530 0.244679,0.780115 0.275484,0.783877 0.287007,0.775412 0.288183,0.772903 0.266078,0.772903 0.253850,0.770395 0.223750,0.758794 0.220693,0.761302 0.214109,0.759421 0.192240,0.744685 0.171546,0.726499 0.149206,0.701730 0.135332,0.681977 0.128513,0.666613
37 0.221043,0.762923 0.243062,0.771975 0.277192,0.775645 0.287651,0.774666 0.287101,0.772464 0.271504,0.772709 0.245815,0.768061 0.235906,0.763412 0.223795,0.759008 0.221593,0.759253
