56 0.639774,0.645433 0.648237,0.632630 0.657432,0.622540 0.665488,0.616248 0.673381,0.611582 0.681355,0.609738 0.689411,0.613101 0.692991,0.617984 0.696653,0.622649 0.700071,0.626989 0.704221,0.638272 0.705197,0.672231 0.704139,0.686336 0.699420,0.715629 0.697792,0.718450 0.692910,0.718233 0.690306,0.691001 0.687295,0.678632 0.682576,0.667566 0.673137,0.655523 0.660036,0.644673 0.647423,0.642829
7 0.558619,0.885195 0.530215,0.909842 0.535174,0.924570 0.550278,0.934789 0.576202,0.944107 0.599647,0.949818 0.613849,0.949217 0.626699,0.942303 0.641126,0.924269 0.661415,0.887299 0.672912,0.851831 0.684634,0.791115 0.690946,0.755047 0.691622,0.734908 0.690946,0.708458 0.688466,0.688320 0.681478,0.669985 0.671634,0.656409 0.658710,0.646540 0.646086,0.644737 0.638421,0.647141 0.631883,0.653754 0.621965,0.670887 0.611144,0.695533 0.590405,0.756850 0.562000,0.867461 0.562451,0.878883
29 0.882648,0.378083 0.881173,0.376378 0.879206,0.376247 0.877140,0.377427 0.876648,0.382148 0.877238,0.387656 0.878714,0.389230 0.880189,0.389361 0.881566,0.388443 0.883041,0.385296 0.883435,0.382148 0.883238,0.380444
48 0.284820,0.938119 0.290404,0.933043 0.303347,0.938119 0.321367,0.943533 0.347255,0.948609 0.370097,0.950301 0.391923,0.950301 0.404359,0.947594 0.406136,0.951993 0.400552,0.960792 0.386340,0.968237 0.365021,0.969929 0.302586,0.959438 0.271115,0.949625 0.230507,0.927290 0.175686,0.888374 0.128987,0.848443 0.101831,0.817649 0.098531,0.811219 0.133555,0.847428 0.157413,0.867394 0.178224,0.886006 0.222893,0.918830 0.253095,0.935073 0.281267,0.947933 0.287866,0.949625 0.284059,0.943195
41 0.841403,0.282291 0.845368,0.306964 0.849145,0.325343 0.849900,0.343974 0.854999,0.347751 0.868216,0.350016 0.877112,0.350449 0.890687,0.351024 0.898240,0.350016 0.903228,0.342742 0.905604,0.332644 0.906548,0.322322 0.905415,0.317287 0.899939,0.313258 0.889176,0.307719 0.877469,0.304446 0.868028,0.305453 0.864062,0.308475 0.861419,0.312503 0.861041,0.320056 0.861419,0.327609 0.858775,0.326602 0.858209,0.317035 0.856132,0.305957 0.852733,0.298404 0.846690,0.288837
17 0.639127,0.824473 0.637455,0.824866 0.636668,0.827620 0.636471,0.832735 0.637455,0.833259 0.638832,0.832735 0.639914,0.830374 0.640405,0.827751 0.640209,0.825915
69 0.755109,0.216076 0.769649,0.217838 0.779846,0.220607 0.790231,0.225391 0.798162,0.230678 0.806281,0.237476 0.817800,0.248302 0.827052,0.260890 0.834039,0.271716 0.838948,0.281284 0.841592,0.290851 0.848201,0.323329 0.849145,0.336169 0.849334,0.346240 0.794763,0.361850 0.789287,0.343470 0.783056,0.306712 0.771537,0.265674 0.758131,0.226902
9 0.537679,0.341296 0.613832,0.341296 0.606957,0.359770 0.603890,0.371335 0.605794,0.383394 0.620179,0.400880 0.633242,0.413713 0.645617,0.419213 0.655242,0.416463 0.668305,0.462297 0.676555,0.501714 0.704055,0.583297 0.715289,0.676122 0.721057,0.687017 0.716251,0.697271 0.698947,0.717780 0.702792,0.701757 0.705195,0.670995 0.704234,0.637669 0.699908,0.625492 0.688853,0.611392 0.680778,0.608405 0.672843,0.610169 0.664908,0.614410 0.653077,0.624447 0.645509,0.633832 0.639649,0.643457 0.631899,0.652036 0.622036,0.668498 0.608103,0.698548 0.589390,0.706312 0.581781,0.708040 0.532475,0.718877 0.504661,0.727734 0.493874,0.728452 0.480726,0.715211 0.490685,0.697920 0.496479,0.684983 0.497016,0.673323 0.496108,0.663299 0.488417,0.647277 0.475920,0.628692 0.452367,0.599211 0.435544,0.581907 0.419682,0.575498 0.396129,0.571653 0.352869,0.567807 0.305283,0.559050 0.326431,0.510762 0.349916,0.499510 0.409664,0.468064 0.440691,0.451260 0.465861,0.436649 0.477914,0.428918 0.485531,0.421038 0.525907,0.362718
72 0.032149,0.472862 0.032846,0.487816 0.036233,0.513519 0.040661,0.541305 0.042749,0.548956 0.049096,0.544783 0.045611,0.523244 0.042499,0.498602 0.043611,0.482362
52 0.691880,0.720514 0.693657,0.742848 0.698479,0.740141 0.858119,0.543531 0.863479,0.534733 0.861195,0.530333 0.853581,0.533379 0.698256,0.720175
7 0.897870,0.425210 0.891485,0.422074 0.885100,0.428347 0.880395,0.440893 0.877707,0.460160 0.865854,0.515929 0.863149,0.537871 0.843086,0.565524 0.842635,0.571235 0.867883,0.571836 0.878704,0.570333 0.885918,0.558911 0.892004,0.534264 0.897640,0.503906 0.902149,0.469942 0.904403,0.445295 0.900796,0.427862
17 0.653191,0.782640 0.650536,0.785394 0.649847,0.788804 0.650339,0.791820 0.651814,0.791951 0.653093,0.789328 0.653880,0.786443 0.654076,0.783952
21 0.903079,0.321332 0.904352,0.326035 0.903470,0.333874 0.903666,0.336749 0.904885,0.335031 0.905920,0.328910 0.906024,0.321166 0.905430,0.317935 0.900335,0.314146 0.892986,0.309704 0.887009,0.307091 0.879366,0.305131 0.872996,0.305001 0.868783,0.305654 0.879757,0.307352 0.889752,0.310357 0.896513,0.314669 0.901903,0.318980
66 0.739814,0.217083 0.745479,0.233448 0.752844,0.257114 0.765306,0.300670 0.773237,0.339190 0.775125,0.356311 0.775691,0.368647 0.742458,0.378466 0.681267,0.397937 0.664706,0.317778 0.661350,0.268913 0.661364,0.249077 0.665350,0.243110 0.675764,0.236172 0.692629,0.226420
17 0.649749,0.809523 0.647290,0.810572 0.647093,0.812408 0.646110,0.815293 0.646208,0.817129 0.647487,0.820277 0.649650,0.818047 0.650241,0.816080 0.650831,0.811753
67 0.656507,0.253780 0.656959,0.283870 0.656056,0.348866 0.652666,0.399272 0.651543,0.408145 0.641387,0.409348 0.630329,0.406339 0.622430,0.399117 0.611823,0.386178 0.610017,0.380762 0.610243,0.372036 0.630103,0.311554 0.647029,0.272135
3 0.741089,0.207861 0.727998,0.207446 0.699322,0.212433 0.677815,0.222407 0.661919,0.235706 0.659425,0.244018 0.659425,0.303032 0.655997,0.408176 0.657243,0.421059 0.662231,0.444332 0.669399,0.461787 0.672205,0.480904 0.682802,0.511658 0.691218,0.542827 0.701816,0.570256 0.710154,0.613062 0.715764,0.665011 0.718881,0.684544 0.721686,0.690778 0.739453,0.671245 0.759401,0.645063 0.795246,0.604335 0.796359,0.591684 0.799741,0.571510 0.798762,0.545996 0.799207,0.523568 0.805882,0.467912 0.806772,0.449400 0.806772,0.429700 0.805437,0.399321 0.797249,0.383894 0.789339,0.364888 0.778279,0.368646 0.776089,0.368483 0.773538,0.338982 0.769982,0.321402 0.765401,0.299585 0.762105,0.287252 0.755632,0.263593 0.743480,0.217062
54 0.740947,0.208019 0.748500,0.207264 0.762096,0.244274 0.767634,0.263070 0.774559,0.286571 0.780409,0.310317 0.789659,0.351783 0.789294,0.364507 0.777013,0.368396 0.774804,0.347906 0.774272,0.339066 0.768583,0.310913 0.766472,0.299723 0.763124,0.287953 0.758392,0.269450 0.755134,0.258357 0.746495,0.225643 0.740947,0.208019
12 0.853649,0.298374 0.840681,0.270710 0.826646,0.248945 0.794609,0.211518 0.768064,0.198703 0.734348,0.189143 0.699108,0.183040 0.669054,0.179175 0.594453,0.176938 0.530989,0.179582 0.470271,0.184057 0.411535,0.192196 0.392312,0.197281 0.363631,0.206841 0.324882,0.222707 0.372132,0.217746 0.470892,0.219367 0.508833,0.224223 0.581987,0.236091 0.607073,0.239675 0.571236,0.288652 0.538924,0.338980 0.556005,0.338824 0.615137,0.340019 0.642015,0.267150 0.659933,0.233702 0.681435,0.215783 0.702042,0.209810 0.724440,0.206227 0.748630,0.206227 0.763672,0.207550 0.793449,0.217349 0.821946,0.244489 0.845632,0.281992
59 0.081746,0.512404 0.079970,0.522218 0.080985,0.566548 0.080224,0.582115 0.185297,0.651486 0.191895,0.650471 0.197987,0.645057 0.200525,0.624076 0.204839,0.577709 0.195449,0.571618 0.169053,0.560113 0.120324,0.536763
0 0.040567,0.551986 0.037594,0.566762 0.037594,0.586223 0.031648,0.600998 0.027594,0.616495 0.027053,0.633793 0.029215,0.658659 0.035432,0.690373 0.045433,0.717041 0.054622,0.748755 0.068948,0.776864 0.099495,0.814342 0.143822,0.858669 0.204906,0.912476 0.248152,0.937343 0.292479,0.959326 0.328968,0.972660 0.378430,0.981670 0.407891,0.978426 0.447623,0.961849 0.485733,0.939865 0.526817,0.912476 0.549521,0.891935 0.561414,0.880042 0.562224,0.872834 0.561414,0.865987 0.579523,0.797515 0.590064,0.754269 0.608984,0.700572 0.589794,0.707780 0.534655,0.720033 0.505464,0.729403 0.494383,0.730123 0.482220,0.717870 0.480378,0.715235 0.446001,0.732286 0.397080,0.740935 0.364645,0.739854 0.304101,0.727601 0.292479,0.722916 0.285451,0.739493 0.279009,0.755683 0.269505,0.766522 0.260315,0.765801 0.244368,0.760035 0.217136,0.746288 0.177968,0.723124 0.150911,0.706459 0.120842,0.680030 0.098409,0.659849 0.069488,0.628135 0.059758,0.612639 0.050838,0.580925 0.044622,0.565789
46 0.896633,0.446583 0.890552,0.446785 0.885839,0.454691 0.882494,0.462799 0.879149,0.475367 0.871852,0.517125 0.872156,0.543680 0.874436,0.550369 0.877935,0.555028 0.881584,0.552798 0.884929,0.548947 0.887969,0.537190 0.893443,0.509216 0.897851,0.479013 0.898308,0.460769 0.898003,0.450431
73 0.432181,0.582394 0.437046,0.584826 0.453161,0.601448 0.480831,0.637530 0.489648,0.651112 0.496642,0.667936 0.496186,0.681112 0.495274,0.686788 0.491169,0.694491 0.485392,0.707262 0.475814,0.717194 0.460611,0.723681 0.446928,0.730370 0.402079,0.738073 0.383227,0.739695 0.364983,0.738681 0.323327,0.730776 0.298090,0.724492 0.292616,0.721654 0.287143,0.705032 0.282734,0.689221 0.279086,0.663274 0.288360,0.618881 0.294441,0.594556 0.302498,0.569218 0.304779,0.560704 0.343699,0.568007 0.361031,0.570237 0.385052,0.571858 0.409073,0.575102 0.422603,0.578345
58 0.897315,0.408479 0.899105,0.406092 0.904069,0.405007 0.904883,0.407828 0.906673,0.422909 0.906510,0.430070 0.905534,0.438532 0.904639,0.443414 0.902849,0.436471 0.900977,0.427249 0.897153,0.424319 0.891619,0.421498 0.885679,0.427140 0.888853,0.420522 0.891863,0.415640
5 0.748828,0.208012 0.757867,0.231285 0.769712,0.267857 0.783115,0.318143 0.790284,0.351390 0.790284,0.364689 0.793712,0.376326 0.805245,0.397521 0.806180,0.408742 0.806803,0.438664 0.805868,0.466925 0.799011,0.521783 0.798699,0.546718 0.799634,0.570407 0.795582,0.594927 0.795271,0.604485 0.831427,0.559601 0.861973,0.523445 0.869765,0.485211 0.876621,0.419969 0.875997,0.383397 0.874127,0.365942 0.867893,0.350565 0.859854,0.315014 0.852308,0.296954 0.843581,0.280746 0.837027,0.268191 0.817711,0.241680 0.801503,0.225888 0.775009,0.210095 0.755684,0.205940
47 0.607142,0.514090 0.602827,0.507999 0.594452,0.503262 0.588360,0.503262 0.581508,0.505969 0.576178,0.513075 0.571610,0.521873 0.568060,0.533384 0.567299,0.543874 0.567552,0.558087 0.568821,0.569254 0.573897,0.587528 0.578212,0.593957 0.587349,0.596665 0.596486,0.593619 0.605369,0.585159 0.610191,0.571961 0.612729,0.559102 0.613236,0.545566 0.612475,0.530338 0.609429,0.518833
11 0.889508,0.418585 0.881997,0.434607 0.869551,0.494977 0.874916,0.450058 0.878135,0.416868 0.876847,0.386540 0.875131,0.366226 0.868693,0.350204 0.876847,0.350707 0.894014,0.351920 0.897877,0.359932 0.900237,0.371090 0.905602,0.381104 0.908177,0.390546 0.909464,0.404279 0.907319,0.425738 0.906031,0.411432 0.904314,0.404852 0.898950,0.405710 0.892512,0.414579
35 0.721466,0.467830 0.716252,0.472675 0.705983,0.477941 0.696030,0.480890 0.692554,0.485525 0.692554,0.490580 0.694134,0.495215 0.699031,0.495215 0.704719,0.493108 0.719728,0.483629 0.725890,0.477731 0.726048,0.473096 0.724942,0.469936 0.722730,0.467830
39 0.114023,0.458028 0.117841,0.466589 0.118188,0.479314 0.117147,0.493196 0.114544,0.504996 0.110032,0.514020 0.105868,0.516102 0.100835,0.514945 0.098580,0.510549 0.096324,0.504302 0.093894,0.495047 0.093200,0.484636 0.093721,0.474224 0.095630,0.462656 0.100488,0.453401 0.103959,0.451318 0.109685,0.451318 0.112982,0.454095
13 0.034563,0.417567 0.038511,0.400299 0.174142,0.343349 0.174145,0.346189 0.177519,0.348465 0.184204,0.353716 0.192934,0.358824 0.224996,0.366601 0.284786,0.378532 0.324122,0.386867 0.361801,0.396380 0.406095,0.406893 0.422795,0.410295 0.443379,0.411745 0.490421,0.413577 0.483248,0.423387 0.476645,0.429585 0.450171,0.446328 0.379497,0.484504 0.353789,0.497335 0.326480,0.511145 0.310242,0.547400 0.305050,0.559239 0.292829,0.596115 0.278421,0.663308 0.282194,0.692005 0.291746,0.721958 0.279235,0.750602 0.269796,0.765031 0.258156,0.764077 0.231355,0.751598 0.146348,0.700236 0.073944,0.633430 0.060809,0.612028 0.052440,0.582267 0.041021,0.550693 0.049535,0.545015 0.043186,0.499811 0.043970,0.481736 0.032611,0.472717 0.031225,0.447169 0.032115,0.430972
28 0.668819,0.738218 0.672810,0.741457 0.674025,0.747704 0.673331,0.750017 0.668993,0.748398 0.666216,0.744002 0.665695,0.740763
37 0.285489,0.939645 0.308134,0.948936 0.322940,0.953116 0.340533,0.957297 0.355688,0.959387 0.381118,0.959847 0.395402,0.959615 0.400627,0.958918 0.406376,0.950325 0.382337,0.950789 0.358821,0.950093 0.326596,0.945912 0.295416,0.934299 0.291409,0.934067 0.288797,0.935693
25 0.787845,0.365622 0.790197,0.372939 0.657522,0.416576 0.655758,0.406124
17 0.635193,0.805196 0.633619,0.806901 0.632734,0.809392 0.632144,0.812408 0.632340,0.814769 0.633914,0.815424 0.635488,0.814769 0.636275,0.809261
15 0.323842,0.224510 0.290228,0.247079 0.252614,0.277850 0.179604,0.340593 0.175098,0.344469 0.177854,0.347853 0.190509,0.357446 0.234948,0.368089 0.312279,0.383507 0.398282,0.404706 0.422854,0.409525 0.466217,0.412415 0.487898,0.412415 0.503798,0.386398 0.527648,0.355562 0.543547,0.327617 0.580406,0.270763 0.602087,0.241855 0.581657,0.236677 0.495107,0.223959 0.466140,0.218778 0.368285,0.218778 0.338964,0.222546
35 0.828268,0.412428 0.824634,0.415377 0.817683,0.418115 0.811995,0.417694 0.809625,0.420432 0.809309,0.425277 0.811363,0.429280 0.815629,0.429701 0.820369,0.428016 0.827004,0.424224 0.829848,0.420432 0.829848,0.416430
46 0.650559,0.702400 0.658008,0.699968 0.667738,0.700373 0.673212,0.708684 0.677468,0.721657 0.680661,0.736860 0.681117,0.753280 0.680509,0.770104 0.678989,0.784699 0.676404,0.802538 0.667586,0.832741 0.660745,0.859701 0.652991,0.878553 0.647974,0.888080 0.640069,0.899027 0.629275,0.908554 0.617872,0.910378 0.609055,0.907540 0.606014,0.899838 0.602213,0.885243 0.599781,0.852809 0.604494,0.808011 0.609815,0.782064 0.620305,0.747198 0.631403,0.725306 0.641741,0.709698
27 0.849283,0.346678 0.850263,0.353211 0.790589,0.372677 0.788629,0.365230 0.799408,0.362095
17 0.645913,0.779231 0.644438,0.777264 0.641782,0.777788 0.641487,0.780673 0.641684,0.783689 0.642274,0.785656 0.643258,0.786574 0.644634,0.785919 0.645618,0.783952
19 0.647585,0.791951 0.644438,0.789853 0.642372,0.790508 0.640700,0.793000 0.638930,0.796541 0.638045,0.799163 0.637061,0.805983 0.636963,0.814900 0.638045,0.817260 0.640209,0.818572 0.642176,0.817523 0.643848,0.814900 0.646503,0.808343 0.647487,0.803884 0.648274,0.796803 0.647683,0.793787
16 0.417377,0.113055 0.421368,0.120690 0.426921,0.133184 0.432648,0.148455 0.442192,0.170435 0.446877,0.179690 0.449653,0.187788 0.450868,0.203058 0.459024,0.200513 0.465792,0.197505 0.461800,0.191490 0.454165,0.182235 0.420327,0.109816 0.418592,0.109122 0.417204,0.110047
