6 0.280702,0.331189 0.271303,0.350401 0.251880,0.403024 0.241228,0.443117 0.238095,0.474023 0.256892,0.491564 0.289474,0.514952 0.310150,0.532492 0.337719,0.536669 0.419173,0.540010 0.513784,0.541681 0.666040,0.533328 0.682957,0.525810 0.708020,0.506599 0.747494,0.473187 0.738095,0.425576 0.723058,0.377130 0.708020,0.342883 0.704261,0.328684 0.695489,0.335366 0.647870,0.338707 0.370301,0.339542 0.315163,0.338707 0.285088,0.333695
1 0.195489,0.528316 0.207393,0.540010 0.211153,0.558386 0.229323,0.574257 0.261278,0.594303 0.330827,0.622703 0.349624,0.628550 0.643484,0.630220 0.695489,0.605162 0.705514,0.602656 0.737469,0.590127 0.770050,0.564233 0.778822,0.550033 0.777569,0.540010 0.791353,0.532492 0.793860,0.595139 0.793860,0.661961 0.787594,0.721266 0.790727,0.741313 0.784461,0.759689 0.755013,0.789759 0.709273,0.809806 0.648496,0.814818 0.476190,0.821500 0.394737,0.818994 0.300752,0.809806 0.252506,0.798112 0.224937,0.782242 0.200501,0.758019 0.196115,0.727113 0.196742,0.698714 0.191729,0.669479 0.190476,0.614350 0.191103,0.553375
14 0.338536,0.190170 0.375503,0.184323 0.458210,0.177641 0.535904,0.178476 0.643047,0.185994 0.670616,0.249475 0.690666,0.301263 0.698185,0.322980 0.697559,0.331333 0.683148,0.336345 0.542170,0.340521 0.443173,0.335509 0.363599,0.336345 0.306581,0.333839 0.288411,0.332168 0.281518,0.329663 0.282772,0.316298 0.313473,0.236946 0.331017,0.200194
70 0.674185,0.531657 0.669173,0.556716 0.664160,0.589292 0.681078,0.600986 0.699248,0.605162 0.723058,0.597644 0.748120,0.582609 0.769424,0.565068 0.777569,0.550869 0.775063,0.530822 0.766291,0.481540 0.760652,0.462329 0.752506,0.468176 0.731203,0.487387 0.709900,0.502422 0.686090,0.521634
71 0.223684,0.459823 0.238722,0.477364 0.258772,0.493234 0.281328,0.508269 0.309524,0.532492 0.326441,0.588456 0.325188,0.587621 0.287594,0.604327 0.258772,0.592633 0.233709,0.579268 0.212406,0.556716 0.207393,0.544186 0.208020,0.514116 0.218045,0.470682
63 0.313283,0.533328 0.352757,0.536669 0.431078,0.540010 0.544486,0.540845 0.602757,0.539175 0.643484,0.536669 0.672306,0.531657 0.666667,0.562563 0.662907,0.590127 0.695489,0.606833 0.664160,0.621868 0.640977,0.629385 0.597118,0.632726 0.520677,0.634397 0.367794,0.630220 0.343985,0.627715 0.316416,0.617691 0.290100,0.604327 0.327694,0.586786 0.322682,0.568410
60 0.290100,0.701219 0.308897,0.789759 0.463033,0.797277 0.508145,0.796442 0.573935,0.797277 0.651003,0.795606 0.679198,0.792265 0.692356,0.706231 0.637845,0.709572 0.615288,0.709572 0.609023,0.740478 0.596491,0.746325 0.387845,0.742984 0.377820,0.732125 0.374060,0.710408 0.336466,0.707066
61 0.693609,0.705396 0.719925,0.697878 0.751253,0.682843 0.778822,0.659455 0.786967,0.649432 0.786967,0.674490 0.781955,0.713749 0.771303,0.742148 0.742481,0.763030 0.741855,0.764701 0.704261,0.788924 0.678571,0.792265
41 0.274436,0.323672 0.275063,0.297778 0.268170,0.286084 0.253133,0.286084 0.230576,0.291931 0.221805,0.298613 0.224311,0.315319 0.229950,0.333695 0.240602,0.335366 0.260025,0.342883 0.269424,0.343719
32 0.747280,0.692378 0.738572,0.697201 0.729193,0.701131 0.725978,0.704882 0.720619,0.721138 0.718073,0.730963 0.717404,0.738644 0.724236,0.735607 0.742457,0.724532 0.755721,0.713457 0.762688,0.705239 0.768985,0.696308 0.771530,0.690413 0.774478,0.680945 0.776085,0.672192 0.775817,0.669334 0.772334,0.673621 0.766573,0.678444
59 0.377820,0.653608 0.502506,0.649432 0.610902,0.650267 0.614035,0.671985 0.614035,0.697043 0.611529,0.729619 0.602757,0.741313 0.387218,0.742148 0.379073,0.733796 0.375940,0.723772 0.374687,0.666973
62 0.197995,0.651103 0.201128,0.690361 0.206767,0.724607 0.222431,0.745489 0.244987,0.763866 0.273183,0.778065 0.297619,0.788089 0.307644,0.790595 0.302005,0.757183 0.288221,0.697043 0.266291,0.694537 0.250000,0.687855 0.229950,0.675326 0.217419,0.664467
39 0.492297,0.552556 0.487560,0.553148 0.479420,0.558279 0.472019,0.568542 0.468318,0.576834 0.466542,0.592622 0.469502,0.603871 0.472462,0.610384 0.475867,0.614923 0.484747,0.621830 0.490520,0.623212 0.496885,0.623606 0.502805,0.622027 0.508282,0.618475 0.513610,0.613147 0.519383,0.596964 0.520419,0.587688 0.518791,0.578215 0.515090,0.567953 0.509022,0.560256 0.497181,0.552757
40 0.721805,0.286084 0.739348,0.285249 0.756892,0.291931 0.769424,0.299449 0.764411,0.317825 0.755013,0.332025 0.752506,0.333695 0.729950,0.340378 0.714912,0.341213 0.708647,0.327013 0.706767,0.319495 0.714286,0.322837 0.712406,0.308637 0.714286,0.291931
18 0.292176,0.668686 0.289760,0.673163 0.288750,0.677200 0.288616,0.682135 0.289760,0.688056 0.291509,0.690658 0.293259,0.692542 0.295950,0.694516 0.298642,0.695234 0.303218,0.694516 0.306784,0.690389 0.308130,0.686800 0.308870,0.682045 0.308870,0.677290 0.308736,0.676034 0.307928,0.673701 0.305640,0.670202 0.302747,0.668138 0.299853,0.666972 0.297094,0.666433 0.295076,0.666882 0.292384,0.668138
33 0.212582,0.674866 0.214592,0.685763 0.218611,0.695410 0.225172,0.705588 0.232407,0.713091 0.248752,0.725774 0.265767,0.735599 0.270724,0.736671 0.268849,0.727739 0.261480,0.703087 0.235355,0.689332 0.218875,0.677899 0.212311,0.671469
21 0.257466,0.287077 0.248394,0.287962 0.239186,0.290004 0.233506,0.292345 0.225968,0.297715 0.225245,0.302121 0.226174,0.307491 0.227826,0.313687 0.228756,0.319470 0.231854,0.320571 0.237534,0.321260 0.265622,0.326216 0.270373,0.324977 0.273264,0.320571 0.273574,0.312723 0.274503,0.301294 0.273677,0.294823 0.268617,0.289178
16 0.490909,0.125695 0.488918,0.126875 0.489360,0.153723 0.490688,0.154608 0.492458,0.154608 0.492237,0.127170
11 0.283781,0.315274 0.274931,0.321174 0.274193,0.327468 0.268293,0.344776 0.260180,0.364051 0.233923,0.420892 0.220057,0.449214 0.205306,0.478126 0.199110,0.500744 0.197783,0.517462 0.196160,0.530836 0.200733,0.533000 0.207223,0.539883 0.208256,0.548537 0.209878,0.549717 0.210148,0.526874 0.215006,0.491058 0.218435,0.476198 0.219578,0.468578 0.220721,0.464005 0.224436,0.461719 0.227579,0.462862 0.230151,0.468197 0.237009,0.473912 0.238438,0.469721 0.238438,0.460195 0.243868,0.429333 0.249583,0.406471 0.258156,0.380943 0.264729,0.366083 0.269301,0.353891 0.274445,0.343222 0.279588,0.335221 0.281251,0.333221 0.281833,0.328178 0.283966,0.320808 0.285421,0.316929
20 0.714526,0.295511 0.716901,0.290968 0.722065,0.287525 0.729603,0.286699 0.747055,0.287939 0.753458,0.289866 0.760377,0.293171 0.765024,0.296475 0.766883,0.300744 0.766366,0.307628 0.764714,0.315477 0.762959,0.319332 0.742512,0.322636 0.729603,0.323738 0.713184,0.323463 0.713493,0.316853 0.712667,0.305287 0.714216,0.296200
10 0.697659,0.316703 0.700756,0.314639 0.706285,0.316703 0.707613,0.322012 0.719336,0.356223 0.725529,0.370379 0.765785,0.451187 0.777951,0.474190 0.785914,0.504567 0.789453,0.525211 0.789895,0.531699 0.776845,0.538483 0.774854,0.525506 0.769546,0.498668 0.762246,0.467407 0.759813,0.461509 0.756717,0.463573 0.749639,0.473600 0.746100,0.469766 0.744109,0.451776 0.740791,0.430247 0.737031,0.412552 0.725087,0.377752 0.719336,0.365660 0.706285,0.334399 0.701862,0.328205
12 0.287214,0.320513 0.285151,0.316113 0.280613,0.315838 0.276488,0.318588 0.285151,0.294934 0.298147,0.262754 0.316713,0.221773 0.324964,0.204720 0.332390,0.191793 0.340023,0.180241 0.347655,0.172540 0.356732,0.165114 0.389534,0.160166 0.444817,0.155765 0.511240,0.153015 0.561986,0.155215 0.619539,0.163191 0.629853,0.167042 0.638929,0.173093 0.649037,0.186020 0.665746,0.217375 0.677298,0.241579 0.706796,0.317491 0.701227,0.315291 0.698133,0.316391 0.677504,0.262207 0.662652,0.225901 0.649656,0.198397 0.643261,0.188771 0.626759,0.186845 0.576013,0.182995 0.502783,0.180244 0.476587,0.179970 0.391599,0.183820 0.367257,0.186021 0.339409,0.190146 0.332602,0.202798 0.319193,0.233603 0.293202,0.299063
30 0.289354,0.332964 0.299463,0.329221 0.312660,0.326600 0.343827,0.325102 0.367693,0.335959 0.355339,0.335959 0.342423,0.332216 0.329787,0.331467 0.313221,0.331467 0.292162,0.335959
22 0.408688,0.331093 0.437889,0.324728 0.463722,0.322107 0.508086,0.320236 0.524933,0.324354 0.540657,0.329969 0.541780,0.332590 0.528021,0.329595 0.517913,0.328472 0.457264,0.327723 0.436205,0.330344 0.408969,0.335211
31 0.407003,0.337457 0.383417,0.333713 0.366851,0.328472 0.358708,0.332590 0.385944,0.337831 0.403915,0.339329
23 0.606641,0.338580 0.594286,0.332590 0.540657,0.322107 0.526617,0.320984 0.506120,0.321733 0.503312,0.324354 0.508366,0.325477 0.520159,0.324728 0.560031,0.330718 0.586986,0.338955
