69 0.230511,0.516667 0.231938,0.506677 0.234765,0.488948 0.240986,0.469619 0.244164,0.460876 0.250103,0.447268 0.256977,0.436940 0.270751,0.438440 0.286525,0.441439 0.299633,0.446272 0.306520,0.450437 0.320072,0.464934 0.328070,0.475265 0.336068,0.487428 0.338290,0.493260 0.332513,0.507590 0.330519,0.523440 0.322743,0.514942 0.315634,0.513942 0.306969,0.513775 0.294084,0.514275 0.285641,0.513942 0.265868,0.517275 0.261647,0.518608 0.252983,0.522940 0.234074,0.517778
66 0.181009,0.445101 0.178994,0.447836 0.174566,0.453766 0.165902,0.465430 0.162347,0.475594 0.159681,0.486092 0.157681,0.494423 0.170567,0.498589 0.203003,0.508920 0.213223,0.511752 0.214778,0.502754 0.220777,0.487091 0.236773,0.451767 0.243660,0.439603 0.244771,0.435270 0.226553,0.434937 0.209668,0.436104 0.198560,0.437603 0.188340,0.441102 0.183897,0.443602
17 0.403401,0.751834 0.402651,0.753970 0.403401,0.756107 0.404300,0.758356 0.405200,0.759480 0.406699,0.760267 0.408198,0.760379 0.409847,0.759592 0.410597,0.758468 0.410597,0.757344 0.409397,0.754982 0.406849,0.752171
12 0.143872,0.459847 0.148741,0.465375 0.170720,0.449187 0.183881,0.442277 0.190593,0.439612 0.203754,0.435762 0.211255,0.434183 0.221652,0.433196 0.253107,0.433492 0.268242,0.435269 0.289066,0.440598 0.303675,0.446125 0.313546,0.453923 0.318284,0.458957 0.331586,0.476641 0.348432,0.500726 0.362450,0.527107 0.367961,0.534684 0.391839,0.531699 0.366124,0.499095 0.328163,0.446515 0.338571,0.443530 0.361532,0.442153 0.459185,0.438980 0.503981,0.438212 0.544425,0.436676 0.570791,0.435908 0.589300,0.438404 0.635120,0.463746 0.671469,0.482560 0.698090,0.499455 0.724762,0.514644 0.735257,0.519635 0.742680,0.519635 0.740633,0.517716 0.726554,0.512148 0.703516,0.497173 0.659488,0.472215 0.588839,0.436890 0.557577,0.429388 0.539915,0.426700 0.488650,0.420738 0.384927,0.415740 0.349091,0.416316 0.269429,0.420350 0.205691,0.427261 0.191612,0.431485 0.177277,0.436668 0.152959,0.452411
25 0.152138,0.493892 0.152445,0.496660 0.221641,0.518342 0.221641,0.514421
21 0.257105,0.536361 0.262989,0.538016 0.283586,0.539395 0.322206,0.539671 0.328826,0.535809 0.331401,0.529464 0.331033,0.525327 0.325516,0.520085 0.321102,0.514292 0.283954,0.514292 0.275862,0.516223 0.262989,0.517878 0.257472,0.520085 0.253059,0.525327 0.254162,0.529464 0.254530,0.534706
17 0.415552,0.764436 0.414202,0.765560 0.413153,0.767809 0.413753,0.770170 0.415252,0.770958 0.416751,0.770958 0.417650,0.769833 0.417950,0.767584 0.417201,0.765335
61 0.969198,0.712983 0.972876,0.709673 0.971037,0.714363 0.969934,0.720156 0.972876,0.735052 0.974347,0.741121 0.967863,0.747088 0.966174,0.743471 0.964328,0.740212 0.964784,0.733672 0.966623,0.719880
46 0.107737,0.585824 0.110055,0.581882 0.114538,0.578868 0.118093,0.578520 0.120876,0.579563 0.125822,0.585012 0.130614,0.594751 0.132932,0.604489 0.133087,0.613300 0.132932,0.632197 0.131541,0.639385 0.129377,0.643095 0.126904,0.646457 0.123194,0.648196 0.117475,0.647616 0.115156,0.644834 0.111292,0.638690 0.108200,0.630690 0.105727,0.621415 0.104645,0.605069 0.106500,0.589186
17 0.423048,0.758364 0.421548,0.758701 0.421398,0.760950 0.421998,0.764323 0.423647,0.765111 0.425147,0.765111 0.426196,0.763986 0.426646,0.762749 0.426346,0.761512 0.424397,0.759264
14 0.727850,0.518299 0.730154,0.521371 0.729130,0.523099 0.720427,0.524635 0.635238,0.532271 0.573116,0.537511 0.519646,0.541939 0.485366,0.544040 0.456656,0.544672 0.431789,0.544426 0.419942,0.544818 0.405423,0.542698 0.395440,0.538091 0.390113,0.526461 0.373942,0.506989 0.329118,0.446469 0.338845,0.443781 0.386200,0.442245 0.549354,0.437053 0.572392,0.436669 0.589286,0.438973 0.614884,0.453756 0.672773,0.484426
7 0.441899,0.678903 0.425948,0.663558 0.420745,0.662254 0.412764,0.661729 0.405135,0.663029 0.385369,0.670312 0.378780,0.675514 0.373231,0.682016 0.368723,0.691119 0.364908,0.703343 0.363521,0.716608 0.363175,0.734554 0.366979,0.759821 0.371140,0.774647 0.377036,0.787651 0.385011,0.802476 0.390907,0.811319 0.400963,0.822503 0.414835,0.831606 0.428706,0.835768 0.446739,0.840189 0.462344,0.841750 0.474828,0.840189 0.487312,0.836808 0.499102,0.827705 0.500490,0.816521 0.490433,0.811319 0.487312,0.799615 0.485925,0.776987 0.481763,0.757741 0.476908,0.743176 0.468586,0.721328 0.459916,0.704422 0.446739,0.687516
27 0.226275,0.519736 0.252723,0.526886 0.252416,0.524579 0.253954,0.523426 0.222585,0.515122 0.222585,0.518582
0 0.089148,0.532456 0.086303,0.545762 0.083123,0.552163 0.088646,0.576515 0.092328,0.582540 0.092830,0.579151 0.094839,0.577143 0.096345,0.576641 0.095843,0.569486 0.096680,0.565218 0.099692,0.556180 0.096010,0.554172 0.095508,0.548649 0.095675,0.544381 0.090989,0.540364
70 0.940728,0.610854 0.938089,0.623390 0.934570,0.627020 0.939849,0.653413 0.946887,0.656052 0.953045,0.657372 0.957444,0.655062 0.958763,0.649784 0.949966,0.627679
9 0.143263,0.460288 0.148553,0.465781 0.137973,0.474937 0.134311,0.479210 0.137567,0.487756 0.141229,0.491418 0.147259,0.494243 0.145309,0.495730 0.135606,0.498297 0.130264,0.501662 0.125966,0.509782 0.125110,0.525926 0.128615,0.557341 0.133121,0.565830 0.139620,0.581655 0.147217,0.609804 0.148595,0.622622 0.144891,0.623569 0.137567,0.593965 0.132277,0.582367 0.127394,0.568633 0.120070,0.558562 0.114374,0.552458 0.108270,0.549101 0.103388,0.550325 0.100605,0.552772 0.099699,0.555730 0.096140,0.553919 0.095940,0.549707 0.096008,0.544424 0.091767,0.540120 0.089553,0.531707 0.087519,0.512785 0.092808,0.490506 0.098505,0.486538 0.111932,0.480129 0.121291,0.477382 0.127801,0.474330 0.137160,0.466395
52 0.146312,0.621091 0.185299,0.641505 0.258124,0.677366 0.326168,0.712400 0.345661,0.721779 0.345294,0.732537 0.311088,0.716538 0.251504,0.687021 0.158450,0.639574 0.143871,0.630557 0.141402,0.623110
46 0.392009,0.696797 0.397847,0.694807 0.403684,0.694011 0.414298,0.698787 0.422258,0.703961 0.429157,0.713911 0.436056,0.721474 0.444546,0.733016 0.448354,0.746594 0.449853,0.761275 0.450915,0.780778 0.448261,0.794708 0.442954,0.805057 0.438709,0.810629 0.433933,0.814211 0.421197,0.815803 0.412175,0.813017 0.405276,0.807843 0.393071,0.793514 0.387233,0.783962 0.381396,0.771225 0.374497,0.745753 0.374497,0.731424 0.376620,0.715902 0.383519,0.701573
41 0.358004,0.516261 0.353356,0.536493 0.349779,0.557002 0.346642,0.556576 0.333969,0.552315 0.271040,0.546415 0.259240,0.544776 0.253559,0.539860 0.253559,0.531338 0.255307,0.523472 0.263173,0.518555 0.287646,0.514622 0.307748,0.514294 0.320859,0.515278 0.331347,0.525438 0.333969,0.508067 0.339213,0.494629
3 0.180704,0.444730 0.188028,0.441068 0.205525,0.435880 0.219766,0.434048 0.246621,0.433743 0.234821,0.452971 0.224649,0.472504 0.218138,0.493562 0.214476,0.513705 0.220684,0.514441 0.207444,0.532096 0.203490,0.548780 0.203720,0.575332 0.206338,0.591226 0.208363,0.605751 0.208300,0.612926 0.201665,0.629219 0.200580,0.648776 0.148967,0.622661 0.147746,0.610148 0.140015,0.581154 0.133912,0.566200 0.128622,0.556433 0.125774,0.525913 0.126588,0.510043 0.130250,0.502108 0.135946,0.498751 0.145712,0.496309 0.154663,0.487458 0.164429,0.467010 0.172973,0.454497
47 0.106957,0.501851 0.103279,0.504609 0.100705,0.507368 0.099233,0.515092 0.099233,0.520333 0.100705,0.525574 0.105210,0.526520 0.109532,0.523643 0.111371,0.519506 0.111003,0.506540 0.109532,0.503506
6 0.741731,0.517230 0.744218,0.520339 0.738416,0.522825 0.651789,0.532459 0.506637,0.543230 0.463172,0.545404 0.439990,0.545404 0.419706,0.544752 0.406667,0.543448 0.407246,0.547577 0.413040,0.552797 0.431295,0.562359 0.441727,0.566489 0.471573,0.581484 0.522572,0.605825 0.537640,0.613649 0.568646,0.632774 0.575322,0.638028 0.587203,0.641288 0.610964,0.644766 0.684566,0.658675 0.703690,0.663673 0.713832,0.664108 0.727741,0.663239 0.796076,0.656294 0.880978,0.642385 0.934876,0.628693 0.936614,0.625433 0.938063,0.618911 0.934876,0.609348 0.921546,0.596960 0.902118,0.581484 0.887919,0.573225 0.873430,0.566053 0.854595,0.557795 0.828226,0.548450 0.778966,0.531281
1 0.957776,0.644388 0.957239,0.654040 0.953486,0.658464 0.951877,0.664899 0.945443,0.672138 0.935791,0.678170 0.898792,0.687420 0.807636,0.705115 0.754015,0.713561 0.696104,0.708735 0.673047,0.709137 0.642483,0.707126 0.600658,0.702300 0.551863,0.694659 0.535125,0.691221 0.529579,0.688380 0.520652,0.686250 0.491393,0.680964 0.477190,0.680152 0.443646,0.679747 0.449462,0.689688 0.460289,0.704010 0.468675,0.720445 0.480176,0.750494 0.486127,0.773522 0.488154,0.798597 0.490183,0.806003 0.492077,0.810568 0.497081,0.814220 0.532655,0.820915 0.603334,0.831814 0.685238,0.832691 0.761292,0.822160 0.836290,0.805185 0.882703,0.792899 0.938476,0.774763 0.967337,0.763062 0.978258,0.754579 0.978648,0.748436 0.976308,0.741123 0.973578,0.737027 0.969288,0.721816 0.970068,0.714796 0.973188,0.711578 0.974358,0.707483 0.980598,0.702473 0.980598,0.671173 0.973578,0.659765 0.964607,0.651282
59 0.799088,0.725664 0.856712,0.713787 0.937209,0.693332 0.941608,0.692672 0.943368,0.695641 0.946447,0.732610 0.942928,0.734920 0.825920,0.763952 0.809645,0.767581 0.797328,0.766262 0.795569,0.760653 0.797328,0.741848 0.796449,0.729641
7 0.117489,0.560779 0.110901,0.564160 0.105352,0.569102 0.102578,0.575084 0.100150,0.586788 0.100497,0.601093 0.099804,0.611757 0.106046,0.641147 0.109514,0.650250 0.116796,0.658313 0.127199,0.664035 0.137950,0.664815 0.155289,0.662995 0.167079,0.660914 0.172281,0.656492 0.174362,0.649210 0.174362,0.647129 0.154942,0.637766 0.148006,0.633604 0.143151,0.627882 0.139683,0.609416 0.135522,0.593030 0.131014,0.582887 0.126159,0.568322 0.123385,0.563900
56 0.096162,0.576785 0.096455,0.565675 0.098509,0.557314 0.101442,0.553354 0.105549,0.550274 0.108776,0.550274 0.113469,0.552474 0.117576,0.555994 0.121390,0.562155 0.117581,0.560266 0.110243,0.564010 0.104380,0.569026 0.101171,0.576276
35 0.209858,0.546087 0.226902,0.551331 0.230835,0.554609 0.227339,0.558870 0.219473,0.558214 0.209858,0.555265 0.206799,0.549693
29 0.347762,0.589748 0.350461,0.589635 0.353009,0.590422 0.360355,0.594245 0.361105,0.596044 0.360805,0.599193 0.359006,0.601217 0.356607,0.602116 0.353459,0.602116 0.343264,0.598068 0.343264,0.594245 0.344314,0.591659 0.346563,0.590422
71 0.512462,0.632726 0.525614,0.632726 0.554548,0.635883 0.583482,0.642196 0.608207,0.645352 0.640824,0.651665 0.670810,0.658768 0.692906,0.662319 0.700271,0.664291 0.729731,0.694278 0.698692,0.706115 0.685541,0.707299 0.648715,0.706510 0.611890,0.702959 0.551917,0.694673 0.534031,0.690727 0.530874,0.687965 0.510883,0.652455 0.507727,0.643774 0.507727,0.637461 0.509831,0.634699
40 0.694425,0.490770 0.701979,0.490437 0.708200,0.490604 0.714865,0.492770 0.721529,0.495436 0.722418,0.498435 0.721529,0.504101 0.720196,0.506767 0.716864,0.505100
5 0.254192,0.435255 0.261110,0.435560 0.272910,0.437696 0.288778,0.441664 0.302613,0.446242 0.314413,0.455398 0.323364,0.466385 0.346158,0.498360 0.356460,0.518978 0.355102,0.533224 0.351440,0.559166 0.341267,0.575952 0.338012,0.612270 0.339240,0.676700 0.335985,0.693181 0.335982,0.716073 0.201708,0.649235 0.202522,0.629702 0.209032,0.613526 0.209032,0.605897 0.204556,0.575377 0.204556,0.549129 0.208218,0.532649 0.221239,0.514337 0.228563,0.516778 0.243622,0.463348
17 0.417806,0.739921 0.416756,0.741046 0.416756,0.744419 0.417956,0.745656 0.419455,0.746218 0.420804,0.745094 0.420954,0.741496 0.420654,0.740259 0.419155,0.739697
43 0.101426,0.576465 0.096983,0.577132 0.093651,0.578298 0.092984,0.579798 0.094539,0.612623 0.096761,0.615956 0.099259,0.618889 0.100741,0.618889 0.099259,0.612222 0.100217,0.600884 0.099427,0.586630
28 0.407454,0.793011 0.405955,0.792561 0.404456,0.793236 0.403706,0.794360 0.403556,0.795484 0.405205,0.796496 0.408204,0.796496 0.409553,0.795259 0.409703,0.794023 0.409253,0.792898
54 0.245868,0.435607 0.254533,0.436441 0.242758,0.460768 0.234094,0.487762 0.231872,0.501592 0.229650,0.516755 0.214815,0.512222 0.215303,0.505955 0.217209,0.499092 0.224763,0.480430 0.234982,0.457935 0.243869,0.441106
11 0.368889,0.535556 0.388417,0.532849 0.391744,0.532856 0.394373,0.539054 0.400070,0.541496 0.405662,0.543359 0.406987,0.548210 0.411870,0.552788 0.421228,0.557977 0.443607,0.567743 0.530682,0.610471 0.557944,0.626646 0.569337,0.635192 0.571371,0.637939 0.534344,0.632445 0.522137,0.632140 0.513593,0.633361 0.508303,0.636718 0.509117,0.644653 0.513186,0.657166 0.530370,0.687778 0.491620,0.680667 0.478193,0.680056 0.443200,0.679446 0.427331,0.663575 0.417973,0.656861 0.409016,0.651677 0.398437,0.648320 0.387451,0.647099 0.375651,0.648930 0.365479,0.654729 0.357341,0.666937 0.352865,0.679145 0.351645,0.691963 0.347576,0.692879 0.342693,0.696236 0.341879,0.705392 0.342286,0.720652 0.335776,0.716989 0.335776,0.705697 0.340252,0.672125 0.338624,0.608949 0.341065,0.575072 0.351238,0.559812 0.363444,0.561033 0.372396,0.560727 0.376872,0.558591 0.376872,0.552182 0.374431,0.545773 0.370769,0.540889
39 0.847916,0.651689 0.839907,0.654562 0.835380,0.658218 0.834336,0.669449 0.843389,0.685902 0.852443,0.690865 0.860452,0.692693 0.872292,0.690081 0.875426,0.682246 0.875426,0.672583 0.873684,0.665009 0.869158,0.659002 0.861149,0.654823 0.852095,0.652473
17 0.406262,0.739247 0.405512,0.740484 0.406262,0.742733 0.407311,0.743857 0.408960,0.744644 0.410460,0.744419 0.411359,0.743295 0.411659,0.742058 0.409710,0.739697 0.408211,0.739022
19 0.416001,0.747457 0.413153,0.746670 0.411654,0.746895 0.410005,0.748919 0.409705,0.751955 0.410154,0.754878 0.411654,0.758027 0.414202,0.761063 0.417201,0.761962 0.419000,0.759938 0.419899,0.757914 0.419000,0.752180 0.417800,0.749931
33 0.573363,0.762993 0.583403,0.764453 0.607240,0.766252 0.620134,0.768051 0.639323,0.769625 0.642322,0.770187 0.664360,0.771424 0.670657,0.772211 0.672156,0.773223 0.676054,0.780420 0.680102,0.785255 0.680701,0.787616 0.679952,0.789865 0.678453,0.790652 0.676804,0.790989 0.660919,0.790760 0.617890,0.786380 0.606946,0.784919 0.597501,0.783232 0.591804,0.781433 0.587156,0.778734 0.574563,0.768165 0.571565,0.764904 0.570665,0.762993
50 0.350575,0.557231 0.358610,0.517004 0.366914,0.534743 0.374760,0.550577 0.375108,0.555221 0.372425,0.558006 0.367797,0.558422 0.362811,0.558870 0.354508,0.558870 0.350575,0.557231
63 0.695717,0.708178 0.746302,0.713457 0.762578,0.713787 0.795129,0.709168 0.858911,0.696631 0.932811,0.678486 0.942048,0.674857 0.947327,0.669908 0.953925,0.657042 0.943808,0.655062 0.938969,0.653413 0.933690,0.628339 0.907298,0.635597 0.833398,0.650113 0.793369,0.656712 0.733986,0.662650 0.701435,0.663970 0.730907,0.694322
67 0.177676,0.447601 0.165902,0.454099 0.155682,0.461598 0.141013,0.473925 0.139014,0.476757 0.138570,0.483422 0.139458,0.487254 0.141235,0.489587 0.144790,0.492086 0.149233,0.492586 0.152788,0.483922 0.157231,0.475424 0.161897,0.467759 0.167451,0.461260
45 0.352348,0.692817 0.346350,0.692984 0.345239,0.694983 0.347238,0.751470 0.348571,0.760134 0.355236,0.764467 0.367900,0.765466 0.364789,0.752136 0.361574,0.734505 0.362123,0.719311 0.363678,0.702648 0.367455,0.691151
60 0.701805,0.766227 0.736004,0.765125 0.794853,0.756849 0.795956,0.764849 0.797059,0.766780 0.809565,0.767884 0.835679,0.761815 0.935684,0.737275 0.943075,0.735252 0.947177,0.732758 0.946755,0.724574 0.947491,0.721264 0.958157,0.717953 0.968088,0.713816 0.964778,0.727057 0.964042,0.740298 0.967352,0.747470 0.957422,0.754642 0.940503,0.762366 0.910711,0.771746 0.849655,0.788849 0.743728,0.812572 0.726073,0.813952 0.729384,0.806779 0.721660,0.798228 0.711729,0.783056
18 0.743807,0.749915 0.741718,0.746520 0.738932,0.745475 0.734058,0.744691 0.728486,0.745997 0.725701,0.748347 0.724308,0.752004 0.723960,0.755399 0.725701,0.758272 0.728138,0.759839 0.731969,0.761406 0.736844,0.761144 0.739629,0.759839 0.743460,0.756705 0.744853,0.753309
31 0.481363,0.534890 0.488492,0.533928 0.494766,0.534569 0.500327,0.535959 0.514015,0.536387 0.538397,0.536280 0.602564,0.535101 0.629019,0.533953 0.622884,0.535487 0.590164,0.537660 0.549094,0.538682 0.520773,0.538043 0.502368,0.537148 0.490780,0.535742 0.486349,0.535870 0.480555,0.536892 0.477658,0.535231
62 0.563835,0.754919 0.553536,0.753263 0.549490,0.753539 0.548019,0.754919 0.547651,0.757677 0.557582,0.791056 0.561628,0.794918 0.564203,0.798504 0.568248,0.800987 0.573030,0.802918 0.590317,0.806504 0.624522,0.810366 0.670865,0.813676 0.701764,0.815768 0.724565,0.813952 0.727507,0.807055 0.716841,0.792987 0.700290,0.766780 0.652731,0.766043 0.610105,0.761135 0.593818,0.759983
35 0.132508,0.518883 0.145181,0.523144 0.143433,0.526749 0.137315,0.526422 0.131197,0.524455 0.128138,0.520850 0.130323,0.519211
58 0.352138,0.691638 0.352582,0.684140 0.355248,0.676475 0.357692,0.667478 0.363912,0.658813 0.368800,0.653481 0.373910,0.650482 0.379242,0.648482 0.385685,0.647482 0.389461,0.647316 0.396793,0.648149 0.402347,0.649315 0.410123,0.652814 0.415011,0.655480 0.425008,0.662145 0.419454,0.660812 0.412122,0.660646 0.403236,0.662812 0.386129,0.669310 0.378131,0.675142 0.372799,0.680474 0.369244,0.687140 0.367911,0.690805
23 0.627705,0.524365 0.635203,0.523854 0.649348,0.524749 0.689566,0.526155 0.703369,0.526155 0.711038,0.526666 0.704733,0.527688 0.689907,0.528711 0.670650,0.527177 0.645769,0.526666 0.632477,0.525643 0.628046,0.526921 0.626853,0.528711 0.622081,0.526794 0.624808,0.524110
22 0.404180,0.542967 0.513869,0.541922 0.540682,0.540355 0.539289,0.537482 0.486012,0.537221 0.473127,0.533826 0.464422,0.537221 0.403135,0.539310
30 0.542426,0.535395 0.612418,0.528604 0.620427,0.525732 0.625650,0.525470 0.629481,0.528082 0.636445,0.528343 0.689027,0.526515 0.687286,0.529388 0.575855,0.533828 0.546740,0.536760
