10 0.093676,0.573504 0.115540,0.561230 0.136631,0.553031 0.161787,0.544540 0.189469,0.536487 0.211549,0.530924 0.233849,0.524336 0.248171,0.519180 0.261357,0.513205 0.278829,0.501957 0.283840,0.498178 0.285488,0.498003 0.289049,0.501518 0.295115,0.506351 0.280082,0.521728 0.278565,0.524452 0.278104,0.527001 0.278236,0.528582 0.278829,0.530076 0.280412,0.531482 0.284236,0.533943 0.292543,0.535612 0.298791,0.536415 0.310160,0.537249 0.309816,0.538719 0.303130,0.557845 0.299871,0.582992 0.298441,0.602962 0.298449,0.608164 0.298258,0.611294 0.297969,0.624806 0.297876,0.636786 0.298988,0.665193 0.299882,0.677909 0.300163,0.682253 0.300967,0.703015 0.303261,0.722294 0.305285,0.734245 0.305633,0.736667 0.288107,0.738126 0.286464,0.721703 0.282083,0.703821 0.275785,0.687033 0.266474,0.667325 0.253330,0.648347 0.234710,0.634479 0.217732,0.626085 0.205136,0.624260 0.187884,0.624260 0.171728,0.627180 0.157489,0.634479 0.147631,0.642508 0.130021,0.635459 0.112817,0.630599 0.095499,0.630599 0.098233,0.623311 0.107804,0.609948 0.117032,0.596130 0.120451,0.588234 0.121362,0.582919 0.120792,0.579578 0.118628,0.577604 0.113956,0.576541 0.105639,0.575478 0.093676,0.575175 0.093676,0.573504
2 0.567273,0.386810 0.560573,0.507245 0.547937,0.508520 0.546597,0.515665 0.542576,0.551897 0.539508,0.625686 0.539207,0.659584 0.539888,0.682914 0.539772,0.719492 0.540286,0.722574 0.663524,0.715968 0.673775,0.713952 0.682326,0.710196 0.692237,0.702556 0.697678,0.695174 0.707881,0.677692 0.722358,0.650108 0.745230,0.602995 0.761691,0.560126 0.769548,0.536643 0.771249,0.527451 0.771667,0.520000 0.767500,0.510000 0.760833,0.498889 0.729135,0.438453 0.708506,0.401746 0.705207,0.399111 0.679739,0.392731 0.653903,0.389051 0.607689,0.386232 0.567500,0.386667
8 0.668468,0.715928 0.680862,0.711356 0.685786,0.707890 0.690433,0.703982 0.690517,0.703881 0.692237,0.702556 0.697161,0.695876 0.698512,0.694248 0.709743,0.674855 0.722106,0.651020 0.743889,0.606581 0.748422,0.594683 0.761691,0.560126 0.762445,0.557871 0.765605,0.549578 0.768954,0.538419 0.769548,0.536643 0.771249,0.527451 0.771667,0.520000 0.767500,0.510000 0.761599,0.500166 0.759573,0.495154 0.770290,0.494202 0.777006,0.491916 0.788009,0.481442 0.795869,0.470777 0.797583,0.464492 0.792582,0.456874 0.769004,0.436877 0.779994,0.419921 0.779860,0.414729 0.863251,0.466914 0.945479,0.486569 0.953076,0.506224 0.946820,0.512180 0.940116,0.520518 0.930732,0.536599 0.918666,0.560423 0.915938,0.568679 0.916254,0.576558 0.923328,0.586125 0.919949,0.593301 0.916466,0.598085 0.911398,0.600477 0.902425,0.603009 0.878038,0.614828 0.848664,0.625747 0.839730,0.617578 0.830899,0.611486 0.819887,0.605948 0.810746,0.604286 0.799837,0.603733 0.788929,0.604979 0.778437,0.608163 0.769087,0.612178 0.758595,0.619655 0.750699,0.626993 0.742993,0.635541 0.736253,0.644616 0.730076,0.655844 0.724459,0.668194 0.720477,0.680828 0.715110,0.704130 0.714280,0.715264 0.668468,0.715928
5 0.321803,0.484340 0.345207,0.465209 0.381872,0.437969 0.418850,0.415495 0.433360,0.408217 0.446934,0.403019 0.460665,0.399068 0.484692,0.394285 0.553343,0.386582 0.544293,0.451876 0.539769,0.480365 0.536024,0.500327 0.533528,0.509685 0.547570,0.508645 0.544520,0.531590 0.540812,0.582568 0.539179,0.631926 0.538996,0.655956 0.540089,0.684841 0.539543,0.721250 0.438968,0.727050 0.305730,0.736871 0.303261,0.722294 0.300967,0.703015 0.298501,0.639374 0.298441,0.602962 0.299871,0.582992 0.303130,0.557845 0.310163,0.537728 0.319768,0.496350
7 0.725913,0.696766 0.728788,0.679307 0.731983,0.667383 0.740930,0.649498 0.749876,0.638852 0.758503,0.630336 0.770964,0.624800 0.783425,0.621819 0.800998,0.623522 0.820488,0.633742 0.838700,0.649924 0.847646,0.666957 0.854995,0.689101 0.857232,0.719761 0.854676,0.740627 0.839659,0.778952 0.824322,0.792153 0.811861,0.798540 0.795886,0.801521 0.783105,0.800669 0.759781,0.795133 0.744444,0.781933 0.736456,0.768306 0.728788,0.744885 0.725913,0.718483 0.725913,0.696766
35 0.490165,0.560372 0.494772,0.559007 0.529751,0.555823 0.533846,0.557870 0.534017,0.562192 0.531628,0.565376 0.527874,0.566968 0.490848,0.568788 0.488800,0.566286 0.488800,0.563329
49 0.277982,0.526433 0.278333,0.523398 0.281927,0.517490 0.292992,0.506170 0.305302,0.494924 0.321240,0.482786 0.309509,0.534603 0.299152,0.534603 0.298323,0.534542 0.296522,0.534311 0.283583,0.531951 0.279943,0.529610 0.278789,0.528584 0.277982,0.526433
53 0.552460,0.385535 0.549880,0.413210 0.544592,0.443463 0.540723,0.473716 0.537499,0.494859 0.534661,0.508782 0.560585,0.507235 0.564713,0.447416 0.566906,0.385707
40 0.320954,0.491709 0.360316,0.460850 0.356972,0.485537 0.355428,0.491195 0.357615,0.498738 0.358644,0.507482 0.360060,0.529431 0.355172,0.532174 0.346039,0.532346 0.338064,0.534232 0.313495,0.536460 0.310022,0.536289
35 0.708079,0.542812 0.747137,0.540506 0.749027,0.541345 0.750129,0.545333 0.749972,0.548272 0.747137,0.550790 0.712017,0.552260 0.708710,0.552050 0.707450,0.550371 0.706820,0.546802
68 0.549236,0.390341 0.532485,0.507967 0.361268,0.525479 0.360744,0.500552 0.355500,0.489835 0.360919,0.461180 0.365813,0.456055 0.405842,0.429031 0.437831,0.411791 0.469295,0.401075 0.507259,0.393844 0.530149,0.391099
64 0.567567,0.387355 0.566115,0.442892 0.562268,0.505935 0.752956,0.492575 0.709615,0.411301 0.704353,0.405691 0.694039,0.400641 0.682673,0.396994 0.663940,0.393909 0.615739,0.389701 0.587534,0.388859
65 0.714091,0.407578 0.717659,0.409218 0.736362,0.419713 0.775491,0.449724 0.786196,0.459235 0.791610,0.464975 0.790011,0.469239 0.783366,0.478259 0.776599,0.485966 0.767124,0.490722 0.758142,0.490722 0.755188,0.484162 0.729472,0.435129 0.723688,0.425453 0.718889,0.415941 0.714091,0.407578
44 0.272862,0.693056 0.277526,0.691675 0.281866,0.703242 0.286317,0.727425 0.288372,0.749840 0.286877,0.767273 0.283327,0.773251 0.283327,0.756813 0.281832,0.735893 0.279963,0.720452 0.276413,0.704264 0.272862,0.693056
55 0.729234,0.659732 0.734215,0.648321 0.735660,0.645695 0.737657,0.642727 0.742993,0.635541 0.750699,0.626993 0.758595,0.619655 0.764734,0.615280 0.765651,0.614679 0.777500,0.608641 0.791439,0.605390 0.806076,0.604926 0.816879,0.606087 0.829425,0.612125 0.842145,0.621414 0.853645,0.633258 0.862531,0.647423 0.868107,0.662054 0.870547,0.675291 0.849463,0.672040 0.848913,0.670773 0.847646,0.666957 0.845384,0.662650 0.843713,0.658803 0.836743,0.645333 0.825591,0.633722 0.813743,0.627916 0.807729,0.627052 0.800998,0.623522 0.783425,0.621819 0.770964,0.624800 0.758503,0.630336 0.749876,0.638852 0.740930,0.649498 0.740441,0.650475 0.729234,0.659732
42 0.849593,0.672824 0.871769,0.678075 0.873686,0.694099 0.874208,0.703156 0.874208,0.719644 0.873512,0.735203 0.871072,0.744725 0.865496,0.747047 0.858526,0.744260 0.854573,0.740888 0.854676,0.740627 0.857232,0.719761 0.854995,0.689101 0.849593,0.672824
57 0.116871,0.719947 0.118972,0.701595 0.124574,0.681998 0.131342,0.667067 0.147213,0.643426 0.162150,0.633161 0.172887,0.628806 0.188991,0.625384 0.200797,0.624260 0.202904,0.624260 0.215132,0.626006 0.228669,0.631605 0.239405,0.638138 0.253175,0.649025 0.258385,0.655645 0.262567,0.661683 0.254809,0.660534 0.238759,0.652558 0.233620,0.648347 0.223371,0.643501 0.209376,0.640416 0.196483,0.641151 0.174065,0.646384 0.169055,0.650695 0.161917,0.654624 0.150717,0.664266 0.136015,0.690080 0.131348,0.715588 0.130881,0.737673 0.132515,0.751049 0.128080,0.755093 0.122245,0.763180 0.119205,0.755098 0.117338,0.737678 0.116871,0.719947
46 0.748142,0.712405 0.747655,0.721484 0.748466,0.736833 0.752359,0.750236 0.758198,0.762990 0.766146,0.771421 0.777338,0.779204 0.791288,0.782662 0.806210,0.779420 0.817402,0.772502 0.827621,0.761477 0.838651,0.738778 0.840922,0.726240 0.840597,0.706784 0.838489,0.696191 0.834109,0.685599 0.828756,0.677168 0.817078,0.665494 0.808968,0.661171 0.798424,0.659009 0.787395,0.660090 0.777014,0.664413 0.767930,0.671331 0.763390,0.676522 0.759173,0.683007 0.755280,0.690573 0.749279,0.708084
72 0.916007,0.570404 0.916139,0.569066 0.917013,0.565423 0.917812,0.563006 0.929058,0.540929 0.930665,0.536731 0.930732,0.536599 0.939666,0.521289 0.941004,0.519414 0.946812,0.512189 0.951745,0.507962 0.953003,0.506914 0.953633,0.508594 0.955051,0.519303 0.955996,0.535051 0.956469,0.555209 0.955839,0.564448 0.954578,0.572847 0.952688,0.576207 0.939611,0.582716 0.923383,0.586286 0.923303,0.586177 0.923328,0.586125 0.916762,0.577244 0.916215,0.575579 0.916007,0.570404
46 0.161450,0.694440 0.156082,0.701595 0.152581,0.711238 0.149314,0.737678 0.151648,0.751054 0.156082,0.764429 0.164251,0.779983 0.174054,0.790559 0.188991,0.798024 0.202061,0.800513 0.215832,0.797402 0.233570,0.784960 0.243606,0.768162 0.249674,0.751054 0.249441,0.722125 0.242206,0.703461 0.232870,0.689463 0.218633,0.677643 0.202995,0.672977 0.187124,0.674221 0.176388,0.679198 0.165885,0.687908
70 0.056490,0.619166 0.057007,0.611311 0.065279,0.586229 0.069208,0.579339 0.073345,0.575480 0.104365,0.575618 0.112845,0.576582 0.119049,0.578236 0.121117,0.581957 0.120816,0.586105 0.120786,0.586279 0.117705,0.593671 0.112638,0.602215 0.105606,0.612551 0.104532,0.614517 0.098233,0.623311 0.095948,0.629402 0.094025,0.630880 0.086063,0.630605 0.076136,0.629502 0.067968,0.628124 0.059902,0.624682 0.056903,0.620961 0.056490,0.619166
51 0.287924,0.742516 0.289072,0.738437 0.293663,0.738437 0.696112,0.715958 0.714181,0.715958 0.714468,0.725514 0.711600,0.730483 0.707011,0.732394 0.290865,0.753205 0.287924,0.742516
6 0.064879,0.579078 0.065670,0.576442 0.070284,0.568360 0.080303,0.557643 0.088081,0.551669 0.104955,0.539370 0.127234,0.526368 0.149627,0.514678 0.182164,0.499500 0.233736,0.484323 0.273333,0.473333 0.263333,0.477778 0.251566,0.484586 0.246061,0.489504 0.244004,0.492730 0.242613,0.495955 0.242310,0.499583 0.242734,0.502728 0.244605,0.505232 0.249419,0.507934 0.264876,0.510635 0.244098,0.520091 0.209637,0.529547 0.160734,0.544068 0.131088,0.554875 0.121408,0.558949 0.115540,0.561230 0.114197,0.561983 0.107016,0.565006 0.097894,0.569734 0.091813,0.574124 0.078384,0.575475 0.078242,0.575502 0.073345,0.575480 0.072060,0.576679 0.069515,0.577163 0.066474,0.578852 0.064879,0.579078
13 0.846004,0.447228 0.854802,0.447441 0.867599,0.449147 0.897833,0.457888 0.915909,0.463857 0.929186,0.470040 0.943903,0.477502 0.947548,0.482374 0.951570,0.497953 0.953030,0.506104 0.950593,0.499798 0.947829,0.488107 0.945398,0.485864 0.923892,0.481409 0.863853,0.467058 0.865630,0.464925 0.866191,0.461311 0.863947,0.457946 0.860955,0.455952 0.856372,0.453709 0.850481,0.451714 0.847021,0.449591 0.846004,0.447228
0 0.848424,0.625692 0.848551,0.625644 0.848664,0.625747 0.878038,0.614828 0.899115,0.604614 0.903904,0.603082 0.906770,0.601783 0.911398,0.600477 0.916466,0.598085 0.919065,0.594515 0.919723,0.593915 0.923162,0.586582 0.923673,0.586251 0.932361,0.584935 0.937875,0.583098 0.939611,0.582716 0.940805,0.582122 0.944209,0.580988 0.953489,0.577479 0.955662,0.580023 0.956583,0.584321 0.956583,0.590813 0.958097,0.600462 0.959742,0.605462 0.964229,0.613388 0.964723,0.621942 0.964864,0.633786 0.964299,0.644506 0.963453,0.649864 0.961851,0.653859 0.959041,0.659622 0.957635,0.665385 0.958824,0.669851 0.956987,0.675470 0.953311,0.681953 0.947690,0.688292 0.940339,0.694055 0.926371,0.700856 0.890149,0.714300 0.874208,0.717210 0.874208,0.705960 0.874330,0.704217 0.874114,0.701522 0.873686,0.694099 0.873182,0.689885 0.871808,0.672746 0.868600,0.664729 0.868107,0.662054 0.862531,0.647423 0.859564,0.642693 0.855302,0.634858 0.848424,0.625692
Средние 0.041060,0.653101 0.041257,0.633987 0.042239,0.631761 0.044891,0.628488 0.048231,0.624954 0.051669,0.622204 0.055696,0.620633 0.059724,0.624954 0.067386,0.628488 0.072101,0.629667 0.085000,0.631111 0.091558,0.630795 0.094025,0.630880 0.094309,0.630662 0.095611,0.630599 0.104044,0.630599 0.112545,0.631409 0.115682,0.631409 0.124855,0.634000 0.130814,0.635776 0.147631,0.642508 0.148297,0.641965 0.148965,0.642222 0.147213,0.643426 0.144077,0.648097 0.142504,0.649755 0.134893,0.658820 0.129063,0.669395 0.125824,0.676950 0.121667,0.688889 0.118861,0.701853 0.116656,0.719730 0.116748,0.741771 0.118769,0.755852 0.120334,0.762705 0.110596,0.761725 0.096263,0.759399 0.083217,0.756215 0.065761,0.745930 0.060064,0.739807 0.047937,0.727685 0.043803,0.721563 0.042895,0.719262 0.043134,0.715975 0.044725,0.713006 0.048226,0.710991 0.049818,0.708764 0.048067,0.705053 0.047669,0.701765 0.049311,0.697351 0.048427,0.693947 0.050883,0.691198 0.050490,0.687663 0.048231,0.685568 0.049803,0.682819 0.049017,0.679284 0.044695,0.673524 0.043025,0.670251 0.041748,0.666324 0.041060,0.653101
20 0.326302,0.500176 0.326306,0.507101 0.328072,0.512462 0.330230,0.516123 0.332290,0.518608 0.336509,0.520830 0.353481,0.520700 0.357013,0.520177 0.355345,0.500041 0.353873,0.495595 0.351225,0.489058 0.346123,0.488535 0.338373,0.490496 0.327385,0.496380
17 0.197734,0.725704 0.196037,0.726834 0.193633,0.726080 0.192643,0.724573 0.192360,0.722311 0.193350,0.720049 0.194905,0.719295 0.196461,0.719861 0.197592,0.721180 0.197875,0.723065
28 0.171016,0.766723 0.169732,0.769224 0.171214,0.771726 0.173091,0.772385 0.174869,0.769883 0.174375,0.766854 0.172301,0.765669
26 0.359107,0.524506 0.358769,0.529461 0.546635,0.511547 0.546837,0.506163
17 0.187125,0.734189 0.185852,0.735320 0.185428,0.737771 0.188115,0.741163 0.189812,0.741352 0.190661,0.739278 0.190802,0.736828 0.189529,0.734755 0.188115,0.734189
29 0.274519,0.574506 0.272707,0.575824 0.271224,0.579556 0.271718,0.582410 0.273860,0.584606 0.276495,0.585484 0.288356,0.583727 0.290497,0.581312 0.290992,0.578239 0.290168,0.575165 0.288356,0.573189
24 0.547654,0.507990 0.547380,0.513465 0.758327,0.495220 0.756635,0.489959
17 0.211310,0.723065 0.207209,0.723065 0.206219,0.724950 0.206078,0.727965 0.207633,0.729850 0.209613,0.730604 0.211027,0.730416 0.212017,0.728154 0.211876,0.725515
17 0.209189,0.747944 0.211310,0.749264 0.213007,0.748133 0.214280,0.744929 0.213149,0.742290 0.212159,0.741159 0.210175,0.740784 0.208336,0.742103 0.207771,0.744177 0.208195,0.746815
17 0.197168,0.747944 0.195471,0.748698 0.194905,0.750394 0.195612,0.753599 0.197027,0.754730 0.199572,0.754730 0.200421,0.753787 0.201411,0.750206 0.200562,0.749075 0.198441,0.747944
19 0.198154,0.729098 0.194901,0.729852 0.192639,0.735884 0.192639,0.739653 0.193770,0.743423 0.198578,0.746250 0.202255,0.746438 0.205649,0.743800 0.206639,0.738145 0.206074,0.733622 0.203528,0.731172 0.200134,0.729287
17 0.788206,0.703621 0.786972,0.705884 0.786972,0.708764 0.788052,0.710204 0.791294,0.711438 0.793146,0.710615 0.794535,0.708970 0.794535,0.705678 0.794072,0.704238 0.791911,0.702592 0.790522,0.702181 0.788824,0.702592
17 0.782186,0.718227 0.780952,0.720696 0.780643,0.723576 0.781415,0.725222 0.784193,0.726456 0.785737,0.726250 0.786817,0.724193 0.786663,0.721107 0.784039,0.718639
17 0.789441,0.733451 0.788824,0.735302 0.789287,0.737154 0.790368,0.738388 0.792683,0.738182 0.793763,0.735920 0.793609,0.734685 0.792529,0.733451 0.790676,0.733039
17 0.804569,0.705881 0.801791,0.706704 0.800864,0.707733 0.800247,0.710201 0.800710,0.712670 0.802408,0.714933 0.805186,0.715344 0.806113,0.714522 0.806576,0.713287 0.806730,0.710818 0.805649,0.707115
17 0.804723,0.724808 0.802871,0.725219 0.801327,0.727276 0.800864,0.729745 0.802562,0.731802 0.805341,0.732008 0.806884,0.729745 0.807347,0.727276 0.805804,0.725219
19 0.802408,0.717607 0.800710,0.715344 0.797932,0.713904 0.793918,0.713904 0.791140,0.715756 0.789596,0.718225 0.789133,0.722133 0.789905,0.725836 0.791603,0.727894 0.795462,0.730157 0.799166,0.728922 0.800864,0.726659 0.801791,0.724191 0.802408,0.721722 0.802408,0.718842
61 0.076296,0.685804 0.077251,0.691259 0.077524,0.696533 0.077251,0.702897 0.076023,0.714353 0.074931,0.720354 0.073840,0.725264 0.072203,0.728719 0.065381,0.727628 0.060605,0.724537 0.058695,0.723809 0.054602,0.720718 0.051327,0.716536 0.049280,0.712535 0.048189,0.707625 0.047507,0.698715 0.047916,0.693623 0.049144,0.686531 0.048735,0.682531 0.048189,0.679439 0.044641,0.672166 0.044096,0.669620 0.046279,0.670711 0.052555,0.675802 0.057740,0.677985 0.064971,0.682167 0.068246,0.683258 0.075341,0.684531
28 0.804878,0.762654 0.803952,0.762654 0.803025,0.765122 0.803488,0.766357 0.804415,0.767180 0.806267,0.767797 0.807193,0.765328 0.806884,0.764094 0.805958,0.763065
32 0.052691,0.681076 0.053783,0.694714 0.055557,0.697078 0.063470,0.701624 0.067564,0.702715 0.070565,0.700533 0.072339,0.691077 0.071796,0.689620 0.064019,0.687983 0.055696,0.682710
16 0.720491,0.323864 0.718601,0.324584 0.694575,0.361822 0.687151,0.368658 0.686206,0.370097 0.696195,0.373874 0.695925,0.368837 0.697005,0.364520 0.721706,0.326383
Мелкие 0.258350,0.509131 0.248316,0.506509 0.245561,0.503100 0.244774,0.498118 0.245955,0.491824 0.248709,0.488940 0.258940,0.481335 0.276255,0.475042 0.288847,0.471895 0.286092,0.473993 0.283534,0.477664 0.269959,0.492611
14 0.409812,0.387136 0.412869,0.392778 0.423686,0.399672 0.393821,0.417223 0.345850,0.450444 0.314340,0.475516 0.294822,0.488679 0.282829,0.498708 0.270366,0.506543 0.263782,0.508737 0.260960,0.508110 0.271072,0.493066 0.278832,0.483664 0.292471,0.468621 0.297644,0.464233
15 0.848355,0.449448 0.791341,0.411202 0.763212,0.395494 0.750479,0.390175 0.744965,0.388651 0.745155,0.396249 0.775562,0.409927 0.793047,0.419552 0.803309,0.426391 0.836757,0.446147 0.863364,0.466410 0.861843,0.461091 0.855572,0.454506
12 0.777964,0.411769 0.778421,0.415734 0.777277,0.420613 0.772015,0.427626 0.767896,0.434640 0.736093,0.413294 0.707951,0.399267 0.683698,0.391339 0.657843,0.386460 0.632904,0.384325 0.542756,0.383715 0.507521,0.387069 0.469998,0.394083 0.448364,0.399777 0.427129,0.407513 0.387491,0.430342 0.352950,0.455813 0.339218,0.467322 0.323504,0.478831 0.294696,0.504063 0.285899,0.497573 0.285056,0.495679 0.328226,0.462622 0.364646,0.436469 0.393531,0.416593 0.415509,0.403831 0.423986,0.397554 0.411589,0.389570 0.409297,0.385116 0.409870,0.381935 0.442523,0.370992 0.464959,0.366411 0.518138,0.360827 0.572406,0.358872 0.614950,0.359102 0.674283,0.364768 0.697388,0.368463 0.732878,0.381520 0.743968,0.386447 0.743598,0.395069 0.776870,0.409850
7 0.138000,0.688592 0.147845,0.669977 0.159981,0.657770 0.170285,0.650447 0.178530,0.646787 0.201200,0.641291 0.215853,0.642511 0.244930,0.654109 0.260270,0.666315 0.269429,0.685851 0.278125,0.708437 0.282475,0.729243 0.282863,0.740451 0.281504,0.759591 0.276002,0.777554 0.266148,0.794268 0.254055,0.805013 0.236587,0.815757 0.213297,0.818145 0.188663,0.818145 0.172091,0.812773 0.152384,0.799043 0.141187,0.777554 0.133573,0.753676 0.130437,0.735769
