4 0.624755,0.422768 0.626875,0.438192 0.624792,0.493748 0.631042,0.528470 0.632997,0.578566 0.630566,0.627885 0.630000,0.722914 0.628958,0.761803 0.717500,0.700692 0.765417,0.661803 0.791458,0.643748 0.798750,0.609025 0.795625,0.579859 0.805000,0.504859 0.806042,0.453470 0.795625,0.425692 0.791458,0.418748 0.782083,0.422914 0.782513,0.385833 0.777917,0.324303 0.772494,0.286252 0.771667,0.275692 0.750833,0.278470 0.731090,0.284068 0.714756,0.292867 0.702820,0.301248 0.689314,0.315913 0.672352,0.338539 0.650679,0.374154 0.634973,0.403065
2 0.780831,0.276524 0.820404,0.279462 0.835167,0.284071 0.848046,0.289937 0.853700,0.293708 0.857469,0.305021 0.885739,0.373319 0.901758,0.403906 0.903957,0.413543 0.903329,0.426113 0.899148,0.468702 0.895471,0.491475 0.888380,0.511445 0.876299,0.554888 0.865531,0.584318 0.856864,0.600083 0.840317,0.613046 0.817465,0.628809 0.792777,0.644575 0.791726,0.643174 0.799343,0.608489 0.795928,0.580461 0.804858,0.505136 0.806171,0.452584 0.795396,0.424209 0.791982,0.418254 0.801699,0.414049 0.796971,0.366051 0.791981,0.327863
8 0.928367,0.482625 0.930672,0.490139 0.938354,0.473748 0.944499,0.455303 0.947060,0.445056 0.946548,0.423536 0.950645,0.394161 0.948084,0.378107 0.944755,0.370250 0.940146,0.364785 0.934257,0.360345 0.928111,0.356587 0.923758,0.355563 0.918381,0.356929 0.913772,0.353513 0.899432,0.331311 0.893031,0.338484 0.897892,0.347363 0.898404,0.358635 0.897124,0.367515 0.895000,0.375556 0.887500,0.380000 0.901938,0.404226 0.904109,0.413126 0.903305,0.428890 0.899121,0.469102 0.895580,0.491192 0.887460,0.515320 0.876838,0.553599 0.866216,0.582659 0.856007,0.601317 0.870557,0.594669 0.882107,0.548730 0.890606,0.522275 0.897302,0.505097 0.904771,0.489293 0.910437,0.481048 0.915331,0.478299 0.919452,0.476925 0.923315,0.477612 0.927693,0.479674
10 0.419671,0.569604 0.452764,0.547532 0.539728,0.493228 0.552597,0.484470 0.559951,0.473258 0.575447,0.460646 0.583852,0.449084 0.601448,0.456091 0.603287,0.457843 0.596721,0.474309 0.592781,0.482718 0.591993,0.490075 0.593569,0.495681 0.596458,0.498133 0.601448,0.499535 0.625349,0.497433 0.630864,0.529665 0.632445,0.578710 0.630607,0.606738 0.629035,0.695026 0.629823,0.733214 0.626671,0.767198 0.617741,0.773852 0.616165,0.736715 0.613801,0.726905 0.610124,0.720599 0.607498,0.704833 0.604609,0.692921 0.598568,0.679608 0.590163,0.666645 0.580183,0.660339 0.571779,0.657186 0.561536,0.656135 0.549717,0.656485 0.533696,0.661740 0.519513,0.670849 0.510321,0.678557 0.499815,0.689068 0.489572,0.701330 0.479854,0.714643 0.466460,0.716395 0.445932,0.716395 0.419931,0.718497 0.406274,0.720599 0.385788,0.727956 0.374231,0.730409 0.376858,0.722000 0.388939,0.696775 0.399708,0.668747 0.405968,0.651757 0.408112,0.642821 0.407324,0.634063 0.403647,0.630209 0.399445,0.628107 0.391566,0.626355 0.380535,0.627756 0.365564,0.631260 0.336126,0.636165 0.340853,0.629508 0.364491,0.609538 0.394450,0.587116 0.412309,0.574854
7 0.422212,0.927783 0.449512,0.958704 0.469344,0.966949 0.484539,0.970041 0.500250,0.965232 0.522399,0.953207 0.547897,0.924691 0.563608,0.900986 0.575970,0.874875 0.583954,0.849108 0.594017,0.801696 0.596850,0.779021 0.595562,0.752910 0.592472,0.732297 0.585775,0.716836 0.577276,0.700345 0.569550,0.687290 0.561566,0.679388 0.555642,0.675609 0.546627,0.671143 0.528856,0.667364 0.521387,0.669768 0.511343,0.678358 0.500011,0.689008 0.488421,0.704468 0.478891,0.718898 0.467044,0.741573 0.451848,0.772493 0.440774,0.804101 0.433288,0.831242 0.428652,0.855292 0.425819,0.882433 0.424531,0.903734
7 0.842371,0.629805 0.844956,0.642220 0.848575,0.647737 0.862793,0.653944 0.881665,0.660151 0.887611,0.660496 0.896659,0.654979 0.905189,0.646013 0.912169,0.630150 0.920700,0.597045 0.924061,0.580493 0.925870,0.557733 0.926387,0.539457 0.924891,0.521780 0.923161,0.511977 0.919487,0.504768 0.912570,0.499866 0.906301,0.498713 0.899817,0.500155 0.895061,0.510535 0.889441,0.526970 0.879714,0.559264 0.870852,0.596172 0.869987,0.605975 0.867826,0.610877 0.861125,0.614625 0.850317,0.622699
35 0.775142,0.486007 0.785453,0.481880 0.800577,0.473627 0.802639,0.477754 0.801952,0.483256 0.797827,0.489216 0.777204,0.497928 0.774111,0.493801 0.774455,0.490592
40 0.622136,0.423556 0.625815,0.431324 0.625309,0.486338 0.624777,0.494150 0.628470,0.493238 0.658072,0.480587 0.723311,0.479437 0.730783,0.473303 0.737106,0.442633 0.735956,0.436883 0.729921,0.429982 0.714402,0.423081 0.683938,0.419247 0.669281,0.422698 0.654049,0.428832 0.651345,0.372174 0.648396,0.378020 0.632151,0.407389
65 0.857357,0.300162 0.867107,0.307965 0.883877,0.327734 0.894017,0.342041 0.897722,0.350364 0.897527,0.362070 0.894212,0.373515 0.889922,0.377677 0.886412,0.377156
44 0.590713,0.825078 0.598123,0.830281 0.605337,0.833402 0.608262,0.831841 0.610992,0.828720 0.612552,0.821437 0.615282,0.782159 0.616257,0.744702 0.614112,0.728315 0.610017,0.723893 0.604947,0.720511 0.597530,0.717650 0.591095,0.715569 0.585245,0.714529 0.588560,0.721031 0.591290,0.727795 0.594020,0.736899 0.597140,0.780338 0.594020,0.804009 0.590900,0.818315
60 0.191569,0.842511 0.190979,0.852739 0.185904,0.886256 0.182836,0.891134 0.178823,0.891921 0.177997,0.896169 0.167376,0.889403 0.154749,0.876185 0.143301,0.861709 0.132444,0.848648 0.111998,0.815588 0.100787,0.791355 0.094296,0.771214 0.087661,0.748517 0.106071,0.779515 0.114922,0.792576 0.123441,0.804870 0.130522,0.811322 0.134063,0.811794 0.136895,0.809433 0.138080,0.802997 0.146577,0.811337 0.165105,0.826915 0.178795,0.834468 0.190478,0.839661
68 0.770090,0.282172 0.772865,0.298456 0.779940,0.361003 0.781466,0.384690 0.782717,0.422625 0.737632,0.441870 0.736661,0.436319 0.731250,0.430767 0.715993,0.423547 0.684919,0.419846 0.668939,0.422992 0.654789,0.428729 0.652847,0.379320 0.663945,0.358965 0.685052,0.324175 0.701837,0.306040 0.720149,0.293272 0.732911,0.286980 0.751223,0.281799 0.765663,0.279578 0.769548,0.278653
64 0.782748,0.278468 0.807719,0.279393 0.823117,0.280688 0.833244,0.284574 0.848087,0.291606 0.853914,0.296418 0.863347,0.321399 0.870283,0.337869 0.872225,0.363961 0.873341,0.383576 0.803424,0.412999 0.800927,0.379505 0.795378,0.341940 0.784272,0.287165
19 0.524392,0.815388 0.521988,0.817311 0.520450,0.820515 0.518239,0.823464 0.517374,0.828976 0.517374,0.833462 0.517854,0.837308 0.519393,0.839231 0.520739,0.839744 0.522854,0.839872 0.525353,0.839231 0.527468,0.836411 0.531314,0.825515 0.531795,0.819874 0.530545,0.816798 0.528814,0.815003 0.525257,0.814619
46 0.566930,0.743181 0.570726,0.749413 0.574911,0.760319 0.576468,0.769278 0.577734,0.779664 0.578515,0.799918 0.577542,0.810175 0.574914,0.826664 0.572383,0.839517 0.562643,0.867951 0.558263,0.878337 0.551742,0.889503 0.541218,0.904823 0.533821,0.913652 0.520973,0.924947 0.511922,0.928842 0.501702,0.929362 0.494110,0.928063 0.485448,0.922351 0.479511,0.913911 0.473671,0.900539 0.470546,0.890542 0.469767,0.878727 0.469183,0.863147 0.469669,0.849385 0.471810,0.835752 0.475217,0.821600 0.484370,0.792911 0.494687,0.772397 0.499456,0.763569 0.504615,0.757726 0.513083,0.746561 0.522156,0.737992 0.529747,0.733188 0.537242,0.730591 0.543276,0.729812 0.551062,0.730202 0.557389,0.733188 0.564397,0.738900
63 0.209977,0.670245 0.201716,0.682209 0.196406,0.692757 0.188145,0.710388 0.185667,0.717630 0.179648,0.715583 0.163008,0.704564 0.133838,0.680005 0.124751,0.669143 0.122036,0.665207 0.115900,0.667096 0.111769,0.663318 0.110589,0.658753 0.109999,0.652928 0.108819,0.647261 0.097577,0.629035 0.091677,0.604959 0.089788,0.599609 0.091913,0.590640 0.095453,0.578839 0.100411,0.565914 0.103125,0.576457 0.107020,0.585426 0.115281,0.599903 0.120356,0.606669 0.126138,0.602735 0.130033,0.602578 0.131685,0.604309 0.132157,0.607928 0.131095,0.612806 0.131331,0.617527 0.133455,0.622405 0.144902,0.631059 0.173022,0.648861 0.205358,0.666327
24 0.886038,0.378204 0.887672,0.381921 0.795378,0.425377 0.793455,0.418711
53 0.785978,0.421692 0.800253,0.415789 0.798825,0.391034 0.793829,0.349713 0.786835,0.309916 0.781126,0.284019 0.780697,0.280401 0.772418,0.281162 0.774702,0.293349 0.782838,0.351427 0.783980,0.376372
29 0.619913,0.551983 0.606742,0.558008 0.605108,0.559546 0.603666,0.562110 0.603473,0.565955 0.605012,0.570955 0.606262,0.573134 0.608569,0.574544 0.617798,0.570570 0.622605,0.567750 0.624336,0.564417 0.624913,0.560059 0.624720,0.557367 0.623374,0.554162 0.621548,0.552111
55 0.900057,0.499705 0.904195,0.490722 0.910767,0.480982 0.913526,0.479575 0.916690,0.477735 0.919935,0.477086 0.923262,0.477843 0.927480,0.479900 0.929103,0.485744 0.931618,0.494186 0.932754,0.498082 0.932835,0.507606 0.920990,0.507389 0.919448,0.504359 0.912876,0.499705 0.905980,0.498406
6 0.316761,0.404240 0.315878,0.409535 0.325140,0.417183 0.338372,0.424831 0.362629,0.434245 0.390415,0.441893 0.490091,0.466603 0.520965,0.471310 0.552720,0.471310 0.559987,0.471045 0.552722,0.483701 0.536842,0.494028 0.420847,0.567645 0.387328,0.590153 0.353054,0.617824 0.339170,0.630160 0.332197,0.637808 0.310145,0.644280 0.257660,0.654870 0.207822,0.666636 0.168084,0.646045 0.135446,0.623688 0.131918,0.618981 0.131918,0.611921 0.132800,0.607803 0.132359,0.603685 0.128389,0.601331 0.120451,0.606038 0.113903,0.597167 0.106851,0.584565 0.101795,0.569834 0.100764,0.562401 0.102036,0.553491 0.117868,0.527320 0.132134,0.511009 0.147419,0.497416 0.191775,0.467512 0.224383,0.450521 0.256481,0.432170 0.304373,0.409063
1 0.420769,0.926114 0.397882,0.935745 0.373920,0.941277 0.346117,0.945785 0.307668,0.949554 0.264352,0.950373 0.211666,0.949144 0.188742,0.935415 0.163398,0.911647 0.147116,0.895255 0.118367,0.856529 0.103621,0.831326 0.091464,0.804075 0.084859,0.781740 0.081941,0.769037 0.081173,0.757767 0.075654,0.724434 0.071704,0.717702 0.072362,0.697214 0.071704,0.655945 0.071924,0.639262 0.074995,0.619360 0.080261,0.608823 0.085527,0.603555 0.089038,0.601801 0.091451,0.606484 0.096937,0.629313 0.109004,0.649508 0.110760,0.662679 0.113393,0.666484 0.118220,0.667948 0.121511,0.666777 0.126777,0.673509 0.137089,0.683753 0.156397,0.700143 0.179436,0.716534 0.186457,0.719460 0.190406,0.728534 0.202255,0.744339 0.213080,0.746973 0.233924,0.749022 0.270347,0.749314 0.316204,0.747266 0.375665,0.732046 0.402653,0.723265 0.419403,0.718874 0.456045,0.717996 0.479522,0.715655 0.463066,0.745216 0.449462,0.775656 0.435420,0.817217 0.426855,0.863550 0.424442,0.893404 0.420712,0.921209
20 0.650816,0.446901 0.653377,0.457523 0.666750,0.463594 0.723941,0.464352 0.735323,0.463594 0.736461,0.456765 0.736745,0.439313 0.733900,0.434760 0.726218,0.428311 0.717682,0.425276 0.692927,0.421102 0.681546,0.421102 0.668173,0.423758 0.655938,0.431725 0.650247,0.437795
51 0.726548,0.694916 0.854101,0.603255 0.871116,0.595088 0.869415,0.605977 0.845254,0.624580 0.679025,0.747330 0.617869,0.789331 0.617869,0.773905
0 0.930760,0.490408 0.932032,0.494107 0.932931,0.498393 0.933060,0.509365 0.934731,0.510908 0.934988,0.519137 0.934088,0.530795 0.934474,0.533709 0.937430,0.527880 0.939743,0.517594 0.946169,0.485535 0.947840,0.473877 0.947968,0.465133 0.946686,0.452104 0.947457,0.444732 0.943730,0.458619 0.937176,0.477134 0.931649,0.488106
12 0.583802,0.448256 0.599150,0.454014 0.603612,0.456861 0.660081,0.357289 0.673917,0.334714 0.683693,0.321314 0.702549,0.300376 0.715016,0.291881 0.726945,0.285301 0.734748,0.282190 0.751735,0.277526 0.765189,0.275612 0.775055,0.275133 0.803487,0.277287 0.822786,0.279321 0.831037,0.282192 0.845926,0.288294 0.853909,0.293080 0.863618,0.300856 0.873125,0.312581 0.882915,0.325503 0.891167,0.335074 0.892871,0.337946 0.899418,0.330528 0.885158,0.312462 0.877444,0.303369 0.869013,0.295113 0.862107,0.288892 0.853118,0.281830 0.829798,0.269626 0.817331,0.265438 0.802872,0.261969 0.787355,0.260533 0.775964,0.258379 0.763766,0.256704 0.732627,0.254070 0.716197,0.252275 0.661808,0.249593 0.576434,0.256262 0.555551,0.259509 0.522753,0.265491 0.510582,0.268909 0.478529,0.281727 0.455557,0.294203 0.429421,0.313515 0.373137,0.360171 0.350204,0.380338 0.345456,0.387858 0.349043,0.393497 0.385428,0.358291 0.438132,0.312151 0.453891,0.299504 0.465293,0.291130 0.477593,0.284123 0.490276,0.283610 0.554121,0.283606 0.587816,0.286682 0.618872,0.288904 0.645008,0.293177 0.672682,0.297107 0.679087,0.298645 0.655386,0.331972 0.644228,0.352309 0.631290,0.373667 0.600649,0.420494
17 0.537476,0.818832 0.535746,0.819217 0.533823,0.820755 0.532958,0.821909 0.532862,0.824472 0.533631,0.826908 0.535073,0.829344 0.537861,0.830497 0.539784,0.830369 0.540649,0.829728 0.542380,0.827549 0.543245,0.824857 0.543245,0.823575 0.542572,0.822293 0.540072,0.819088 0.538149,0.818319
14 0.331517,0.420099 0.331667,0.416667 0.335000,0.410000 0.344636,0.397929 0.350964,0.392715 0.366227,0.377321 0.376359,0.367572 0.408844,0.337934 0.431566,0.318247 0.447126,0.305729 0.466548,0.290685 0.477476,0.284547 0.485912,0.284035 0.535594,0.284035 0.562148,0.284930 0.616529,0.288642 0.626307,0.290432 0.668038,0.296698 0.678295,0.299000 0.656822,0.329051 0.643868,0.352069 0.632556,0.370995 0.596013,0.426877 0.587193,0.442094 0.580483,0.452324 0.574635,0.460636 0.564378,0.469076 0.555079,0.469843 0.536865,0.470483 0.520638,0.470743 0.495331,0.466519 0.471653,0.461276 0.427627,0.450406 0.382063,0.438641 0.355701,0.430585 0.336406,0.422529 0.331517,0.420099
35 0.898848,0.425355 0.889364,0.429956 0.882754,0.431106 0.880167,0.433406 0.879305,0.439157 0.884478,0.441074 0.900285,0.434173 0.901435,0.429189 0.901147,0.427272
49 0.622917,0.426122 0.616882,0.434940 0.604524,0.456792 0.592984,0.483186 0.592335,0.490020 0.593809,0.495645 0.596720,0.497746 0.600888,0.499121 0.624642,0.496546 0.626003,0.433523
57 0.530033,0.665625 0.535493,0.662244 0.549143,0.657041 0.562013,0.656521 0.569227,0.656781 0.573712,0.657822 0.590287,0.667706 0.595747,0.675510 0.604327,0.695279 0.608032,0.710626 0.609202,0.719470 0.608617,0.721290 0.593407,0.713747 0.584632,0.713487 0.573517,0.692938 0.567082,0.682533 0.558698,0.676030 0.548558,0.670307 0.537833,0.667966
42 0.933567,0.531416 0.933891,0.538126 0.932755,0.550897 0.926670,0.587478 0.925048,0.591482 0.921802,0.594513 0.924155,0.580119 0.926346,0.550897 0.926670,0.539641 0.924885,0.520269 0.923343,0.511502 0.921233,0.507931 0.932592,0.507931 0.933160,0.509770 0.934539,0.511069 0.934539,0.518429 0.933890,0.528710
46 0.893424,0.548949 0.889823,0.559726 0.885735,0.582316 0.884275,0.607244 0.884664,0.618929 0.885933,0.626719 0.887880,0.633990 0.892454,0.638015 0.896834,0.638404 0.901603,0.635029 0.904815,0.629446 0.909195,0.620877 0.912309,0.613217 0.914840,0.603479 0.916689,0.594521 0.918640,0.582966 0.920392,0.569333 0.920392,0.548041 0.919521,0.541030 0.918159,0.534668 0.916601,0.531422 0.913876,0.528825 0.910859,0.527397 0.907842,0.527008 0.903267,0.529994 0.900542,0.533629 0.896551,0.540380
70 0.365236,0.632148 0.378689,0.629314 0.389429,0.627740 0.396510,0.627740 0.402410,0.629944 0.406187,0.633880 0.408075,0.640019 0.407367,0.646316 0.402528,0.658438 0.390019,0.693701 0.376552,0.721408 0.372303,0.731955 0.355900,0.735891 0.328284,0.741873 0.304091,0.745494 0.270664,0.747855 0.236204,0.747541 0.203248,0.743447 0.191210,0.727705 0.186844,0.717472 0.198650,0.691025 0.207147,0.676384 0.212222,0.669615 0.221322,0.665680 0.266640,0.654345 0.290125,0.649307 0.341260,0.637186
72 0.947300,0.443868 0.950860,0.428222 0.952847,0.408604 0.952021,0.399474 0.950722,0.395381 0.946710,0.424190
59 0.075156,0.663366 0.078342,0.666827 0.089081,0.689014 0.098286,0.702232 0.106665,0.713090 0.114572,0.722374 0.122951,0.731028 0.129914,0.739997 0.135933,0.745347 0.136169,0.751799 0.134993,0.766146 0.135937,0.785658 0.137236,0.799820 0.136763,0.806744 0.134993,0.811307 0.131453,0.811307 0.125788,0.806901 0.111036,0.786130 0.071142,0.719876 0.070667,0.715288 0.071493,0.667610 0.072437,0.665092 0.074443,0.663361
17 0.514874,0.838462 0.512759,0.841923 0.511317,0.848973 0.511509,0.851281 0.511990,0.852691 0.512855,0.853332 0.514586,0.853332 0.515547,0.852434 0.516989,0.848973 0.517181,0.846538 0.515451,0.839231
61 0.191937,0.840628 0.199726,0.842673 0.242683,0.848023 0.267348,0.849125 0.306083,0.848023 0.324729,0.846764 0.338183,0.849597 0.339363,0.849911 0.345146,0.852901 0.353082,0.861875 0.357920,0.866124 0.360280,0.872732 0.360870,0.877768 0.357920,0.885006 0.344231,0.897909 0.334317,0.901371 0.312131,0.906249 0.297733,0.908924 0.267966,0.910193 0.240941,0.911924 0.208928,0.910190 0.188747,0.903739 0.178834,0.897602 0.178362,0.894612 0.179660,0.892724 0.183555,0.891465 0.186033,0.887217 0.187567,0.880293 0.191226,0.853385 0.192170,0.842843
26 0.736982,0.452445 0.795243,0.425782 0.793416,0.418988 0.736790,0.442702
17 0.533345,0.800506 0.532093,0.802168 0.529208,0.807936 0.529016,0.809218 0.529881,0.810243 0.533535,0.809474 0.535361,0.808064 0.536900,0.805885 0.537380,0.804603 0.537765,0.802168 0.537669,0.801014 0.536707,0.800117 0.535842,0.799860 0.534977,0.799860 0.534112,0.800501
17 0.526411,0.841282 0.525546,0.841154 0.524584,0.841666 0.523719,0.842820 0.523142,0.846409 0.523238,0.850255 0.523623,0.852691 0.524392,0.854998 0.525161,0.856152 0.526026,0.856793 0.527757,0.857177 0.528622,0.857049 0.531314,0.854229 0.532083,0.851665 0.532275,0.848076 0.531602,0.845640 0.530160,0.843333 0.529295,0.842436 0.527468,0.841410
17 0.516028,0.815388 0.514970,0.817952 0.514778,0.820259 0.515547,0.822566 0.516412,0.822438 0.518912,0.818977 0.520258,0.816029 0.520450,0.813721 0.519873,0.812311 0.518912,0.812183
17 0.904196,0.584394 0.902349,0.585010 0.901772,0.587165 0.902464,0.589935 0.903734,0.592089 0.906158,0.590397 0.906504,0.587319 0.905927,0.585626
17 0.905234,0.572390 0.904311,0.573160 0.903503,0.574391 0.903388,0.575622 0.903734,0.576853 0.905581,0.576853 0.907312,0.574699 0.908005,0.572236 0.907081,0.571159 0.906158,0.571159
28 0.911467,0.576853 0.914237,0.578085 0.915161,0.577777 0.916084,0.576853 0.916315,0.575468 0.915853,0.574083 0.914930,0.573622 0.912160,0.573314 0.911121,0.573775 0.910313,0.575007 0.910544,0.576238
32 0.317870,0.860585 0.310548,0.856591 0.301562,0.853929 0.293242,0.853485 0.283257,0.855260 0.279596,0.859254 0.278097,0.864756 0.278598,0.873454 0.280430,0.880421 0.284524,0.887164 0.290295,0.892204 0.297035,0.896483 0.303892,0.898305 0.311547,0.898305 0.319867,0.894311 0.325525,0.890317 0.328853,0.883217 0.329186,0.874342 0.324527,0.865910
39 0.110112,0.656415 0.111205,0.662245 0.114047,0.665743 0.118201,0.666326 0.123886,0.660204 0.128258,0.647669 0.130882,0.635134 0.131538,0.622891 0.130226,0.612979 0.127165,0.609190 0.121918,0.608315 0.117982,0.611522 0.114922,0.617352 0.111424,0.628429 0.109237,0.642713 0.109019,0.650876
22 0.364692,0.419903 0.378466,0.422235 0.405576,0.430106 0.450395,0.447597 0.468323,0.456342 0.470946,0.453427 0.468541,0.449929 0.428313,0.432150 0.414102,0.421656 0.408199,0.421073 0.403826,0.423113 0.397486,0.422530 0.371688,0.415826 0.366003,0.415826 0.364254,0.417866
16 0.746183,0.253821 0.752590,0.254770 0.751700,0.250498 0.780002,0.179300 0.778756,0.179300 0.750519,0.249500
30 0.361849,0.419907 0.348294,0.402999 0.336488,0.396003 0.335832,0.400667 0.348076,0.412328 0.359882,0.421073
31 0.407566,0.426343 0.415437,0.427509 0.420684,0.431007 0.432052,0.439753 0.441016,0.448207 0.451948,0.457243 0.473592,0.462199 0.467908,0.456952 0.455009,0.450247 0.418497,0.426926 0.413688,0.424886 0.409534,0.419347 0.406035,0.421096 0.405817,0.425469
23 0.341977,0.405646 0.347880,0.414974 0.352908,0.420221 0.358593,0.423137 0.374115,0.436255 0.391825,0.440336 0.386577,0.437712 0.378925,0.434797 0.362091,0.422845 0.353346,0.417306 0.349192,0.410602 0.345475,0.400399 0.341758,0.400690 0.340665,0.403314
