8 0.294042,0.261381 0.283327,0.258527 0.267994,0.299412 0.244690,0.351746 0.222611,0.380366 0.205439,0.407351 0.203600,0.421252 0.206411,0.416106 0.211329,0.413652 0.223910,0.411451 0.239955,0.411592 0.257938,0.411427 0.250212,0.375460 0.255921,0.358957 0.263966,0.335777 0.270372,0.320956 0.284846,0.284397
9 0.688596,0.265497 0.695614,0.261988 0.718145,0.319037 0.725504,0.334574 0.731637,0.345204 0.747583,0.367282 0.774567,0.402444 0.780348,0.420823 0.776829,0.416040 0.766748,0.413114 0.746629,0.411601 0.733356,0.411196 0.726410,0.410872 0.729427,0.393757 0.732001,0.377168 0.728571,0.363194 0.712012,0.323943 0.701586,0.295324
7 0.212515,0.752822 0.213423,0.771040 0.229982,0.794754 0.264939,0.789848 0.271685,0.775129 0.273403,0.767835 0.257785,0.764976 0.232509,0.760018
13 0.273257,0.542080 0.283683,0.564976 0.298402,0.586237 0.316187,0.596867 0.360344,0.600138 0.420446,0.599320 0.512438,0.601774 0.590939,0.601774 0.663920,0.599320 0.687225,0.586237 0.705010,0.557617 0.711143,0.544534 0.703783,0.511825 0.706236,0.490564 0.716662,0.443137 0.725248,0.413699 0.731566,0.377271 0.728564,0.364694 0.716987,0.336680 0.713128,0.329248 0.670680,0.327533 0.406125,0.325246 0.337092,0.326390 0.266773,0.329820 0.251337,0.375556 0.257340,0.405856 0.267631,0.448733 0.280494,0.508762
7 0.691518,0.765316 0.695197,0.782488 0.716662,0.792301 0.736287,0.797207 0.754073,0.788212 0.764499,0.768587 0.768178,0.752233 0.724635,0.765316 0.707463,0.765316
0 0.198169,0.533345 0.213605,0.539634 0.252624,0.541349 0.272347,0.540777 0.286497,0.571077 0.298931,0.587657 0.323800,0.599662 0.478159,0.602521 0.611937,0.603093 0.650527,0.601949 0.676682,0.597376 0.687831,0.586513 0.706268,0.556213 0.713986,0.539634 0.777445,0.537919 0.784734,0.533917 0.783876,0.544207 0.784305,0.584798 0.790308,0.609953 0.791594,0.629391 0.789450,0.670553 0.783876,0.718004 0.774443,0.740872 0.752147,0.754021 0.725134,0.762025 0.593930,0.770032 0.407842,0.770604 0.355960,0.768317 0.326803,0.768317 0.309652,0.750023 0.298075,0.743162 0.286927,0.742590 0.277494,0.745449 0.272349,0.752881 0.272778,0.765459 0.264202,0.765459 0.234617,0.756883 0.213178,0.744877 0.203316,0.731156 0.199886,0.715149 0.195169,0.675130 0.191310,0.616245 0.191310,0.609384 0.198599,0.584229 0.199457,0.539637
12 0.313082,0.208622 0.322515,0.197760 0.333963,0.192367 0.348841,0.188916 0.385975,0.186008 0.441286,0.182896 0.483306,0.181181 0.518895,0.180609 0.584068,0.182372 0.627375,0.189233 0.647956,0.195522 0.662534,0.207527 0.678399,0.226965 0.695979,0.260695 0.687403,0.263554 0.677113,0.240114 0.667680,0.222391 0.629519,0.214388 0.600791,0.210386 0.467438,0.206385 0.404836,0.207528 0.331945,0.217039 0.311765,0.222452 0.301949,0.242389 0.294231,0.260793 0.283898,0.257895 0.299361,0.226399
15 0.667027,0.222702 0.670024,0.227698 0.691881,0.274658 0.703122,0.302306 0.712489,0.328617 0.607454,0.326785 0.425359,0.324954 0.331939,0.326452 0.292722,0.328950 0.269867,0.329450 0.269367,0.327451 0.278359,0.302306 0.293471,0.263672 0.305586,0.236196 0.311831,0.223040 0.313080,0.222208 0.341180,0.215714 0.357916,0.213216 0.383519,0.211218 0.410746,0.208387 0.442094,0.207555 0.502418,0.207888 0.586721,0.209719 0.601084,0.210552 0.642673,0.217046
43 0.779113,0.730501 0.773765,0.741078 0.767474,0.745981 0.751180,0.754563 0.726906,0.761668 0.729753,0.762940 0.750577,0.758004 0.770264,0.749665 0.776449,0.741905 0.779267,0.732090
73 0.725125,0.411379 0.704301,0.506398 0.712168,0.539716 0.748726,0.539099 0.778804,0.535397 0.785746,0.535397 0.788522,0.488505 0.786209,0.458271 0.782506,0.424336 0.776491,0.416315 0.768161,0.413847 0.749188,0.411996
42 0.199446,0.714945 0.198058,0.726668 0.199446,0.739625 0.201760,0.743944 0.214717,0.753199 0.258216,0.764305 0.233337,0.756705 0.213343,0.746057 0.204536,0.734689 0.202399,0.730288
72 0.258208,0.411996 0.221380,0.412898 0.207408,0.416164 0.203400,0.421793 0.199439,0.440378 0.195737,0.479867 0.196200,0.508866 0.200364,0.531695 0.212859,0.537248 0.243400,0.539716 0.272554,0.539099 0.281809,0.506398
59 0.377136,0.465676 0.381763,0.457037 0.586762,0.457037 0.596017,0.462591 0.597868,0.497760 0.595555,0.531078 0.578433,0.537248 0.538173,0.535397 0.385465,0.536014 0.379449,0.532312 0.375747,0.522440 0.376210,0.505781
48 0.200827,0.706307 0.207768,0.721115 0.226741,0.729753 0.254044,0.733455 0.379913,0.742709 0.508558,0.743326 0.690882,0.738390 0.747800,0.730370 0.765847,0.726668 0.779730,0.718647 0.782044,0.705073 0.772326,0.714945 0.761683,0.719881 0.707541,0.727285 0.580284,0.732221 0.482180,0.733455 0.358626,0.730987 0.269314,0.725434 0.223965,0.719264 0.209157,0.714328
39 0.489645,0.376435 0.483782,0.377738 0.479454,0.380716 0.475406,0.384439 0.470799,0.398958 0.470799,0.408823 0.473451,0.420922 0.481828,0.431346 0.493275,0.435441 0.503745,0.430043 0.509609,0.424831 0.513797,0.414221 0.514076,0.401936 0.512820,0.392815 0.510028,0.387045 0.505979,0.381647 0.501512,0.377552 0.497742,0.376435 0.493694,0.376435
16 0.495137,0.108593 0.490510,0.106124 0.489122,0.115380 0.487271,0.177697 0.482643,0.190654 0.488196,0.193122 0.497451,0.193122 0.494675,0.181399 0.493749,0.167208
38 0.282326,0.528569 0.282218,0.534049 0.282759,0.542125 0.287842,0.542558 0.287734,0.538520 0.290871,0.537654 0.295197,0.537078 0.296495,0.535636 0.297469,0.539529 0.300605,0.542558 0.306879,0.542269 0.310123,0.539097 0.311205,0.536357 0.311529,0.541260 0.313260,0.543423 0.318668,0.542702 0.321372,0.542846 0.322129,0.539385 0.325482,0.542413 0.331755,0.542558 0.336081,0.538376 0.337055,0.532751 0.335000,0.528569 0.330782,0.527127 0.326239,0.527415 0.322778,0.529290 0.320615,0.533184 0.320723,0.537654 0.318776,0.538808 0.316288,0.538520 0.316505,0.531453 0.316180,0.527848 0.311638,0.527560 0.310772,0.528281 0.310989,0.532174 0.310231,0.533761 0.308501,0.529002 0.305364,0.528136 0.300713,0.527560 0.297793,0.529146 0.296495,0.531598 0.295630,0.529434 0.293791,0.528136 0.286436,0.527992
37 0.711386,0.724884 0.714340,0.720206 0.719326,0.717498 0.737976,0.715528 0.749793,0.713312 0.768259,0.709373 0.781738,0.704203 0.779707,0.708881 0.771582,0.714297 0.761611,0.718729 0.747947,0.720206 0.729666,0.723653 0.714525,0.725623
36 0.200824,0.703957 0.208026,0.707404 0.219659,0.710112 0.246802,0.715036 0.262867,0.716021 0.267668,0.717252 0.273023,0.723899 0.273392,0.725130 0.249941,0.723407 0.215227,0.717744 0.207102,0.714297 0.202301,0.708635
