5 0.471655,0.224429 0.472083,0.284705 0.469415,0.308156 0.467175,0.435242 0.465495,0.461407 0.465080,0.496046 0.305833,0.420467 0.299177,0.387398 0.303579,0.359963 0.300596,0.332859 0.296641,0.287864 0.296243,0.249073 0.302612,0.221441 0.311644,0.223838 0.311841,0.166553 0.315151,0.128545 0.319351,0.099858 0.337624,0.102394 0.369969,0.112334 0.393240,0.124765 0.403944,0.133153 0.418604,0.148374 0.445597,0.184719
11 0.491303,0.254125 0.495648,0.250461 0.508685,0.246187 0.513945,0.254736 0.520578,0.259926 0.526524,0.262369 0.529497,0.269697 0.535444,0.274887 0.643396,0.334119 0.663065,0.346942 0.683649,0.359155 0.698287,0.371673 0.706978,0.380222 0.696228,0.379611 0.670841,0.374115 0.661007,0.374421 0.655975,0.377474 0.653231,0.380832 0.653231,0.385412 0.654603,0.391824 0.660549,0.408616 0.676788,0.444033 0.675644,0.445560 0.664209,0.441896 0.644536,0.438227 0.627611,0.437311 0.595820,0.438837 0.588730,0.429067 0.571348,0.413191 0.556939,0.405863 0.543445,0.402504 0.535440,0.401894 0.518973,0.404642 0.509367,0.410137 0.501362,0.418381 0.492900,0.431204 0.487411,0.444638 0.482836,0.459904 0.481002,0.478547 0.480773,0.502667 0.465434,0.496255 0.465567,0.462670 0.467737,0.437023 0.469109,0.308179 0.472500,0.284761 0.485120,0.286170 0.494497,0.285254 0.500672,0.282506 0.502273,0.277621 0.500215,0.270904 0.498842,0.268156
3 0.227779,0.109235 0.235226,0.105196 0.248024,0.100848 0.271061,0.098362 0.286187,0.097741 0.310620,0.099294 0.305733,0.116380 0.301778,0.138124 0.299451,0.154588 0.295727,0.194972 0.295029,0.212367 0.295029,0.219202 0.302052,0.221167 0.295727,0.246538 0.295029,0.265487 0.297133,0.302175 0.302252,0.359022 0.298762,0.385737 0.305979,0.420859 0.245477,0.392901 0.231250,0.384814 0.223571,0.375805 0.213333,0.352818 0.207980,0.336043 0.192157,0.292554 0.188186,0.277003 0.177249,0.216739 0.177249,0.211147 0.192607,0.190334 0.214711,0.135022
9 0.170850,0.142850 0.182377,0.154094 0.177500,0.159421 0.177500,0.167411 0.179717,0.178359 0.183485,0.185757 0.191687,0.190788 0.176576,0.211215 0.176835,0.217096 0.188245,0.277668 0.192391,0.293237 0.209497,0.341328 0.213125,0.353956 0.224281,0.377172 0.234907,0.388244 0.214303,0.381151 0.206000,0.347407 0.198098,0.324401 0.190186,0.306051 0.184613,0.295845 0.180078,0.289271 0.174376,0.283044 0.168804,0.278200 0.163880,0.275432 0.159085,0.274740 0.153643,0.276297 0.150014,0.279411 0.145220,0.287537 0.134465,0.276466 0.121884,0.249817 0.122920,0.245838 0.123309,0.238573 0.113843,0.193409 0.114750,0.187527 0.117082,0.179743 0.120578,0.173845 0.125243,0.168482 0.131981,0.169001 0.148568,0.166579 0.156861,0.158103
7 0.149731,0.332240 0.149151,0.345414 0.151183,0.365176 0.154666,0.380676 0.159891,0.401600 0.168084,0.415869 0.177016,0.427175 0.190369,0.430274 0.201689,0.429887 0.211730,0.426240 0.219754,0.420936 0.221717,0.412062 0.223051,0.397799 0.217944,0.396563 0.216202,0.393075 0.212719,0.380288 0.203431,0.342702 0.196754,0.323327 0.190659,0.308603 0.183983,0.296203 0.178177,0.287291 0.168599,0.286903 0.160761,0.290778 0.155537,0.296978 0.151763,0.311315 0.150022,0.322940
6 0.709180,0.380708 0.750398,0.391558 0.772458,0.398920 0.788132,0.405507 0.811354,0.396983 0.836897,0.383033 0.837187,0.378383 0.837954,0.374191 0.839330,0.372722 0.841807,0.372967 0.843642,0.374313 0.844835,0.376149 0.851165,0.370274 0.855661,0.363419 0.858872,0.356319 0.858872,0.351056 0.852450,0.338080 0.843183,0.325962 0.833275,0.315295 0.817402,0.301831 0.803732,0.291426 0.775749,0.273651 0.728775,0.248542 0.713086,0.241075 0.702444,0.237158 0.695654,0.233485 0.688773,0.230910 0.691709,0.233114 0.694278,0.236051 0.693636,0.237765 0.692535,0.238622 0.687764,0.242049 0.681554,0.244618 0.668222,0.248048 0.648221,0.252939 0.613358,0.259426 0.595813,0.262410 0.571154,0.264939 0.551245,0.265918 0.533997,0.263847 0.528217,0.262500 0.529226,0.267274 0.533538,0.272538 0.544547,0.279515 0.601522,0.310239 0.663176,0.345645 0.679782,0.356417 0.698315,0.371229
7 0.514117,0.584125 0.524912,0.600752 0.547331,0.618487 0.566429,0.623476 0.589264,0.624584 0.602964,0.614608 0.619571,0.594101 0.628705,0.569715 0.630781,0.534798 0.622893,0.497664 0.606701,0.458868 0.587603,0.430602 0.568920,0.419518 0.552313,0.417855 0.532385,0.418963 0.519099,0.425060 0.504153,0.445566 0.495434,0.472170 0.495019,0.506532 0.498341,0.547546 0.506644,0.571378
0 0.113774,0.276180 0.117139,0.294080 0.118449,0.308069 0.123653,0.325529 0.142013,0.349444 0.149225,0.356444 0.143980,0.331945 0.141904,0.321270 0.141664,0.309808 0.142231,0.300447 0.145510,0.288197 0.134144,0.277114 0.121249,0.249116 0.115785,0.245033 0.117315,0.254366 0.117097,0.263115 0.114692,0.269532
1 0.866587,0.387529 0.871018,0.391607 0.874686,0.399356 0.875908,0.403230 0.876214,0.438098 0.875297,0.449109 0.873311,0.460120 0.867499,0.472782 0.859553,0.484609 0.858331,0.488687 0.862304,0.493785 0.862609,0.501329 0.860776,0.513360 0.852983,0.530488 0.841522,0.546801 0.828367,0.561930 0.804682,0.581506 0.786957,0.594352 0.780692,0.597614 0.767856,0.598838 0.741268,0.599245 0.699858,0.597410 0.665305,0.593737 0.631993,0.584765 0.631688,0.537051 0.629395,0.521554 0.624964,0.497493 0.611354,0.463212 0.604631,0.452201 0.596532,0.440170 0.608145,0.438335 0.618994,0.438335 0.632594,0.437519 0.650014,0.439151 0.667434,0.443229 0.703954,0.453424 0.728862,0.456687 0.762191,0.459747 0.783431,0.459951 0.790918,0.455669 0.801920,0.441803 0.812922,0.438337 0.843352,0.418542 0.846561,0.420173 0.849922,0.418542 0.853895,0.414871 0.854506,0.408550 0.859702,0.401210 0.864592,0.391830
14 0.558563,0.122575 0.581574,0.140852 0.599994,0.156384 0.627175,0.181856 0.649165,0.203048 0.660007,0.214663 0.675302,0.232628 0.677287,0.236500 0.675760,0.239149 0.657283,0.242817 0.605669,0.254636 0.529914,0.259536 0.517697,0.254849 0.509289,0.245681 0.458271,0.174128 0.444527,0.156196 0.428340,0.136634 0.415819,0.122777 0.421011,0.121147 0.461325,0.117072 0.489422,0.116664 0.541342,0.118498
12 0.490611,0.253637 0.494126,0.249967 0.507573,0.245277 0.466468,0.186348 0.434379,0.144139 0.414657,0.121677 0.422603,0.120045 0.461568,0.117191 0.477460,0.116579 0.506646,0.116375 0.541180,0.118006 0.554932,0.120453 0.559211,0.122084 0.589031,0.146568 0.611799,0.166551 0.656568,0.210187 0.666042,0.221402 0.669098,0.221402 0.669557,0.217731 0.668487,0.215488 0.610421,0.159210 0.596516,0.146975 0.564579,0.121895 0.543645,0.111292 0.525614,0.104155 0.488626,0.093797 0.457741,0.088088 0.427333,0.083194 0.403025,0.081563 0.349369,0.079932 0.325379,0.079932 0.296040,0.080951 0.259825,0.086457 0.238585,0.092166 0.219637,0.099507 0.206329,0.108886 0.191508,0.121328 0.177756,0.134582 0.171185,0.141923 0.182645,0.153342 0.193189,0.140292 0.204497,0.127853 0.223597,0.111133 0.229862,0.106647 0.240559,0.101753 0.252477,0.098694 0.278760,0.096248 0.301834,0.096451 0.338813,0.101553 0.364943,0.109302 0.379459,0.115623 0.395376,0.125214 0.407753,0.136225 0.419061,0.148460 0.430521,0.162937 0.445190,0.182920 0.475463,0.228429
35 0.303091,0.268911 0.309810,0.270949 0.318972,0.275839 0.328135,0.279100 0.329662,0.281952 0.329356,0.285620 0.327218,0.287047 0.307825,0.281341 0.300953,0.276858 0.300648,0.271968
50 0.472909,0.226751 0.483903,0.242849 0.493677,0.259966 0.499174,0.271174 0.501312,0.277898 0.499174,0.281974 0.492913,0.284419 0.480697,0.285030 0.472756,0.283604
41 0.445422,0.194555 0.471382,0.232253 0.472145,0.283604 0.438703,0.274026 0.409078,0.267913 0.392281,0.263023 0.388768,0.249778 0.387394,0.233068 0.388921,0.229604 0.405719,0.223083 0.421295,0.221249 0.429846,0.221453 0.444506,0.228789
35 0.189448,0.228747 0.194793,0.231599 0.201054,0.234045 0.206704,0.235267 0.207315,0.238935 0.206704,0.241788 0.203497,0.241788 0.187769,0.236897 0.185936,0.234860 0.186241,0.231396 0.187158,0.228950
69 0.326755,0.105460 0.345538,0.109536 0.361725,0.114630 0.378828,0.122781 0.395014,0.132766 0.411659,0.148253 0.444338,0.192268 0.444033,0.227316 0.429678,0.220796 0.417767,0.220184 0.401886,0.223241 0.387685,0.229762 0.386768,0.235467 0.388448,0.250547 0.314844,0.224464 0.314692,0.164554 0.321411,0.104441
66 0.307820,0.102058 0.300337,0.140367 0.296367,0.173175 0.293771,0.202314 0.293618,0.217511 0.210536,0.190308 0.211758,0.148307 0.227334,0.112647 0.235885,0.107552 0.253599,0.103884 0.270244,0.102458 0.291928,0.101847
54 0.311790,0.099755 0.318967,0.099551 0.312401,0.146011 0.309805,0.201437 0.309805,0.223241 0.295298,0.217943 0.297283,0.180041 0.302475,0.139898
58 0.588396,0.428761 0.576577,0.418694 0.570794,0.413661 0.562998,0.409634 0.553569,0.405607 0.543007,0.402755 0.533703,0.403426 0.526411,0.404097 0.515975,0.407956 0.507300,0.413493 0.498498,0.423056 0.492840,0.433123 0.487560,0.446377 0.483536,0.460471 0.481776,0.472551 0.481399,0.483289 0.481525,0.495536 0.482531,0.516173 0.495229,0.510804 0.494726,0.505100 0.494793,0.493513 0.495104,0.472383 0.503779,0.445539 0.518867,0.425070 0.532446,0.418862 0.551934,0.417520 0.569159,0.419197 0.587893,0.430606 0.595060,0.441009 0.592168,0.434465
67 0.223660,0.114016 0.207092,0.127871 0.190523,0.147027 0.182124,0.159253 0.180597,0.163532 0.181971,0.172295 0.185331,0.179630 0.191286,0.184113 0.195104,0.185336
56 0.177040,0.286742 0.173143,0.282380 0.168113,0.278353 0.162456,0.275668 0.158306,0.275165 0.154283,0.276507 0.150888,0.278353 0.145734,0.287246 0.143220,0.299829 0.142717,0.306708 0.142843,0.317278 0.143471,0.325164 0.148752,0.351337 0.149632,0.321641 0.151518,0.309896 0.154913,0.297648 0.160068,0.291105 0.168743,0.286910
46 0.591913,0.503973 0.596313,0.516724 0.598451,0.529810 0.599205,0.542562 0.598451,0.556487 0.595559,0.570245 0.590907,0.581486 0.583615,0.592224 0.576699,0.597761 0.568904,0.600613 0.560606,0.601787 0.550170,0.598935 0.536591,0.589875 0.527664,0.581654 0.521503,0.571755 0.514840,0.557662 0.509936,0.541387 0.507925,0.528300 0.507422,0.510684 0.508427,0.497597 0.511571,0.486859 0.518234,0.473772 0.525778,0.466222 0.533578,0.459822 0.541876,0.458312 0.551306,0.458983 0.568154,0.467540 0.580098,0.478948 0.586888,0.491532
46 0.166731,0.316272 0.174150,0.316104 0.178802,0.319292 0.184334,0.325332 0.189112,0.334056 0.193386,0.346807 0.195776,0.359925 0.197034,0.372844 0.197536,0.382743 0.197411,0.396501 0.196028,0.404386 0.191376,0.412775 0.187478,0.416466 0.181694,0.415292 0.176288,0.412104 0.171007,0.405057 0.165852,0.394152 0.161200,0.382239 0.158308,0.369992 0.156800,0.342476 0.158308,0.328215 0.161200,0.320497
73 0.113421,0.194099 0.112038,0.219433 0.112164,0.231010 0.114930,0.242587 0.115810,0.244265 0.121342,0.248627 0.122725,0.244265 0.123103,0.238225
71 0.708178,0.382381 0.736463,0.388928 0.760129,0.395861 0.787259,0.406644 0.795051,0.422050 0.801978,0.438996 0.795629,0.448624 0.785816,0.458252 0.773982,0.459793 0.749739,0.458637 0.712219,0.452860 0.677297,0.445158 0.657094,0.397786 0.654207,0.387003 0.655362,0.380455 0.659403,0.375834 0.665175,0.375063 0.674122,0.375449
63 0.789743,0.406884 0.807360,0.400444 0.821839,0.393682 0.833905,0.386275 0.838732,0.382411 0.838249,0.376937 0.839697,0.374039 0.841386,0.373717 0.843317,0.375005 0.844765,0.377259 0.850798,0.371141 0.855625,0.364701 0.859968,0.353752 0.865760,0.380479 0.865760,0.386275 0.859003,0.399478 0.854418,0.405596 0.853453,0.413646 0.851281,0.417189 0.841631,0.416542 0.816292,0.434575 0.805673,0.439727 0.803501,0.439083
59 0.874210,0.425559 0.861902,0.437795 0.849112,0.453252 0.834150,0.465488 0.830530,0.501553 0.835876,0.507676 0.839218,0.502841 0.872762,0.463556 0.875416,0.453252 0.877106,0.427491 0.875899,0.424915
60 0.794343,0.524464 0.795550,0.567614 0.809064,0.559241 0.827163,0.545717 0.841884,0.527040 0.854433,0.506110 0.857088,0.491297 0.858294,0.481959 0.849848,0.492907 0.835851,0.508686 0.830542,0.502889 0.817993,0.513516 0.801583,0.519634
61 0.692263,0.528972 0.680921,0.539277 0.678507,0.546361 0.680197,0.551835 0.688643,0.558275 0.697331,0.561495 0.719774,0.566970 0.761282,0.571478 0.787586,0.571156 0.794343,0.568258 0.792413,0.523820 0.773107,0.525108 0.742700,0.525108 0.706018,0.523820 0.700227,0.524464 0.695642,0.527040
52 0.480293,0.504780 0.480052,0.509288 0.481982,0.518626 0.217439,0.395860 0.214785,0.389419 0.213819,0.382979 0.215267,0.381047 0.287423,0.412282
47 0.147160,0.201597 0.149108,0.203286 0.151153,0.207444 0.152419,0.215241 0.152322,0.223428 0.151445,0.231226 0.149010,0.238373 0.145115,0.241102 0.140927,0.238633 0.137908,0.234214 0.136934,0.227587 0.137324,0.218880 0.138395,0.210693 0.141511,0.204066 0.143811,0.202128
27 0.389457,0.256600 0.388818,0.250917 0.303199,0.221209 0.302347,0.222346 0.302347,0.226324
17 0.187305,0.366786 0.185602,0.367923 0.185495,0.369059 0.185815,0.372469 0.186773,0.373464 0.188583,0.372896 0.189648,0.370622 0.189648,0.369486 0.188264,0.367212
30 0.523090,0.257172 0.545092,0.255696 0.558249,0.255844 0.574502,0.255254 0.589760,0.256581 0.601369,0.256729 0.601480,0.260417 0.524969,0.261598
21 0.389998,0.250089 0.395855,0.252078 0.408740,0.254351 0.447926,0.256909 0.453144,0.239574 0.452931,0.237017 0.449949,0.233749 0.442389,0.228207 0.431314,0.221813 0.426310,0.221387 0.416406,0.221245 0.402776,0.223944 0.387336,0.230480 0.387016,0.235880
25 0.301906,0.220768 0.301054,0.222615 0.301586,0.226167 0.190616,0.189917 0.192853,0.185086
17 0.567538,0.527584 0.565834,0.527868 0.563278,0.530142 0.562639,0.531279 0.563278,0.533552 0.564875,0.535683 0.568496,0.536820 0.570200,0.535541 0.570945,0.533126 0.570839,0.529573
17 0.545815,0.529716 0.544004,0.531279 0.543472,0.534689 0.543685,0.535825 0.544430,0.536962 0.546773,0.538099 0.548583,0.538241 0.549542,0.538099 0.551245,0.536110 0.551778,0.533552 0.551352,0.531279 0.549648,0.529573
17 0.556463,0.541083 0.555185,0.543214 0.555079,0.545629 0.555398,0.546766 0.557102,0.548898 0.558912,0.550034 0.560616,0.550318 0.562426,0.548471 0.562959,0.544919 0.562852,0.542646 0.561574,0.540372 0.559019,0.539946
29 0.480409,0.327838 0.490951,0.331390 0.493400,0.333095 0.494465,0.335937 0.493719,0.341762 0.491057,0.344462 0.487224,0.343467 0.478385,0.339631 0.476788,0.337358 0.476469,0.334232 0.476788,0.331958 0.478172,0.329685
17 0.560297,0.508686 0.556996,0.510107 0.556357,0.511386 0.556570,0.515933 0.558060,0.518206 0.559019,0.518633 0.562639,0.518775 0.564343,0.517070 0.564662,0.515933 0.564662,0.512239 0.563278,0.509965 0.561574,0.508829
17 0.178255,0.351437 0.175699,0.352574 0.175061,0.353711 0.175699,0.356268 0.176977,0.358542 0.177829,0.358968 0.179533,0.358968 0.180385,0.358258 0.181237,0.355984 0.181237,0.353711 0.180811,0.352574
17 0.545708,0.510818 0.544430,0.513660 0.544111,0.515933 0.544430,0.517070 0.546240,0.518775 0.548264,0.519059 0.549222,0.518775 0.550819,0.516501 0.551352,0.515365 0.551352,0.513091 0.549754,0.510818 0.548051,0.510392
17 0.175859,0.364580 0.174155,0.365149 0.173729,0.366285 0.173729,0.368559 0.174155,0.369695 0.175859,0.370690 0.176604,0.370832 0.177882,0.370264 0.179054,0.366854 0.178095,0.364154
17 0.184483,0.353074 0.182673,0.353642 0.181928,0.354921 0.181928,0.357195 0.183419,0.359184 0.185335,0.359468 0.186187,0.358616 0.185868,0.354069
17 0.181929,0.374242 0.181077,0.374526 0.180118,0.376800 0.180438,0.379073 0.181396,0.380068 0.183313,0.380494 0.185230,0.379358 0.185656,0.377084 0.185123,0.375805
16 0.291220,0.049728 0.304855,0.080050 0.307036,0.080050 0.292674,0.048758
Мелкие 0.668689,0.222795 0.678324,0.235166 0.677233,0.243414 0.680324,0.243171 0.689595,0.239290 0.689050,0.234681 0.684141,0.231528
18 0.809611,0.497513 0.807065,0.494359 0.804338,0.495087 0.801248,0.497756 0.799434,0.501638 0.799612,0.508186 0.800884,0.511097 0.804157,0.511825 0.806884,0.510855 0.809792,0.505275 0.810338,0.501152
39 0.841434,0.378370 0.840161,0.383464 0.840706,0.394380 0.842706,0.405539 0.845070,0.414029 0.847615,0.418395 0.851796,0.417667 0.853432,0.414514 0.854705,0.408935 0.853977,0.398746 0.852159,0.387588 0.850342,0.381281 0.846706,0.378127 0.843433,0.376672
22 0.609233,0.251251 0.622279,0.246825 0.639085,0.241956 0.639600,0.241893 0.664404,0.238858 0.669933,0.238858 0.670375,0.242694 0.661198,0.243284 0.651911,0.244759 0.637427,0.248595 0.621616,0.251103 0.611444,0.254054 0.609233,0.251251
23 0.649043,0.235475 0.641856,0.239016 0.640971,0.242852 0.647826,0.240048 0.656450,0.237540 0.668281,0.237688 0.682212,0.242261 0.691499,0.239016 0.690394,0.236213 0.683760,0.237835 0.674251,0.236950 0.663084,0.234885 0.655787,0.234885
31 0.570522,0.249500 0.564772,0.251418 0.568753,0.254368 0.600042,0.255844 0.642721,0.253036 0.661849,0.249200 0.660522,0.245955 0.647918,0.247578 0.615965,0.253036 0.602255,0.252741 0.579147,0.250528
