10 0.000000,0.285390 0.014526,0.281015 0.045104,0.275918 0.098333,0.270822 0.123999,0.270581 0.150429,0.263177 0.142501,0.274219 0.137971,0.286960 0.147031,0.290358 0.157224,0.297153 0.157407,0.304167 0.150700,0.312838 0.142418,0.330807 0.139983,0.339440 0.139444,0.342582 0.139470,0.348111 0.139608,0.357259 0.143633,0.378138 0.143804,0.377869 0.143867,0.378722 0.144870,0.402512 0.148164,0.433905 0.154959,0.462785 0.139104,0.459387 0.137971,0.450893 0.119851,0.409273 0.107407,0.391667 0.087037,0.370833 0.079505,0.362899 0.069571,0.355336 0.057562,0.349815 0.046625,0.345813 0.030381,0.343870 0.020388,0.343654 0.013394,0.346418 0.000000,0.357460 0.000000,0.285390
8 0.997280,0.558558 0.976894,0.550064 0.953111,0.542420 0.929328,0.535625 0.907937,0.531815 0.880857,0.531152 0.846076,0.533456 0.807016,0.541570 0.777570,0.554275 0.753715,0.569754 0.739016,0.585929 0.725474,0.615467 0.690366,0.606124 0.657523,0.594233 0.680173,0.592534 0.720944,0.569600 0.763980,0.541570 0.813811,0.505046 0.855714,0.477016 0.895353,0.446438 0.919136,0.416710 0.923666,0.392927 0.920268,0.378487 0.954244,0.381035 0.992750,0.377638 0.996147,0.373391
4 0.477526,0.329399 0.457195,0.347697 0.451498,0.360300 0.439576,0.398522 0.434154,0.444265 0.434154,0.472727 0.427378,0.498140 0.431444,0.526602 0.434293,0.535503 0.157601,0.463724 0.148125,0.436007 0.149072,0.423925 0.143387,0.384127 0.139597,0.342907 0.147177,0.321586 0.160285,0.298609 0.171818,0.298766 0.186909,0.298689 0.199532,0.298086 0.202955,0.288425 0.203275,0.272454 0.201338,0.260639 0.198091,0.254338 0.181971,0.253649 0.214250,0.238151 0.243630,0.225216 0.322119,0.197348 0.392428,0.184557 0.458168,0.181857 0.526966,0.182997 0.549343,0.183560 0.481672,0.276105 0.460222,0.321201 0.479950,0.323398
2 0.861654,0.232859 0.917148,0.378105 0.922810,0.412081 0.913750,0.429069 0.897895,0.445207 0.839004,0.485129 0.758594,0.545436 0.694041,0.585356 0.679318,0.591301 0.662330,0.593000 0.641944,0.588753 0.435825,0.535241 0.429030,0.501266 0.433560,0.475784 0.441488,0.387447 0.453945,0.359417 0.456210,0.349224 0.482160,0.323706 0.506386,0.325036 0.524162,0.280424 0.578523,0.186141 0.637414,0.188689 0.690643,0.195484 0.775582,0.208225 0.839004,0.222665
7 0.997895,0.729724 0.968171,0.745099 0.932638,0.753043 0.898131,0.751505 0.847223,0.743304 0.819890,0.731773 0.787091,0.710761 0.772058,0.695899 0.758050,0.675655 0.749509,0.643624 0.751558,0.625943 0.761467,0.603906 0.779233,0.578539 0.799391,0.564702 0.829115,0.551121 0.845777,0.544184 0.863623,0.541383 0.886514,0.538052 0.920597,0.538419 0.938788,0.539846 0.953480,0.542921 0.990037,0.555989 0.999262,0.561371
7 0.046237,0.357460 0.022454,0.364255 0.009555,0.378264 0.005076,0.401748 0.007364,0.418122 0.011129,0.433056 0.021321,0.458538 0.042839,0.480622 0.065490,0.495062 0.097200,0.496760 0.120983,0.487417 0.136839,0.474676 0.135706,0.457688 0.131176,0.433905 0.119621,0.409816 0.108526,0.393984 0.092645,0.377334 0.087037,0.372222 0.082042,0.367634 0.070020,0.360858
6 0.165408,0.252722 0.130889,0.255579 0.095380,0.260342 0.042639,0.270201 0.000000,0.283278 0.000000,0.285349 0.015415,0.279935 0.045236,0.275379 0.105983,0.269373 0.122827,0.269787 0.135252,0.264610 0.146574,0.258397 0.161984,0.254751
35 0.370724,0.361877 0.416591,0.369174 0.426717,0.369919 0.431681,0.373791 0.431681,0.377514 0.428306,0.380343 0.420761,0.381088 0.370526,0.372600 0.366158,0.368877 0.366356,0.365005
35 0.760708,0.419954 0.833578,0.429336 0.841917,0.431421 0.851448,0.434697 0.852441,0.439016 0.850654,0.443335 0.845491,0.444675 0.835166,0.444526 0.756737,0.430677 0.752368,0.428145 0.752765,0.424124 0.756141,0.420699
12 0.999592,0.307214 1.000000,0.275254 1.000000,0.247524 0.975309,0.236233 1.000000,0.226156 1.000000,0.200850 0.975216,0.196137 0.943866,0.187347 0.855781,0.174813 0.752040,0.164761 0.568310,0.159114 0.469514,0.161473 0.382610,0.173697 0.302662,0.195490 0.230048,0.223508 0.180016,0.246950 0.167001,0.252306 0.155330,0.260246 0.178866,0.254890 0.194124,0.247302 0.232310,0.229077 0.274077,0.212860 0.303448,0.202600 0.323776,0.196676 0.352060,0.190079 0.390609,0.183588 0.454197,0.180677 0.543378,0.182102 0.589010,0.184906 0.624243,0.186688 0.736474,0.201613 0.783868,0.209057 0.837139,0.221183 0.892803,0.244598 0.947645,0.273144
40 0.214833,0.295244 0.223248,0.270505 0.233346,0.246018 0.224594,0.242484 0.209111,0.244251 0.191272,0.251572 0.171750,0.256873 0.149872,0.260407 0.143140,0.263689 0.141120,0.269495 0.144823,0.277321 0.147516,0.286914 0.155257,0.296506 0.168721,0.297769 0.188916,0.297264 0.204399,0.298021
53 0.550192,0.183548 0.537624,0.199069 0.495750,0.257885 0.481269,0.276934 0.475969,0.289768 0.461262,0.319434 0.506181,0.323945 0.517408,0.295375 0.525010,0.276083 0.542549,0.246906 0.578401,0.185938
64 0.572714,0.212949 0.537716,0.274498 0.515188,0.324280 0.660813,0.340270 0.902986,0.369234 0.888102,0.333029 0.862758,0.264843 0.846265,0.255792 0.790348,0.243724 0.711501,0.228336 0.661618,0.220190 0.609724,0.214156
65 0.871608,0.246741 0.936778,0.279325 0.996717,0.320056 0.999131,0.323375 0.998729,0.367122 0.981833,0.371648 0.957696,0.373458 0.920284,0.371346
68 0.517105,0.202691 0.479290,0.201183 0.428201,0.201786 0.352572,0.208122 0.315160,0.215665 0.266484,0.228940 0.236313,0.241612 0.222233,0.271179 0.214992,0.295618 0.235509,0.295919 0.287403,0.300445 0.337688,0.306479 0.452338,0.316737 0.521932,0.203898
57 0.082578,0.366608 0.071606,0.358577 0.059468,0.352037 0.045790,0.346907 0.032113,0.344796 0.022676,0.344248 0.018483,0.345298 0.008829,0.349695 0.000000,0.357914 0.000000,0.362242 0.000735,0.426860 0.007171,0.431386 0.004758,0.401517 0.007171,0.387337 0.009661,0.377799 0.021477,0.363097 0.047550,0.356868 0.062279,0.358831 0.071026,0.360348
55 0.727994,0.627496 0.729201,0.612713 0.732419,0.602153 0.737247,0.591291 0.744085,0.582240 0.757763,0.568361 0.787129,0.550259 0.812071,0.542113 0.840230,0.535777 0.882470,0.532760 0.913319,0.533555 0.936538,0.538740 0.884312,0.537343 0.845862,0.543320 0.816147,0.554919 0.794800,0.565968 0.776670,0.581335 0.763797,0.596722 0.752533,0.618747 0.727994,0.627496
46 0.998729,0.642280 0.987465,0.630212 0.972983,0.617842 0.958501,0.609092 0.947639,0.603963 0.928330,0.596722 0.890515,0.590386 0.875229,0.589179 0.857931,0.590989 0.843046,0.594007 0.824542,0.599437 0.810059,0.608790 0.802818,0.615730 0.796382,0.624781 0.790750,0.635642 0.789543,0.645900 0.789945,0.661891 0.798393,0.680597 0.814485,0.699906 0.824944,0.707147 0.844656,0.718612 0.868792,0.729172 0.899366,0.735206 0.924307,0.737922 0.949248,0.735810 0.979419,0.723741 0.995108,0.713785 1.000000,0.708904
46 0.038951,0.385828 0.049008,0.386432 0.069525,0.396388 0.085616,0.417809 0.093259,0.438024 0.097282,0.459747 0.092857,0.472117 0.084811,0.481772 0.064697,0.484185 0.053031,0.479056 0.042170,0.470910 0.035331,0.461859 0.023262,0.439532 0.018033,0.426861 0.016826,0.414189 0.021653,0.396991 0.026078,0.390656 0.033319,0.386733
51 0.139597,0.460292 0.141681,0.470923 0.720595,0.631020 0.726015,0.629770 0.726432,0.615699 0.410179,0.528146 0.144183,0.459041
20 0.159054,0.286140 0.157351,0.271857 0.160757,0.268490 0.181813,0.260013 0.194973,0.257923 0.197915,0.258039 0.197296,0.255601 0.188471,0.255020 0.172679,0.256762 0.154564,0.262103 0.143417,0.267096 0.143417,0.270696 0.146823,0.286372
26 0.203290,0.293678 0.200810,0.298142 0.478593,0.327905 0.481569,0.321952
24 0.483047,0.321952 0.478583,0.327904 0.914106,0.377384 0.914106,0.369200
29 0.119664,0.320492 0.129243,0.321929 0.135373,0.324802 0.136522,0.327676 0.134224,0.330549 0.128477,0.331986 0.116216,0.331411 0.114300,0.327101 0.114300,0.323940 0.116599,0.320779
19 0.055606,0.429734 0.060337,0.430152 0.061728,0.432030 0.064233,0.438291 0.062841,0.440378 0.057276,0.441004 0.053658,0.437874 0.051989,0.433700
28 0.950771,0.723523 0.950091,0.719442 0.946464,0.717402 0.943517,0.717912 0.943290,0.720462 0.947371,0.725053
19 0.893655,0.654930 0.899769,0.655760 0.905056,0.658890 0.907282,0.663690 0.907282,0.668491 0.904778,0.672038 0.897265,0.674752 0.887247,0.673082 0.881125,0.669117 0.880012,0.664108 0.881125,0.659308 0.885577,0.656803
16 1.000000,0.176365 0.982666,0.183498 0.964697,0.184670 0.956103,0.189358 1.000000,0.199216
