4 0.144459,0.426468 0.137301,0.442426 0.137860,0.468524 0.143341,0.528626 0.151282,0.564866 0.157993,0.600062 0.163139,0.609010 0.270964,0.666875 0.256423,0.625266 0.256199,0.589473 0.244678,0.529521 0.241435,0.501483 0.240316,0.483885 0.240764,0.453909 0.255105,0.418990 0.250047,0.418713 0.250607,0.392614 0.262351,0.320880 0.278681,0.259138 0.263358,0.261524 0.247251,0.266446 0.230473,0.273754 0.220295,0.279719 0.207991,0.290009 0.192332,0.306414 0.166047,0.345189 0.145690,0.384114
2 0.396930,0.282888 0.420804,0.426022 0.421260,0.433321 0.418219,0.470015 0.412441,0.504479 0.389786,0.587194 0.384464,0.611724 0.379142,0.646391 0.374581,0.685924 0.369715,0.707819 0.364546,0.712076 0.356639,0.711063 0.322580,0.693019 0.271301,0.666912 0.256580,0.625456 0.256403,0.589418 0.244743,0.529826 0.241564,0.501874 0.240445,0.483267 0.240857,0.454295 0.255490,0.418768 0.267709,0.419356 0.267297,0.397921 0.271772,0.342804 0.282431,0.286359 0.289203,0.258722 0.311579,0.257073 0.330776,0.256994 0.356274,0.260371 0.371466,0.264767 0.380712,0.269007 0.388013,0.273168 0.396022,0.279293
10 0.089112,0.489912 0.092503,0.459008 0.093351,0.445817 0.096461,0.433757 0.101266,0.424899 0.105458,0.419355 0.108520,0.417376 0.113370,0.426689 0.117988,0.429495 0.129441,0.429483 0.138823,0.427632 0.144358,0.425480 0.136467,0.442424 0.137880,0.472575 0.142968,0.529672 0.150600,0.564534 0.157384,0.600337 0.162331,0.608440 0.159221,0.608440 0.134065,0.537398 0.125142,0.516828 0.117670,0.504986 0.113537,0.497864 0.106600,0.489517 0.100772,0.487866 0.096762,0.488752 0.094847,0.491060 0.093079,0.493680 0.091383,0.506305 0.093553,0.527282 0.092317,0.528852 0.090666,0.519121 0.089112,0.503668 0.089112,0.489912
8 0.462013,0.362562 0.516550,0.326827 0.576542,0.388948 0.588735,0.400187 0.600839,0.408052 0.612453,0.413068 0.623256,0.415977 0.648433,0.422270 0.746379,0.446938 0.754958,0.458341 0.767583,0.482652 0.674090,0.516725 0.654612,0.533139 0.643237,0.549552 0.622513,0.588819 0.615501,0.605648 0.613942,0.611050 0.614098,0.616867 0.615968,0.625178 0.622980,0.635774 0.631862,0.646369 0.628901,0.654264 0.619864,0.662159 0.612540,0.665484 0.530110,0.672132 0.506581,0.678365 0.478533,0.642422 0.466690,0.629748 0.457653,0.622892 0.444252,0.615621 0.428826,0.612920 0.417139,0.614166 0.404829,0.620607 0.393454,0.637228 0.386130,0.669847 0.387533,0.697687 0.393766,0.726566 0.393610,0.735292 0.363069,0.714931 0.370860,0.707867 0.374288,0.694778 0.377872,0.661121 0.384261,0.612920 0.401089,0.546643 0.413867,0.501351 0.418541,0.470187 0.421814,0.439853 0.421814,0.434244 0.431319,0.433205 0.440512,0.430296 0.450797,0.422817 0.465288,0.405572 0.471521,0.393522 0.472144,0.385835 0.470586,0.379186
7 0.505023,0.678365 0.520449,0.704335 0.536187,0.739863 0.539771,0.749835 0.534940,0.751082 0.542108,0.790765 0.555197,0.867637 0.562677,0.887790 0.544913,0.902126 0.521384,0.919578 0.495985,0.914384 0.460146,0.888205 0.441375,0.858141 0.424459,0.822232 0.413205,0.790236 0.408478,0.762210 0.406266,0.739845 0.405954,0.717509 0.408233,0.688250 0.415543,0.673667 0.424507,0.658880 0.439851,0.644093 0.453524,0.637206 0.465222,0.635889 0.477983,0.643080 0.485352,0.651689
7 0.116411,0.504795 0.101317,0.518385 0.093963,0.527845 0.090222,0.537478 0.087641,0.549692 0.086738,0.563797 0.088416,0.583751 0.094350,0.601813 0.103768,0.622283 0.114734,0.636388 0.125958,0.646365 0.136795,0.649805 0.154083,0.652558 0.171242,0.648601 0.176918,0.635184 0.176531,0.631056 0.159889,0.636732 0.158082,0.635012 0.140279,0.564485 0.140537,0.560529 0.141956,0.560013 0.133441,0.536790 0.124926,0.517696
13 0.588737,0.400053 0.613625,0.390949 0.643359,0.381845 0.694238,0.363050 0.738949,0.344549 0.792691,0.319881 0.814496,0.309308 0.842028,0.292569 0.842937,0.286880 0.846094,0.287181 0.868118,0.293395 0.946932,0.310232 0.966776,0.313740 0.974970,0.343305 0.979404,0.369964 0.981133,0.387303 0.979705,0.430198 0.978352,0.453550 0.975646,0.478605 0.968129,0.503961 0.959786,0.525509 0.943174,0.547357 0.916039,0.578526 0.884845,0.605787 0.842752,0.637657 0.820653,0.650887 0.816068,0.651388 0.809904,0.649484 0.804342,0.642969 0.797276,0.629640 0.790737,0.616009 0.798028,0.582134 0.798704,0.575420 0.797727,0.569206 0.795472,0.559184 0.782994,0.517591 0.769991,0.485721 0.756468,0.460169 0.746689,0.446233 0.702942,0.435810 0.612817,0.412960 0.600640,0.407147 0.592898,0.402737
35 0.356534,0.496111 0.369851,0.498241 0.384758,0.500155 0.391056,0.501430 0.392969,0.504725 0.394006,0.509509 0.392810,0.514929 0.388505,0.517268 0.379098,0.515780 0.356617,0.509509 0.354624,0.506426 0.354465,0.501855 0.354494,0.497835
9 0.841955,0.284950 0.842103,0.289078 0.814976,0.272468 0.786595,0.253695 0.786816,0.249468 0.827581,0.276596
40 0.108273,0.409135 0.110394,0.417257 0.112858,0.422550 0.116075,0.426200 0.119634,0.427751 0.126957,0.427660 0.137360,0.425926 0.148721,0.422641 0.154469,0.423462 0.159808,0.422732 0.163160,0.408864 0.168361,0.347360 0.156932,0.364515 0.148039,0.381942 0.145304,0.384595 0.141539,0.383592 0.135311,0.383135 0.129836,0.385052 0.112590,0.396823 0.108141,0.403211
0 0.555751,0.792266 0.565565,0.814215 0.566673,0.822657 0.572530,0.836587 0.596907,0.845451 0.696630,0.858959 0.778782,0.842919 0.818830,0.820336 0.890146,0.758286 0.929877,0.717975 0.961535,0.675553 0.990869,0.620147 0.993478,0.602406 0.992695,0.595101 0.997130,0.579795 0.999478,0.569012 0.999739,0.510572 0.995304,0.497701 0.989825,0.489004 0.987341,0.481330 0.984443,0.467705 0.983528,0.457538 0.979105,0.449607 0.975898,0.478570 0.965441,0.513257 0.960595,0.526180 0.940446,0.551685 0.915196,0.579400 0.887012,0.604055 0.840211,0.639932 0.818914,0.651325 0.811390,0.650305 0.806416,0.647074 0.798765,0.633981 0.790093,0.616638 0.775428,0.625310 0.748392,0.636192 0.723142,0.644183 0.701973,0.647754 0.662440,0.648944 0.641654,0.647584 0.631834,0.646054 0.629029,0.654385 0.619974,0.662037 0.612068,0.665608 0.529814,0.672919 0.506732,0.679210 0.520887,0.703525 0.538996,0.745183 0.540909,0.751645 0.546137,0.761507
12 0.224991,0.265655 0.203549,0.283434 0.180126,0.317787 0.162288,0.348539 0.152086,0.368935 0.151287,0.372048 0.168002,0.341159 0.191723,0.306336 0.207454,0.289703 0.221957,0.277740 0.233694,0.271349 0.254957,0.262828 0.285007,0.257338 0.326856,0.255945 0.359487,0.260042 0.375587,0.265695 0.386587,0.271021 0.403794,0.283803 0.415715,0.296012 0.430894,0.315758 0.461005,0.362626 0.516374,0.326656 0.482821,0.293636 0.450374,0.267334 0.451296,0.265532 0.482698,0.251520 0.527066,0.235297 0.608306,0.210307 0.646652,0.202687 0.682310,0.199049 0.741536,0.226029 0.786416,0.253002 0.786489,0.249468 0.749261,0.228372 0.731710,0.219154 0.686504,0.196994 0.659513,0.189548 0.629465,0.185648 0.598884,0.182635 0.564182,0.181925 0.471776,0.189017 0.388676,0.204262 0.344933,0.215076 0.281246,0.236173 0.250532,0.249646
35 0.233288,0.476128 0.234723,0.478467 0.234962,0.482718 0.234005,0.487289 0.229541,0.487502 0.212720,0.484525 0.210887,0.480486 0.210887,0.476234 0.212561,0.474428
15 0.589018,0.398846 0.623358,0.387152 0.638165,0.382748 0.668519,0.371890 0.687027,0.365132 0.730423,0.347667 0.766927,0.331114 0.800413,0.315472 0.816644,0.307423 0.841588,0.291705 0.841075,0.289579 0.832476,0.283587 0.820346,0.276146 0.773363,0.245621 0.741186,0.226106 0.682130,0.199226 0.646366,0.202871 0.612025,0.209781 0.527683,0.235218 0.488616,0.249569 0.451314,0.265515 0.450859,0.267186 0.469367,0.281917 0.482465,0.292927 0.489470,0.299457 0.519084,0.328843 0.569826,0.381768 0.577457,0.389133
53 0.279152,0.259133 0.288880,0.258653 0.282806,0.283495 0.273405,0.340656 0.268018,0.395644 0.267014,0.416468 0.246176,0.415557 0.248767,0.390135 0.262476,0.320896 0.273696,0.278485
24 0.255409,0.416891 0.420669,0.424461 0.421347,0.432844 0.253986,0.425112
68 0.272215,0.267353 0.247644,0.273290 0.220271,0.286262 0.204935,0.300114 0.189929,0.317043 0.169976,0.346945 0.167173,0.355300 0.164864,0.413785 0.244841,0.414665 0.249788,0.379046 0.257539,0.336612 0.275843,0.266254
64 0.271060,0.375089 0.274416,0.340424 0.282090,0.293497 0.289679,0.261585 0.317253,0.262046 0.348733,0.266039 0.361596,0.268897 0.380394,0.275054 0.392432,0.283848 0.399853,0.348709 0.390394,0.421392 0.268291,0.416877 0.268373,0.398802
44 0.141914,0.560447 0.140802,0.560865 0.140398,0.563968 0.149417,0.597485 0.158529,0.634729 0.159828,0.636207 0.164727,0.634353 0.175876,0.630638 0.162164,0.621223 0.151009,0.586447 0.145689,0.571794
55 0.394141,0.727037 0.396307,0.742089 0.399899,0.752808 0.407026,0.751592 0.406000,0.740113 0.405487,0.717382 0.407653,0.688267 0.423732,0.658619 0.439468,0.643719 0.453151,0.636573 0.464896,0.635205 0.477896,0.642731 0.470256,0.633988 0.461932,0.626614 0.453493,0.620913 0.443630,0.615972 0.428692,0.613159 0.417175,0.614375 0.404802,0.620913 0.393913,0.637789 0.386843,0.669566 0.387812,0.697617
57 0.093817,0.526128 0.092441,0.514202 0.091703,0.505458 0.093129,0.493714 0.096340,0.489739 0.101156,0.488210 0.106660,0.490350 0.116522,0.503499 0.102073,0.515731
42 0.563125,0.887659 0.576719,0.884314 0.631781,0.861383 0.631355,0.849746 0.604534,0.847192 0.593252,0.845205 0.572179,0.836690 0.565367,0.823067 0.563877,0.814269 0.554085,0.789860 0.545760,0.761322 0.540188,0.750572 0.535169,0.751445 0.555537,0.867740
65 0.432163,0.425200 0.440492,0.422872 0.450164,0.414812 0.461180,0.400303 0.465344,0.390452 0.464135,0.384362 0.412550,0.305193 0.400863,0.290327 0.415371,0.386332 0.421416,0.421260 0.422357,0.423946
46 0.467677,0.701864 0.459855,0.696175 0.449392,0.694143 0.441976,0.694143 0.434052,0.698477 0.427348,0.707146 0.422776,0.722994 0.420948,0.742905 0.422370,0.766744 0.430090,0.802502 0.444414,0.835010 0.454878,0.853566 0.464935,0.865350 0.474890,0.873477 0.484236,0.878624 0.496528,0.880250 0.506179,0.875238 0.513595,0.864673 0.517455,0.852754 0.519283,0.836906 0.516541,0.800200 0.510547,0.777038 0.499677,0.748052 0.492871,0.734100 0.481493,0.716221 0.473265,0.707011
46 0.132892,0.536026 0.116413,0.537158 0.108683,0.542594 0.100699,0.554600 0.098660,0.571928 0.100784,0.588916 0.103162,0.599222 0.109787,0.611794 0.116073,0.621647 0.125841,0.631047 0.137478,0.637389 0.151069,0.639428 0.159649,0.636482 0.158205,0.635236 0.140028,0.563772 0.140367,0.559921 0.141641,0.559242
72 0.768675,0.483280 0.709818,0.504528 0.684562,0.512596 0.673775,0.516805 0.661673,0.526978 0.646414,0.546622 0.622472,0.589769 0.615106,0.608361 0.614726,0.615293 0.615853,0.621804 0.619309,0.629817 0.623591,0.635626 0.632456,0.646244 0.634033,0.647346 0.684216,0.649349 0.695109,0.648848 0.715843,0.645643 0.730718,0.641937 0.768505,0.627713 0.789765,0.617296 0.797803,0.583140 0.798329,0.576629 0.797578,0.570319 0.795775,0.561304 0.785408,0.526146 0.780600,0.511722 0.770688,0.488490
59 0.855585,0.480080 0.851667,0.483363 0.851891,0.493364 0.862750,0.548889 0.868123,0.549934 0.874952,0.545606 0.956005,0.474258 0.955557,0.465004 0.947049,0.416499 0.925779,0.433963 0.900368,0.452023 0.866672,0.472323
51 0.359554,0.711739 0.394369,0.731293 0.393361,0.738606 0.395824,0.748607 0.397951,0.753234 0.354516,0.730696 0.223091,0.656811 0.162304,0.620242 0.158721,0.608002 0.161632,0.608301 0.176969,0.615316
48 0.715684,0.828603 0.729431,0.837948 0.756116,0.837588 0.805174,0.818899 0.833208,0.799492 0.880143,0.763427 0.929518,0.712670 0.954206,0.680759 0.968905,0.660406 0.948562,0.685661 0.930650,0.707089 0.900119,0.737044 0.849802,0.776494 0.814184,0.799611 0.807777,0.797098 0.798731,0.800364 0.771970,0.814436 0.737860,0.825240
20 0.112138,0.412335 0.110933,0.407512 0.111075,0.403541 0.113770,0.400042 0.121074,0.393612 0.131074,0.386804 0.128663,0.386993 0.122706,0.390492 0.115117,0.395409 0.110153,0.400231 0.107812,0.405810 0.109231,0.412335 0.111216,0.412997
26 0.161930,0.414930 0.159559,0.421507 0.253559,0.425175 0.254318,0.416195
29 0.124883,0.454469 0.134973,0.454718 0.135160,0.465182 0.132171,0.466428 0.126378,0.462441
19 0.469436,0.770621 0.463831,0.772365 0.462523,0.779839 0.464578,0.788558 0.469249,0.795534 0.475042,0.796032 0.477845,0.791299 0.475976,0.777347
19 0.141633,0.593735 0.142754,0.588753 0.141072,0.583272 0.136962,0.581279 0.132477,0.584517 0.133038,0.591244 0.138456,0.596476
16 0.557750,0.200103 0.564103,0.202345 0.573071,0.201349 0.572511,0.187895 0.599230,0.117889 0.599230,0.115646 0.596241,0.116145 0.568213,0.184906
38 0.803725,0.592667 0.839236,0.573704 0.841622,0.578964 0.842266,0.587159 0.821253,0.601106 0.802993,0.609548
39 0.913008,0.367876 0.910450,0.370633 0.908980,0.376076 0.908600,0.383913 0.909144,0.396395 0.911158,0.407135 0.914695,0.417004 0.917416,0.420415 0.920791,0.421503 0.924329,0.419472 0.926778,0.415045 0.928683,0.401620 0.928247,0.390807 0.926397,0.379196 0.923240,0.372956 0.920900,0.369617 0.916981,0.367295
