53 0.543346,0.087300 0.568280,0.108920 0.626300,0.154202 0.630493,0.158159 0.633284,0.146027 0.611892,0.130878 0.592737,0.116904 0.588949,0.114354 0.567952,0.099433 0.549453,0.082467
4 0.533500,0.108693 0.534872,0.101022 0.538308,0.094105 0.542795,0.088354 0.567805,0.108580 0.606447,0.140217 0.634745,0.161827 0.646048,0.163276 0.678480,0.188239 0.687966,0.194435 0.705235,0.222541 0.720156,0.248267 0.740480,0.295604 0.763376,0.362492 0.787331,0.468483 0.764178,0.430409 0.739995,0.393706 0.691857,0.318242 0.665617,0.286685 0.639376,0.276051 0.606110,0.243368 0.596783,0.232721 0.587443,0.222198 0.584467,0.218419 0.577465,0.201648 0.548820,0.149136 0.538936,0.129177 0.533500,0.108693
2 0.639977,0.111909 0.631580,0.106012 0.628757,0.100748 0.616419,0.090758 0.600866,0.083066 0.592882,0.077772 0.579495,0.072372 0.567913,0.071522 0.562824,0.073935 0.550132,0.081732 0.565659,0.096494 0.594512,0.117276 0.632568,0.145242 0.640637,0.150005 0.645923,0.162324 0.688357,0.193682 0.714492,0.237806 0.707255,0.205569 0.696178,0.186751 0.683778,0.165503 0.662419,0.131036 0.655272,0.124307
10 0.583684,0.270948 0.603337,0.256002 0.613685,0.274479 0.622651,0.285984 0.624787,0.287977 0.637008,0.279544 0.639177,0.276410 0.664489,0.286534 0.693779,0.321248 0.742775,0.398871 0.770980,0.441781 0.777476,0.454316 0.759577,0.428040 0.745836,0.411407 0.735892,0.404416 0.728660,0.404175 0.727756,0.415023 0.733180,0.442745 0.751260,0.496744 0.726310,0.557734 0.716515,0.577255 0.711780,0.592091 0.688342,0.536218 0.673189,0.513490 0.664193,0.503073 0.652592,0.502126 0.642412,0.514122 0.629154,0.552633 0.623235,0.573783 0.615659,0.515700 0.610451,0.447832 0.604058,0.344608 0.599323,0.306097 0.583684,0.270948
10 0.628413,0.092787 0.645322,0.094140 0.659864,0.106314 0.685904,0.141485 0.710253,0.169893 0.720061,0.191536 0.698984,0.164305 0.693344,0.162227 0.690242,0.165451 0.693041,0.173717 0.708901,0.206867 0.662570,0.130213 0.648704,0.117587 0.632471,0.105413
7 0.854659,0.760697 0.877867,0.747910 0.892635,0.730776 0.889375,0.697531 0.879401,0.666332 0.862523,0.629250 0.849097,0.605979 0.827615,0.565829 0.782159,0.494991 0.765856,0.473765 0.754540,0.462257 0.743224,0.457654 0.738621,0.458421 0.750704,0.493201 0.769692,0.537954 0.810353,0.625670 0.851207,0.725406 0.852933,0.745864
7 0.710852,0.210600 0.710922,0.201036 0.719221,0.200192 0.740883,0.234325 0.748478,0.250829 0.756141,0.264240 0.757212,0.270599 0.755751,0.277919 0.748523,0.285482 0.744755,0.283394 0.739789,0.274777 0.725267,0.248955 0.722875,0.234233 0.716827,0.218104
1 0.764432,0.999005 0.787289,0.953292 0.824145,0.862057 0.848144,0.811011 0.855144,0.771202 0.850716,0.726251 0.811002,0.628540 0.791432,0.587017 0.751433,0.497115 0.725291,0.560923 0.714291,0.583017 0.712577,0.606445 0.704721,0.639776 0.689579,0.684728 0.669579,0.732155 0.638031,0.804343 0.609230,0.844752 0.579341,0.857732 0.563440,0.855770 0.544154,0.878628 0.467442,0.951959 0.426301,0.983387 0.416728,0.992410 0.416015,0.999767
6 0.622919,0.574587 0.592439,0.645617 0.559316,0.729138 0.543994,0.772401 0.490591,0.827381 0.414430,0.897785 0.388743,0.919416 0.378843,0.915066 0.372710,0.914995 0.365824,0.917936 0.360659,0.924248 0.356624,0.932497 0.354149,0.940603 0.353342,0.947561 0.330155,0.964848 0.310035,0.979182 0.277636,1.000000 0.226832,0.999815 0.204662,0.952217 0.204776,0.932056 0.210460,0.877789 0.230583,0.778653 0.244453,0.728933 0.260256,0.668299 0.265827,0.644652 0.267873,0.633283 0.275035,0.640408 0.293339,0.631919 0.309597,0.616154 0.383949,0.539452 0.453766,0.464508 0.513319,0.400722 0.564863,0.342967 0.596897,0.304353 0.598323,0.306047 0.603238,0.344107 0.604632,0.374550 0.613580,0.501661
12 0.320105,0.335456 0.299563,0.374377 0.287454,0.408397 0.280967,0.452796 0.272102,0.529774 0.267994,0.583399 0.267777,0.619437 0.273183,0.621743 0.276210,0.559181 0.282697,0.466058 0.289844,0.414583 0.314063,0.373958 0.325781,0.355208 0.339062,0.335417 0.355469,0.314583 0.378906,0.285417 0.405469,0.252083 0.423438,0.231250 0.467187,0.182292 0.502344,0.144792 0.513281,0.132292 0.521936,0.153146 0.583472,0.270299 0.603148,0.255596 0.595364,0.241469 0.577417,0.202836 0.547753,0.150223 0.538473,0.129444 0.532900,0.108998 0.534043,0.099992 0.542172,0.087668 0.553723,0.077348 0.566791,0.070439 0.578124,0.071555 0.593662,0.076564 0.575847,0.066953 0.562781,0.066850 0.530585,0.066594 0.485962,0.109952 0.438236,0.167390 0.374882,0.251676
14 0.290873,0.413470 0.322913,0.360594 0.343923,0.330130 0.389620,0.272702 0.413781,0.242588 0.464205,0.186561 0.513316,0.133686 0.521910,0.153884 0.542829,0.193892 0.567166,0.240345 0.583187,0.270906 0.594205,0.295463 0.597296,0.302674 0.508326,0.403665 0.448185,0.468446 0.379115,0.541981 0.321600,0.601509 0.300852,0.621819 0.287196,0.633024 0.280105,0.630573 0.275378,0.616566 0.277479,0.550035 0.282031,0.483333 0.283594,0.463542
40 0.632285,0.158900 0.656366,0.134525 0.664425,0.129939 0.673074,0.129152 0.680347,0.139767 0.686441,0.157328 0.687424,0.170170 0.681527,0.181440 0.662361,0.215775 0.638969,0.250502 0.637495,0.272912 0.620098,0.257055 0.603783,0.240543 0.584617,0.218396 0.580884,0.209085 0.590025,0.188642 0.611156,0.204368 0.613810,0.187069 0.621280,0.172523
68 0.576573,0.171744 0.583088,0.179447 0.593536,0.190263 0.610621,0.202719 0.613202,0.187149 0.620331,0.172399 0.624879,0.166827 0.625125,0.159124 0.600419,0.137655 0.565019,0.108975 0.555309,0.103238 0.553219,0.110122 0.556906,0.128641 0.572025,0.163877
44 0.771618,0.453591 0.758592,0.465511 0.767659,0.475046 0.781963,0.493777 0.803801,0.528343 0.825895,0.562059 0.833940,0.555418 0.835984,0.547585 0.829726,0.536346 0.815167,0.515232 0.797799,0.485433 0.781835,0.461764 0.775066,0.452399
22 0.357516,0.549218 0.388580,0.517913 0.423617,0.477940 0.473103,0.440856 0.479243,0.429779 0.452875,0.442301 0.420366,0.470715 0.387858,0.508281
57 0.728907,0.404479 0.735982,0.404895 0.745827,0.411695 0.759498,0.428175 0.770423,0.444489 0.775354,0.451397 0.774543,0.452230 0.771671,0.453062 0.758312,0.464964 0.755066,0.461801 0.743205,0.456891 0.738399,0.458056 0.733530,0.443157 0.730970,0.429507 0.727849,0.414941
59 0.496618,0.999220 0.521862,0.982996 0.526947,0.983238 0.533667,0.988081 0.544382,0.999946
70 0.631114,0.549267 0.643432,0.514194 0.652618,0.502224 0.664309,0.504729 0.688735,0.536741 0.700218,0.567361 0.711283,0.592971 0.704811,0.624704 0.690823,0.675366 0.671616,0.723801 0.638004,0.802300 0.609193,0.843219 0.578712,0.856581 0.562643,0.853775 0.560340,0.847117 0.551780,0.792836 0.548649,0.766113 0.584558,0.673139 0.608358,0.617467
49 0.636325,0.279512 0.632357,0.282366 0.626287,0.286677 0.624694,0.287473 0.621354,0.284217 0.614262,0.274999 0.599235,0.247908 0.590825,0.231527 0.589596,0.225227 0.604244,0.241860 0.632755,0.270264 0.639059,0.276018
63 0.546925,0.770632 0.561272,0.855384 0.528219,0.892917 0.478639,0.938925 0.418163,0.989050 0.414894,0.993650 0.415257,0.998735 0.367493,0.999220 0.279594,0.999462 0.353691,0.950064 0.355688,0.940620 0.359866,0.927786 0.366948,0.918585 0.372397,0.916163 0.378753,0.916163 0.386562,0.919553 0.388923,0.921490 0.459751,0.858048 0.528400,0.788794
60 0.681276,0.999946 0.665051,0.947442 0.624903,1.000000
61 0.807341,0.788147 0.806455,0.765214 0.803118,0.746779 0.795978,0.739851 0.776561,0.743782 0.769414,0.748835 0.764042,0.769025 0.753651,0.798438 0.737608,0.833684 0.712633,0.882298 0.686381,0.923378 0.665962,0.946713 0.682188,0.999946 0.717919,0.999217 0.750734,0.948901 0.782820,0.866012 0.803056,0.798681
51 0.750613,0.302279 0.788321,0.467913 0.793255,0.475902 0.789379,0.442305 0.777749,0.396021
29 0.677303,0.307671 0.674566,0.316376 0.677303,0.326204 0.684674,0.331539 0.687623,0.324238 0.684674,0.312726 0.681936,0.307110
20 0.630972,0.224555 0.650979,0.201530 0.671828,0.169800 0.681094,0.154356 0.680883,0.146494 0.674987,0.133296 0.668248,0.131050 0.660877,0.134419 0.641712,0.148740 0.617283,0.178785 0.612439,0.190298 0.612229,0.202653 0.613492,0.213885 0.620231,0.222590
46 0.766928,0.500951 0.779562,0.505765 0.800018,0.530232 0.818970,0.562721 0.850256,0.633715 0.855671,0.659386 0.853866,0.664199 0.838524,0.646150 0.804230,0.584380 0.779863,0.538254
39 0.412194,0.999223 0.414183,0.989581 0.415268,0.974152 0.410567,0.955108 0.402069,0.938716 0.395380,0.930519 0.381097,0.925216 0.370972,0.925457 0.364825,0.929314 0.358316,0.941367 0.356327,0.954867 0.357954,0.973429 0.367537,0.995607 0.370972,0.999946
