35 0.846307,0.425929 0.833317,0.429879 0.831266,0.431095 0.830582,0.432310 0.831038,0.436260 0.832633,0.438083 0.834912,0.438691 0.848358,0.433829 0.849270,0.433222 0.849726,0.432006 0.850181,0.428360 0.849726,0.427144 0.847902,0.426233
12 0.646475,0.298619 0.632777,0.316312 0.576271,0.409918 0.593180,0.418194 0.619079,0.369393 0.650542,0.317454 0.661458,0.306609 0.675370,0.296336 0.691209,0.289486 0.708546,0.286062 0.717536,0.284920 0.729522,0.284635 0.739367,0.284920 0.754564,0.286347 0.772115,0.289486 0.783673,0.293767 0.797585,0.299760 0.820487,0.320308 0.831617,0.334862 0.834185,0.340284 0.842533,0.332008 0.829691,0.317739 0.807003,0.296336 0.788168,0.286062 0.765908,0.279783 0.740866,0.274076 0.716893,0.270080 0.694420,0.267227 0.623359,0.265229 0.566854,0.267797 0.527899,0.272649 0.482523,0.281496 0.458551,0.289486 0.434579,0.301758 0.411249,0.319166 0.387063,0.338858 0.334196,0.387658 0.336122,0.395078 0.353031,0.379953 0.377003,0.354839 0.424948,0.314029 0.447635,0.296336 0.476744,0.292055 0.511418,0.290057 0.546948,0.289201 0.593608,0.291770
70 0.433792,0.529790 0.438569,0.529082 0.449715,0.531205 0.452104,0.532975 0.454227,0.536159 0.455554,0.538990 0.455554,0.542529 0.455289,0.546775 0.452900,0.551375 0.432465,0.605516 0.405925,0.612593 0.368239,0.617547 0.333472,0.620732 0.306136,0.620732 0.297644,0.615070 0.283312,0.602331 0.287559,0.592423 0.297378,0.572961 0.307198,0.560222 0.311975,0.557391 0.326572,0.552437 0.350988,0.545360 0.374078,0.539698 0.407783,0.534036
71 0.136797,0.565162 0.146110,0.557834 0.149316,0.522006 0.147332,0.520378 0.141835,0.535442 0.139240,0.544602 0.136950,0.554780
35 0.755149,0.453884 0.733727,0.461177 0.732359,0.464823 0.732587,0.467862 0.733727,0.470293 0.737373,0.471508 0.758795,0.462392 0.759707,0.461784 0.760163,0.460569 0.760163,0.455707 0.759479,0.454492 0.756516,0.453276
40 0.607998,0.399421 0.609702,0.452581 0.627763,0.448946 0.639690,0.444857 0.643098,0.440768 0.676152,0.439859 0.694554,0.435315 0.697962,0.422139 0.698302,0.405328 0.696939,0.400330 0.677515,0.392151 0.657751,0.389425 0.647528,0.389879 0.634578,0.397604 0.631171,0.398967 0.630489,0.365344
29 0.605792,0.495332 0.595297,0.500619 0.594364,0.503106 0.594597,0.507149 0.595763,0.509948 0.597629,0.512436 0.599495,0.512747 0.603693,0.511814 0.606492,0.510570 0.609291,0.508393 0.611157,0.501241 0.608824,0.497509 0.606958,0.495643
2 0.853117,0.414067 0.853611,0.427463 0.852458,0.447008 0.849987,0.475116 0.845870,0.499273 0.826929,0.567349 0.818035,0.585136 0.808483,0.594579 0.792177,0.602485 0.754296,0.619394 0.757590,0.595458 0.760226,0.582282 0.755614,0.558784 0.757096,0.528040 0.760884,0.486975 0.761378,0.461501 0.759073,0.436467 0.757755,0.429879 0.751332,0.411432 0.750508,0.407919 0.757755,0.405283 0.750014,0.347528 0.738814,0.302291 0.733215,0.285601 0.747379,0.286260 0.759567,0.288456 0.778178,0.293507 0.795636,0.300095 0.801563,0.304488 0.812433,0.326228 0.834009,0.380250 0.850479,0.403089 0.853114,0.407920
6 0.317435,0.401476 0.313918,0.403311 0.313612,0.404534 0.314988,0.405146 0.323398,0.406369 0.389451,0.414320 0.488073,0.424717 0.535167,0.427775 0.554127,0.428591 0.559173,0.426960 0.558255,0.430426 0.555809,0.433891 0.545717,0.441027 0.513455,0.458763 0.475229,0.480577 0.444190,0.499130 0.408717,0.525225 0.398473,0.535011 0.373397,0.539700 0.351532,0.544796 0.311624,0.556825 0.303826,0.559475 0.283337,0.559475 0.246641,0.553767 0.204134,0.542758 0.166367,0.531137 0.149090,0.523798 0.147713,0.517274 0.151536,0.506877 0.161475,0.489955 0.174165,0.477112 0.200770,0.457540 0.227070,0.443065 0.264072,0.424310 0.285478,0.413912
46 0.878529,0.549694 0.876913,0.542512 0.870718,0.527788 0.867217,0.525274 0.862100,0.525274 0.857252,0.528147 0.852673,0.536048 0.849172,0.545744 0.844593,0.569445 0.843785,0.580936 0.844055,0.601405 0.845940,0.614692 0.851056,0.627979 0.853480,0.633007 0.858867,0.634443 0.864792,0.629775 0.868832,0.620797 0.874757,0.603201 0.877181,0.593864 0.878259,0.561903
4 0.755786,0.558192 0.759951,0.581795 0.753703,0.619515 0.614685,0.687086 0.616247,0.647746 0.616247,0.526257 0.616594,0.479282 0.610867,0.454521 0.608263,0.392272 0.629090,0.353859 0.653909,0.315676 0.671264,0.300172 0.689835,0.291610 0.715174,0.286288 0.726976,0.286056 0.737042,0.347611 0.742769,0.409628 0.750232,0.408239 0.758910,0.434157 0.760298,0.445959 0.761828,0.464021 0.760992,0.485298 0.756654,0.534588
16 0.715000,0.241111 0.716128,0.237494 0.718223,0.236564 0.718921,0.238425 0.718223,0.241683 0.708492,0.268569 0.705635,0.268025
14 0.645833,0.298889 0.588452,0.292298 0.534274,0.290492 0.482128,0.292298 0.447928,0.295909 0.369371,0.361374 0.332462,0.397944 0.324167,0.404444 0.334167,0.406667 0.385229,0.411153 0.412805,0.415046 0.498779,0.424130 0.552958,0.426725 0.559447,0.424995 0.567557,0.418507 0.573721,0.411153 0.628874,0.320746
53 0.742976,0.409101 0.757103,0.404921 0.749358,0.348349 0.743159,0.321516 0.733167,0.286091 0.727171,0.285274 0.729944,0.299807 0.734691,0.330690 0.738415,0.352402 0.739980,0.375106
26 0.739200,0.408878 0.750863,0.406393 0.752728,0.411679 0.695820,0.428783 0.697219,0.421942
72 0.902768,0.405938 0.901786,0.410738 0.900313,0.421212 0.898349,0.444124 0.899004,0.451325 0.900968,0.454816 0.903914,0.453944 0.905877,0.450234 0.906532,0.442597 0.906041,0.428631 0.905223,0.417721 0.904241,0.409211
64 0.737428,0.291778 0.750491,0.291778 0.763061,0.293093 0.772427,0.295393 0.784997,0.299337 0.796582,0.304595 0.802250,0.307881 0.807180,0.319712 0.813342,0.331543 0.820736,0.348631 0.828130,0.368349 0.831827,0.382152 0.831088,0.385109 0.790666,0.394311 0.756407,0.400884 0.749752,0.346988
10 0.592535,0.419372 0.576002,0.411289 0.570491,0.419004 0.560020,0.427087 0.557265,0.434435 0.544314,0.442885 0.514830,0.458683 0.454760,0.493219 0.401854,0.532531 0.403783,0.535103 0.423071,0.531429 0.441258,0.529592 0.446769,0.529959 0.449524,0.531061 0.452831,0.534001 0.453933,0.536205 0.455311,0.540614 0.454760,0.545023 0.448422,0.565230 0.432440,0.605276 0.458891,0.599763 0.468810,0.599028 0.485344,0.599395 0.510143,0.603069 0.525849,0.582862 0.535769,0.575881 0.546791,0.569268 0.558089,0.567064 0.570213,0.570370 0.581235,0.577718 0.590604,0.594252 0.597493,0.611152 0.599973,0.628787 0.601901,0.637605 0.603830,0.639074 0.604657,0.641646 0.605759,0.658914 0.606586,0.691245 0.613199,0.688306 0.615128,0.685367 0.615955,0.647892 0.615128,0.557879 0.616504,0.478524 0.610166,0.453908 0.600797,0.454643 0.595286,0.453908 0.590051,0.452071 0.585367,0.448397 0.583713,0.440682 0.585918,0.434069 0.590051,0.424884
51 0.830176,0.583845 0.747265,0.622092 0.605802,0.691248 0.605802,0.709585 0.656099,0.685485 0.828602,0.600609
49 0.606635,0.401693 0.593004,0.425320 0.586189,0.443948 0.593686,0.452581 0.606976,0.455762 0.609702,0.455307
1 0.116347,0.689987 0.118565,0.683803 0.126227,0.680308 0.123333,0.670000 0.125833,0.667778 0.126667,0.667778 0.127500,0.665556 0.126667,0.664444 0.125000,0.660000 0.126458,0.659103 0.127824,0.654004 0.125366,0.652911 0.125639,0.648540 0.127824,0.645627 0.125639,0.642349 0.123453,0.637250 0.123453,0.635793 0.126731,0.632515 0.121541,0.629965 0.117990,0.621588 0.120000,0.580000 0.127824,0.567318 0.138205,0.557120 0.136667,0.573333 0.140833,0.586667 0.148309,0.590964 0.206252,0.616120 0.261715,0.628217 0.279154,0.625998 0.333502,0.621961 0.379939,0.616257 0.423456,0.609232 0.458076,0.600635 0.468019,0.599617 0.478729,0.599780 0.497918,0.601923 0.509657,0.604564 0.498022,0.624286 0.486921,0.649243 0.478003,0.679883 0.471595,0.712407 0.468368,0.744845 0.466071,0.769607 0.463124,0.780650 0.427128,0.790962 0.386457,0.793976 0.329560,0.791804 0.274415,0.776973 0.191321,0.743194 0.126631,0.703161 0.118565,0.695364 0.116347,0.689987
39 0.201950,0.551626 0.196510,0.552084 0.192431,0.555258 0.188691,0.559791 0.186651,0.565684 0.184951,0.572937 0.183931,0.583816 0.184271,0.591976 0.186991,0.597416 0.195150,0.599229 0.200250,0.594242 0.205350,0.587443 0.208750,0.577017 0.210790,0.562057 0.209090,0.554804 0.205350,0.551178
55 0.847556,0.507678 0.854559,0.493673 0.865332,0.478950 0.870180,0.477154 0.876644,0.479309 0.882030,0.485054 0.885801,0.495468 0.887417,0.509474 0.887417,0.523479 0.877990,0.522761 0.876105,0.512347 0.872334,0.505883 0.866948,0.501573 0.862639,0.500855 0.856983,0.500855 0.853481,0.504087
65 0.846391,0.363746 0.846186,0.372248 0.843306,0.382669 0.839193,0.384863 0.834462,0.381846 0.831582,0.374716 0.827057,0.361004 0.820887,0.344001 0.813071,0.326449 0.808958,0.318771 0.805255,0.310544 0.808341,0.310544 0.815539,0.317400 0.827880,0.332209 0.842072,0.351405 0.845774,0.358261
32 0.320215,0.706858 0.313890,0.727339 0.314794,0.731555 0.318860,0.732760 0.375332,0.727339 0.383916,0.724929 0.392048,0.715291 0.400180,0.699630 0.399728,0.698425 0.385271,0.701437 0.338286,0.705653
68 0.738289,0.408678 0.737845,0.386356 0.735474,0.359490 0.731178,0.326500 0.725844,0.298843 0.723918,0.290151 0.712806,0.290546 0.698138,0.294102 0.682137,0.299831 0.673692,0.305757 0.662431,0.314846 0.652060,0.327094 0.643467,0.339539 0.637096,0.351392 0.629836,0.363442 0.632355,0.396234 0.636504,0.396037 0.647764,0.390506 0.655320,0.389913 0.680507,0.393469 0.688804,0.395839 0.697693,0.401963 0.698878,0.406112 0.697841,0.423101 0.735029,0.410458
46 0.582533,0.721347 0.577685,0.745048 0.572837,0.758335 0.566912,0.770545 0.565835,0.771263 0.557216,0.784191 0.546443,0.793169 0.535939,0.799633 0.517625,0.803224 0.502811,0.800710 0.491230,0.795323 0.477225,0.779882 0.471301,0.769107 0.467261,0.754025 0.472647,0.705904 0.482074,0.665325 0.495002,0.649524 0.505236,0.643060 0.517087,0.638033 0.530823,0.636596 0.540249,0.638751 0.551023,0.642342 0.560719,0.650961 0.569606,0.662093 0.575532,0.675021 0.579033,0.688308 0.581996,0.705904
22 0.368439,0.409901 0.374298,0.405995 0.380157,0.404879 0.388526,0.404879 0.424096,0.407669 0.439998,0.412691 0.445857,0.412691 0.429955,0.404879 0.416145,0.401532 0.405265,0.400416 0.391037,0.400416 0.370950,0.403205
19 0.861550,0.576390 0.860869,0.580327 0.861096,0.584112 0.862572,0.586989 0.865525,0.584415 0.866433,0.579721 0.866433,0.578510 0.866206,0.574876 0.864844,0.571848 0.861664,0.572302
61 0.283038,0.692523 0.278342,0.761086 0.293604,0.765782 0.364750,0.762338 0.387291,0.759521 0.396684,0.756390 0.402789,0.751694 0.403728,0.750441 0.405137,0.747624 0.410067,0.734475 0.416877,0.703167 0.417112,0.691271 0.416407,0.690018 0.413590,0.687514 0.407015,0.687201 0.404197,0.688453 0.376725,0.691271 0.319902,0.695028 0.291726,0.694401
28 0.550000,0.658889 0.550000,0.663333 0.549167,0.664444 0.549167,0.667778 0.552500,0.667778 0.552500,0.666667 0.553333,0.666667 0.553333,0.664444 0.554167,0.663333 0.554167,0.658889 0.553333,0.658889 0.553333,0.657778 0.550449,0.657137
60 0.126422,0.631428 0.128870,0.686576 0.155057,0.707786 0.188586,0.727365 0.256623,0.753144 0.277574,0.760063 0.282279,0.692630 0.231704,0.680084 0.231847,0.690326 0.229734,0.697214 0.225273,0.700032 0.187942,0.685322 0.176437,0.681565 0.170801,0.677182 0.162583,0.672799 0.153896,0.669042 0.144738,0.665912 0.135581,0.660903 0.134407,0.657772 0.133937,0.637735
44 0.586759,0.636147 0.603892,0.638783 0.605869,0.676564 0.605677,0.694418 0.601637,0.676463 0.596250,0.661380 0.582784,0.633370
24 0.751329,0.405771 0.753661,0.411679 0.839024,0.387112 0.833893,0.382448
20 0.627248,0.407323 0.629581,0.416342 0.633312,0.424738 0.642175,0.425671 0.665498,0.424427 0.696752,0.421939 0.698617,0.405146 0.696285,0.400171 0.688355,0.395506 0.671096,0.391463 0.658268,0.390220 0.649639,0.390220 0.643808,0.392396 0.635645,0.398305
59 0.147054,0.604890 0.141618,0.603911 0.136916,0.610180 0.134418,0.609201 0.133095,0.613707 0.136031,0.660330 0.142937,0.663857 0.163949,0.672869 0.180700,0.682273 0.223754,0.698730 0.228309,0.697947 0.230366,0.693832 0.231542,0.687759 0.232864,0.645440 0.232570,0.640934 0.230366,0.637995 0.225517,0.635840 0.200243,0.628395 0.182758,0.621146
42 0.882033,0.594586 0.885804,0.592431 0.889036,0.589199 0.890652,0.583813 0.891460,0.569089 0.890652,0.529947 0.888766,0.524919 0.881494,0.524201 0.878532,0.524560 0.880417,0.530306 0.881494,0.539643
7 0.806437,0.614938 0.808890,0.625477 0.811890,0.636379 0.815978,0.643283 0.823065,0.649461 0.835485,0.652835 0.847393,0.652939 0.857588,0.652420 0.863191,0.647646 0.868561,0.640486 0.874243,0.626063 0.877978,0.612469 0.880235,0.598564 0.882414,0.578329 0.883115,0.553425 0.881403,0.537341 0.877356,0.519493 0.872920,0.506730 0.870429,0.504654 0.864359,0.502683 0.859845,0.502371 0.854942,0.504758 0.851440,0.507248 0.848638,0.511607 0.846770,0.515550 0.844046,0.524059 0.838598,0.543256 0.832606,0.573349 0.831361,0.583829 0.830582,0.587461 0.831283,0.591923 0.830115,0.599498 0.829104,0.601989 0.822722,0.606243 0.813616,0.610705
7 0.569312,0.613088 0.578439,0.622215 0.585284,0.630473 0.591152,0.643511 0.597345,0.660896 0.604842,0.702619 0.602560,0.739562 0.592129,0.768246 0.574201,0.798670 0.555622,0.817358 0.538346,0.823443 0.519114,0.823443 0.493363,0.820400 0.472501,0.806927 0.461418,0.785631 0.463700,0.779112 0.467612,0.760858 0.469241,0.736085 0.479672,0.673934 0.488473,0.647423 0.499556,0.623953 0.509987,0.604830 0.515202,0.597442 0.526285,0.594399 0.545843,0.596138 0.556274,0.599615
23 0.416982,0.407111 0.424515,0.407111 0.433721,0.410459 0.447112,0.418828 0.472639,0.424408 0.473476,0.421060 0.445439,0.410459 0.435395,0.408227 0.416982,0.401532
Мелкие 0.486270,0.419846 0.557691,0.422567 0.560140,0.427192 0.551366,0.426376 0.487087,0.424199 0.330776,0.407874 0.318125,0.405698 0.314860,0.404609 0.314860,0.402433 0.326287,0.401072 0.336286,0.402161 0.353223,0.406786 0.378527,0.408691 0.383832,0.409779 0.408727,0.411411
57 0.511680,0.602486 0.519221,0.591354 0.529187,0.581299 0.539421,0.573758 0.548309,0.570167 0.557466,0.569089 0.564738,0.569449 0.570664,0.571603 0.577666,0.575553 0.584669,0.585249 0.591133,0.597459 0.595173,0.608591 0.601367,0.637320 0.586554,0.634447 0.581437,0.629779 0.573896,0.617210 0.565277,0.606078 0.552080,0.601768 0.540499,0.600332 0.526493,0.599614 0.515182,0.600691
62 0.120986,0.627877 0.124917,0.632828 0.124699,0.636031 0.126118,0.643456 0.126009,0.653501 0.125354,0.660053 0.125245,0.670099 0.123934,0.675922 0.125135,0.683930 0.127647,0.685822 0.128520,0.686114 0.126555,0.636467 0.126118,0.631663
8 0.809399,0.594985 0.829628,0.586777 0.838598,0.542451 0.846514,0.513839 0.855484,0.490855 0.861817,0.482412 0.866742,0.478190 0.869908,0.477018 0.872370,0.476549 0.878175,0.480066 0.880813,0.483819 0.885387,0.497656 0.887321,0.508679 0.888377,0.519936 0.888201,0.525330 0.890488,0.527441 0.891367,0.534008 0.891191,0.539168 0.891367,0.551832 0.891719,0.554646 0.895764,0.547845 0.900338,0.537057 0.903680,0.524392 0.905615,0.510086 0.907022,0.485695 0.905966,0.478425 0.904383,0.471389 0.904911,0.447936 0.901217,0.455441 0.899634,0.454034 0.898227,0.447233 0.899634,0.434803 0.900338,0.420262 0.901393,0.405486 0.901569,0.397043 0.899810,0.392587 0.894075,0.381488 0.884126,0.374465 0.865984,0.367442 0.854279,0.346374 0.842575,0.333109 0.833796,0.342473 0.842575,0.352617 0.846671,0.362761 0.847257,0.376806 0.840234,0.386170 0.839167,0.386667 0.843333,0.393333 0.849167,0.401111 0.852500,0.407778 0.853333,0.413333 0.854167,0.424444 0.852419,0.450181 0.850510,0.470421 0.848965,0.482177 0.846420,0.497326 0.827059,0.566528 0.818515,0.583738 0.817879,0.585556
18 0.122394,0.606930 0.125114,0.610103 0.126134,0.613730 0.125794,0.624156 0.123074,0.626876 0.120354,0.625516 0.118314,0.620076 0.117974,0.612823 0.118654,0.609650
63 0.150000,0.524444 0.148939,0.531190 0.146531,0.558482 0.136765,0.565438 0.139575,0.577033 0.143454,0.586130 0.156164,0.594335 0.226533,0.619486 0.258105,0.628762 0.305865,0.621627 0.303591,0.619308 0.290882,0.610567 0.283657,0.603789 0.282320,0.601827 0.295163,0.575249 0.299444,0.568292 0.306668,0.559909 0.308407,0.558482 0.298106,0.559909 0.281116,0.559552 0.248874,0.553666 0.230011,0.549741 0.204191,0.543498 0.174090,0.533866 0.159642,0.528871
30 0.326667,0.402222 0.330833,0.401111 0.337500,0.402222 0.342500,0.406667 0.350000,0.411111 0.351667,0.408889 0.351667,0.405556 0.343333,0.401111 0.334167,0.398889 0.328333,0.398889 0.324167,0.400000 0.322500,0.402222
