4 0.324524,0.284606 0.311583,0.306199 0.307053,0.329519 0.308348,0.374432 0.312877,0.415890 0.311583,0.435756 0.308348,0.450439 0.316112,0.484988 0.236524,0.416754 0.224230,0.302744 0.228760,0.269922 0.235230,0.258694 0.240400,0.227362 0.255952,0.204236 0.271465,0.185569 0.286084,0.170621 0.298891,0.160701 0.310289,0.155048 0.321185,0.151542 0.333745,0.150305 0.347598,0.150192 0.358428,0.152033 0.337386,0.205008 0.319348,0.276832
10 0.182373,0.302230 0.184716,0.309525 0.188034,0.305617 0.190962,0.303793 0.196038,0.305877 0.202675,0.314997 0.207750,0.324378 0.214206,0.339789 0.226113,0.376008 0.231195,0.413301 0.236075,0.416949 0.223582,0.304384 0.227414,0.276174 0.236276,0.260463 0.213818,0.261080 0.207376,0.256911 0.203862,0.244143 0.196640,0.249355 0.191174,0.262644 0.187075,0.285573 0.181804,0.300165
7 0.201562,0.431517 0.204420,0.437953 0.211027,0.449157 0.218349,0.451303 0.231028,0.450111 0.242101,0.447489 0.246922,0.438430 0.231028,0.422220 0.227635,0.389324 0.225850,0.375498 0.209228,0.328991 0.205121,0.319456 0.202621,0.317787 0.196906,0.320886 0.192442,0.328276 0.189227,0.343056 0.188870,0.361172 0.190834,0.385249 0.194942,0.409325 0.198558,0.423050
2 0.368101,0.152649 0.377080,0.153691 0.397382,0.159163 0.410265,0.164114 0.419830,0.168543 0.432909,0.175839 0.448916,0.186262 0.453642,0.193067 0.453642,0.218602 0.458522,0.322829 0.450333,0.364056 0.440767,0.396627 0.419100,0.443529 0.407191,0.480068 0.393527,0.533224 0.388842,0.540259 0.381814,0.538696 0.316767,0.484750 0.309544,0.450355 0.313254,0.416459 0.310320,0.388560 0.308173,0.361722 0.307978,0.329672 0.311489,0.307215 0.325349,0.283242 0.325739,0.280376 0.334524,0.283242 0.345455,0.225396 0.358746,0.177656
8 0.489981,0.259517 0.542882,0.256650 0.567282,0.295475 0.591130,0.331447 0.610456,0.349426 0.645593,0.370271 0.714169,0.406254 0.729395,0.439606 0.706360,0.444557 0.656193,0.449769 0.642300,0.452931 0.630588,0.459966 0.608139,0.486805 0.593108,0.508432 0.591149,0.513961 0.590954,0.521778 0.596420,0.536109 0.600519,0.541581 0.599933,0.545229 0.591930,0.552525 0.581779,0.552785 0.540591,0.546531 0.521239,0.544451 0.498985,0.537155 0.482566,0.507715 0.467340,0.490517 0.455074,0.480299 0.447509,0.476759 0.441748,0.474847 0.434459,0.474853 0.425532,0.478216 0.419782,0.483473 0.415156,0.489800 0.410230,0.501254 0.406985,0.513574 0.406165,0.526721 0.405830,0.539989 0.406416,0.551975 0.408758,0.562138 0.382991,0.540250 0.388261,0.540510 0.392751,0.537384 0.394508,0.531912 0.399974,0.508461 0.411881,0.465988 0.420666,0.442537 0.442352,0.391939 0.453283,0.354939 0.457578,0.330445 0.464605,0.330966 0.474756,0.330706 0.484907,0.325755 0.495448,0.316114 0.501694,0.306994 0.503643,0.299624 0.500129,0.287117
7 0.528185,0.648216 0.530507,0.654891 0.528542,0.660373 0.531935,0.671100 0.537650,0.678967 0.541579,0.679444 0.537650,0.690171 0.526757,0.701375 0.511398,0.709003 0.494969,0.715439 0.481932,0.716631 0.468896,0.713770 0.455502,0.702328 0.442823,0.684211 0.431750,0.661089 0.423357,0.633913 0.419231,0.611464 0.417088,0.593824 0.416909,0.560690 0.419588,0.537567 0.426017,0.518735 0.435125,0.506816 0.444590,0.501333 0.456376,0.497758 0.465302,0.496327 0.472267,0.496804 0.478338,0.503240 0.482446,0.509199 0.499054,0.538043 0.497447,0.539474 0.508698,0.565934 0.515841,0.590010 0.522735,0.620005
1 0.181653,0.302351 0.184482,0.311075 0.183610,0.316310 0.183828,0.325616 0.186007,0.350045 0.188403,0.368657 0.181867,0.340738 0.180560,0.313692
0 0.543883,0.681143 0.597478,0.707026 0.633426,0.722730 0.662403,0.728256 0.678592,0.728275 0.704954,0.723622 0.729574,0.714897 0.750707,0.705882 0.782733,0.689596 0.827614,0.663132 0.849401,0.645973 0.879308,0.620640 0.898263,0.597665 0.905452,0.583706 0.908067,0.574109 0.907631,0.569455 0.916128,0.552879 0.920703,0.528741 0.925544,0.506878 0.924673,0.494954 0.920316,0.479541 0.919880,0.461510 0.917919,0.444061 0.914869,0.451331 0.913344,0.449877 0.908333,0.469653 0.900707,0.492337 0.890903,0.504551 0.876742,0.517929 0.856262,0.533051 0.834258,0.547592 0.810292,0.559225 0.761272,0.579582 0.750104,0.581348 0.744221,0.578731 0.738121,0.572333 0.731367,0.550521 0.703916,0.556919 0.674937,0.559245 0.647858,0.557483 0.634350,0.554575 0.606027,0.546142 0.600362,0.542943 0.598619,0.547305 0.591212,0.553412 0.574218,0.553121 0.545242,0.548177 0.520840,0.544978 0.498618,0.538289 0.500797,0.544978 0.507333,0.559810 0.519315,0.601979 0.524986,0.630822 0.530650,0.653797 0.529125,0.660195 0.533047,0.671828 0.538493,0.678517 0.542415,0.678226
13 0.732140,0.551588 0.739120,0.572086 0.743587,0.578049 0.749171,0.581403 0.758385,0.580658 0.789656,0.568732 0.824278,0.553079 0.841868,0.542643 0.869509,0.524754 0.891846,0.503138 0.900780,0.491211 0.908598,0.468477 0.918649,0.428971 0.923967,0.400231 0.925084,0.384205 0.928156,0.378615 0.925922,0.345818 0.923967,0.330165 0.907215,0.323456 0.872035,0.306685 0.837119,0.290987 0.822880,0.280552 0.823717,0.286515 0.821204,0.289869 0.799426,0.298441 0.767597,0.307386 0.729625,0.315958 0.663954,0.328616 0.596802,0.336469 0.603645,0.342406 0.611548,0.349625 0.631798,0.361784 0.681808,0.387118 0.717245,0.407291 0.722977,0.422595 0.730012,0.438594 0.738927,0.470515 0.743502,0.503959 0.743720,0.520535
15 0.822044,0.288304 0.788161,0.253216 0.766259,0.229772 0.728105,0.198074 0.709226,0.182066 0.697518,0.176250 0.605556,0.178751 0.572385,0.181947 0.516175,0.191544 0.505280,0.193087 0.498745,0.196197 0.508767,0.208411 0.541229,0.253488 0.553212,0.273555 0.590921,0.331765 0.596586,0.335836 0.631445,0.332346 0.672840,0.326239 0.750915,0.311684 0.802550,0.296852
12 0.544439,0.128454 0.564265,0.131363 0.607403,0.140378 0.620693,0.142414 0.645530,0.151429 0.678249,0.161614 0.697857,0.172083 0.720080,0.186915 0.751945,0.212816 0.777436,0.235500 0.821881,0.279122 0.822317,0.284648 0.821009,0.286684 0.765671,0.228811 0.709025,0.181407 0.697478,0.175300 0.608990,0.177620 0.573478,0.180819 0.536833,0.187505 0.505677,0.192158 0.497616,0.195067 0.517224,0.219495 0.542279,0.255266 0.488901,0.258174 0.476047,0.228802 0.466461,0.209608 0.450310,0.187782 0.432881,0.173532 0.412183,0.162772 0.384044,0.153756 0.360296,0.148521 0.322132,0.149103 0.307753,0.153465 0.292938,0.163353 0.280301,0.173531 0.255029,0.202613 0.239550,0.224448 0.238679,0.222412 0.256980,0.196820 0.286610,0.163085 0.300989,0.151162 0.320162,0.140692 0.341948,0.134585 0.377243,0.128478 0.410852,0.125564 0.439175,0.125564 0.473162,0.124110 0.499960,0.125564 0.530461,0.128182
35 0.286266,0.317267 0.292387,0.321659 0.301951,0.322782 0.304628,0.327685 0.303863,0.332689 0.300420,0.333507 0.291557,0.329993 0.285271,0.325744 0.284200,0.322067 0.285348,0.318186
46 0.200142,0.340078 0.205121,0.343639 0.208856,0.349099 0.211523,0.356696 0.214191,0.367853 0.216502,0.376874 0.218103,0.389218 0.219170,0.402037 0.219170,0.412482 0.217391,0.422927 0.215613,0.430286 0.213124,0.432898 0.209389,0.431948 0.205655,0.426488 0.201565,0.419129 0.197654,0.404175 0.195165,0.386133 0.193742,0.372127 0.192853,0.357647 0.193031,0.349575 0.194276,0.341979
35 0.401151,0.367474 0.409088,0.373361 0.415040,0.375715 0.423639,0.376304 0.428930,0.380719 0.428489,0.389548 0.424080,0.392785 0.415702,0.387193 0.405560,0.382779 0.397403,0.376892 0.397403,0.370123 0.399608,0.367474
49 0.245807,0.220831 0.241183,0.236881 0.240566,0.226799
40 0.203366,0.234128 0.209980,0.228242 0.221445,0.224121 0.234232,0.223238 0.240185,0.226476 0.241066,0.233539 0.242610,0.233834 0.245917,0.220295 0.257381,0.205580 0.261570,0.202048 0.255176,0.234128 0.250988,0.258851 0.246578,0.261205 0.235334,0.259145 0.212626,0.259733 0.208437,0.256790 0.205571,0.248550 0.203587,0.238837
53 0.358961,0.151677 0.368363,0.152500 0.352949,0.198181 0.346013,0.224108 0.337998,0.255384 0.334298,0.282134 0.320272,0.279254 0.325358,0.257442 0.337381,0.212585 0.352795,0.168756
73 0.928577,0.380654 0.925392,0.383553 0.924679,0.398144 0.913666,0.448682 0.914824,0.449649 0.918443,0.442111 0.925682,0.403073
65 0.456899,0.199014 0.466764,0.213418 0.477707,0.236464 0.488189,0.261774 0.496513,0.283791 0.501599,0.299224 0.500983,0.307249 0.493892,0.316302 0.485569,0.323504 0.475704,0.329677 0.458440,0.329266 0.453970,0.242843 0.453353,0.194076
26 0.250605,0.256848 0.248673,0.262701 0.323725,0.286650 0.325212,0.281265
68 0.261390,0.201267 0.251525,0.256619 0.318114,0.277607 0.339693,0.196329 0.354799,0.155792 0.326746,0.155998 0.310715,0.160114 0.298076,0.166904 0.284511,0.175958 0.267710,0.194477
64 0.370521,0.160178 0.358498,0.196599 0.349712,0.227052 0.341697,0.258124 0.336782,0.283949 0.435404,0.314154 0.449623,0.252167 0.448698,0.196404 0.434821,0.184853 0.419407,0.175182 0.399523,0.167157 0.378559,0.160367
57 0.188172,0.360227 0.185852,0.344743 0.183978,0.327241 0.184177,0.315150 0.184559,0.310791 0.185981,0.308095 0.189847,0.304826 0.193585,0.305515 0.197967,0.308612 0.203509,0.317214 0.201707,0.317216 0.196938,0.319969 0.192170,0.327195 0.188819,0.342507
55 0.409808,0.563991 0.411226,0.579304 0.417155,0.580336 0.416768,0.561410 0.419088,0.537667 0.425661,0.518397 0.434554,0.506353 0.444201,0.500790 0.465228,0.495342 0.471801,0.496202 0.464584,0.488976 0.459035,0.483904 0.454868,0.480551 0.447182,0.477611 0.440866,0.475374 0.434551,0.475547 0.426045,0.478471 0.419987,0.484149 0.415218,0.490687 0.410579,0.501699 0.407614,0.513398 0.406583,0.530604 0.407228,0.549874
46 0.447917,0.533523 0.457487,0.534942 0.465781,0.541472 0.473650,0.552545 0.481519,0.568727 0.488325,0.587465 0.492791,0.602229 0.494918,0.626929 0.494705,0.647654 0.492366,0.663837 0.486198,0.679735 0.475352,0.687117 0.466207,0.684846 0.455360,0.674057 0.444727,0.661281 0.437283,0.642260 0.430478,0.622386 0.427287,0.598822 0.427500,0.574689 0.430903,0.552545 0.438559,0.537498
72 0.729608,0.440729 0.704565,0.445805 0.667721,0.448956 0.647906,0.451751 0.636106,0.456477 0.628239,0.464179 0.616307,0.476956 0.595329,0.504436 0.591395,0.514238 0.591657,0.521940 0.596378,0.535592 0.601885,0.543294 0.620765,0.550470 0.637155,0.555021 0.656429,0.557471 0.675965,0.558872 0.704680,0.555721 0.729198,0.550295 0.732738,0.549070 0.743097,0.519839 0.742834,0.504261 0.737852,0.470130
59 0.795744,0.456380 0.798375,0.506066 0.799821,0.508699 0.805477,0.509226 0.893462,0.464105 0.893618,0.416163 0.892698,0.415285
51 0.396179,0.569821 0.407227,0.579829 0.409989,0.578424 0.409594,0.562798 0.289091,0.460421 0.237232,0.417556 0.231050,0.413869 0.230130,0.415098 0.231971,0.423526 0.289131,0.476032 0.371748,0.546369
48 0.647228,0.702244 0.654980,0.708828 0.660969,0.712591 0.671539,0.714943 0.684927,0.715883 0.710295,0.713061 0.730025,0.708828 0.765257,0.696129 0.799080,0.678257 0.846292,0.647214 0.887514,0.609588 0.900198,0.592656 0.907244,0.577134 0.907597,0.568668 0.903228,0.579195 0.896675,0.590304 0.883426,0.606483 0.852986,0.634515 0.807536,0.665133 0.780626,0.680774 0.750107,0.694718 0.731256,0.701161 0.725445,0.696600 0.698668,0.702244 0.669425,0.703655
20 0.206687,0.245539 0.205126,0.235817 0.206687,0.232841 0.212037,0.229170 0.221921,0.223615 0.234034,0.223416 0.229129,0.222325 0.222144,0.222524 0.215827,0.224309 0.206910,0.229170 0.203714,0.232345 0.203120,0.233932 0.202971,0.236809 0.203937,0.243158 0.208099,0.254765 0.209288,0.256649 0.208024,0.251590
24 0.457208,0.321377 0.457314,0.329596 0.323967,0.286651 0.325772,0.280983
17 0.205935,0.392528 0.206459,0.391327 0.208333,0.389927 0.209607,0.389627 0.210356,0.390927 0.210581,0.392228 0.210356,0.394929 0.209457,0.395629 0.207583,0.395429 0.206534,0.394929 0.206010,0.393728 0.205935,0.392528
17 0.207171,0.376572 0.205748,0.379073 0.205897,0.381574 0.206797,0.382674 0.207771,0.383175 0.209719,0.382874 0.210618,0.382074 0.211218,0.380774 0.211218,0.379573 0.210918,0.378273 0.210094,0.377072 0.208220,0.376072
29 0.219442,0.282042 0.223501,0.283736 0.223882,0.285938 0.223628,0.290172 0.221725,0.292881 0.217919,0.291188 0.217031,0.288478 0.216904,0.284752 0.217665,0.283058
17 0.468563,0.588002 0.466787,0.589696 0.465772,0.592237 0.466152,0.594608 0.467675,0.596809 0.470339,0.596640 0.471100,0.595454 0.471227,0.591898 0.469578,0.589188
17 0.468944,0.620012 0.466533,0.620351 0.465518,0.621197 0.464503,0.622214 0.463488,0.624585 0.463488,0.627294 0.465391,0.630004 0.468182,0.630343 0.469958,0.629835 0.470847,0.629157 0.471354,0.627972 0.471481,0.626786 0.470593,0.623907
17 0.476048,0.607310 0.473384,0.609003 0.472242,0.611713 0.472623,0.615608 0.473638,0.616455 0.476682,0.616794 0.478459,0.614931 0.478712,0.611205 0.476682,0.607987
17 0.457779,0.588680 0.456891,0.589696 0.456003,0.592237 0.455876,0.594608 0.456764,0.596979 0.458667,0.598334 0.459555,0.598334 0.462473,0.596640 0.463361,0.594100 0.462473,0.590204 0.460443,0.588680
17 0.457081,0.607394 0.456193,0.609765 0.456066,0.612306 0.457462,0.616201 0.460253,0.617048 0.462029,0.616032 0.462917,0.613491 0.462917,0.610612 0.461775,0.607902 0.459999,0.606378 0.457208,0.606039
16 0.636975,0.101627 0.637939,0.099547 0.637643,0.097665 0.635713,0.097466 0.607289,0.146804 0.596232,0.156711 0.599052,0.159782 0.608328,0.161763 0.609442,0.161268 0.610406,0.147794
38 0.743814,0.535403 0.778528,0.523976 0.780906,0.525881 0.780906,0.530960 0.776864,0.536038 0.773059,0.538260 0.741198,0.546830
39 0.863945,0.375833 0.861719,0.380687 0.860754,0.393467 0.860902,0.402087 0.862164,0.410012 0.864835,0.416353 0.868027,0.418037 0.871069,0.416452 0.873593,0.412489 0.876116,0.406247 0.877006,0.399313 0.877600,0.389604 0.877526,0.382768 0.876116,0.377121 0.874409,0.374049 0.871218,0.370384 0.868843,0.370483 0.865874,0.371672
36 0.653451,0.708658 0.689961,0.709171 0.714750,0.706605 0.732237,0.702245 0.727433,0.698140 0.722821,0.697114 0.718401,0.698397 0.689769,0.703014 0.672475,0.703527 0.653066,0.701988 0.646533,0.700192
