5 0.717488,0.443475 0.718752,0.453168 0.724126,0.471081 0.728868,0.492787 0.738667,0.518708 0.742144,0.545893 0.742934,0.563805 0.743092,0.587197 0.742302,0.611010 0.738667,0.663694 0.733517,0.697272 0.497256,0.691704 0.498447,0.653942 0.498480,0.576415 0.497641,0.541409 0.493697,0.501828 0.487894,0.472468 0.502463,0.473344 0.499067,0.447492 0.487111,0.383346 0.477678,0.344760 0.507058,0.346501 0.526775,0.348765 0.559289,0.353814 0.579006,0.358863 0.601335,0.366349 0.629170,0.379689 0.669598,0.406398 0.712128,0.439202
9 0.223966,0.377193 0.243592,0.401694 0.228091,0.414528 0.220091,0.422862 0.216966,0.427696 0.215841,0.432363 0.216716,0.435863 0.220091,0.440530 0.234967,0.455867 0.239842,0.458867 0.247592,0.462034 0.260218,0.462700 0.257843,0.467867 0.252843,0.476035 0.248592,0.489369 0.249217,0.496369 0.251468,0.507036 0.255468,0.517537 0.270719,0.554706 0.277094,0.567873 0.282469,0.581874 0.318596,0.649878 0.327847,0.665712 0.334597,0.676046 0.342723,0.683046 0.353973,0.688880 0.361474,0.691880 0.313721,0.693213 0.311721,0.678379 0.307346,0.658045 0.304721,0.648378 0.300595,0.637377 0.294845,0.626543 0.289470,0.618209 0.280467,0.607711 0.271341,0.599711 0.263216,0.593877 0.251840,0.587210 0.236339,0.581376 0.218463,0.579043 0.210213,0.579876 0.198712,0.582210 0.189712,0.586210 0.177711,0.593877 0.170836,0.599711 0.166460,0.605211 0.159210,0.602044 0.146709,0.598544 0.123458,0.589544 0.102832,0.583043 0.090831,0.578376 0.087081,0.576043 0.083956,0.573043 0.078208,0.563711 0.085959,0.554877 0.087209,0.550377 0.086958,0.545378 0.084958,0.540044 0.065379,0.504876 0.057628,0.493208 0.050628,0.486041 0.040877,0.479541 0.038502,0.478874 0.039377,0.470207 0.042502,0.458206 0.045253,0.452039 0.136508,0.436205 0.170135,0.411537 0.213387,0.383035
3 0.487138,0.472500 0.473398,0.471377 0.471648,0.438712 0.463281,0.344225 0.421286,0.344227 0.382331,0.346556 0.361281,0.348885 0.344686,0.351564 0.327742,0.355290 0.314728,0.359366 0.309837,0.361928 0.303634,0.373460 0.295686,0.386853 0.283021,0.410960 0.268872,0.439259 0.261185,0.456844 0.262583,0.459056 0.249831,0.488171 0.249569,0.490616 0.249831,0.498652 0.250792,0.503543 0.258390,0.525321 0.281973,0.577028 0.294550,0.602765 0.308613,0.629317 0.328527,0.665535 0.337261,0.677297 0.343375,0.683353 0.354555,0.688710 0.361193,0.690806 0.370539,0.691505 0.434124,0.691272 0.497099,0.691854 0.497972,0.657965 0.497970,0.558519 0.496509,0.530821 0.495047,0.514814 0.493377,0.501592 0.489097,0.480853
11 0.739340,0.664396 0.738936,0.671752 0.735774,0.689334 0.733753,0.697129 0.751246,0.696949 0.753668,0.680802 0.760597,0.656223 0.766182,0.643126 0.778292,0.620700 0.788787,0.607154 0.801167,0.595403 0.810788,0.589393 0.818054,0.586073 0.836959,0.580601 0.850213,0.580332 0.855057,0.581050 0.866562,0.584100 0.873155,0.586791 0.888464,0.597721 0.910898,0.586678 0.919823,0.583572 0.933491,0.582827 0.934167,0.581111 0.912500,0.543333 0.912500,0.533333 0.913727,0.530972 0.916960,0.529958 0.932651,0.528183 0.935218,0.528183 0.938451,0.529197 0.947390,0.529578 0.939018,0.522473 0.919999,0.515246 0.860374,0.495973 0.785383,0.476426 0.770886,0.468373 0.760627,0.463716 0.752551,0.458478 0.744257,0.465608 0.751242,0.470992 0.758990,0.478413 0.760846,0.482779 0.761173,0.486853 0.759536,0.490637 0.755825,0.492820 0.749386,0.494857 0.730287,0.497331 0.737131,0.513130 0.739388,0.519968 0.742660,0.544835 0.743750,0.573483 0.743378,0.589466 0.741133,0.636880 0.739584,0.657728
7 0.788310,0.618146 0.783841,0.623009 0.776452,0.632245 0.769155,0.644643 0.765415,0.658259 0.763500,0.676616 0.761952,0.704574 0.764597,0.722566 0.768974,0.736912 0.776087,0.750527 0.786580,0.764055 0.794787,0.770377 0.803633,0.773051 0.815398,0.774632 0.838467,0.774025 0.847860,0.772080 0.859807,0.767582 0.871115,0.758343 0.879140,0.748982 0.888533,0.734515 0.894552,0.718103 0.897927,0.701813 0.899736,0.684637 0.900010,0.669198 0.898368,0.656798 0.891893,0.640386 0.876480,0.616196 0.866813,0.608050 0.855316,0.602192 0.848112,0.600612 0.838536,0.599761 0.827684,0.599639 0.816376,0.601341 0.803426,0.605839 0.794124,0.611431
7 0.291727,0.635947 0.299512,0.646973 0.305675,0.663946 0.308757,0.683296 0.309325,0.701350 0.308271,0.722862 0.301944,0.741702 0.297402,0.750567 0.285157,0.764836 0.259045,0.784079 0.246881,0.788295 0.235690,0.789052 0.215984,0.787862 0.202036,0.781917 0.192548,0.774782 0.184195,0.766890 0.171849,0.752942 0.165767,0.743105 0.162037,0.733808 0.158388,0.719971 0.157008,0.706784 0.156438,0.690997 0.157083,0.676483 0.160246,0.664159 0.165679,0.651078 0.175167,0.634538 0.180519,0.626755 0.190099,0.617006 0.199262,0.609871 0.210778,0.603817 0.220104,0.601547 0.235430,0.600466 0.247270,0.602087 0.258380,0.605439 0.277032,0.614627 0.287574,0.625438
35 0.509498,0.521671 0.548444,0.524494 0.549433,0.524683 0.551035,0.526692 0.551411,0.529015 0.550940,0.531400 0.550281,0.532530 0.549386,0.533472 0.547691,0.533849 0.510014,0.532405 0.507000,0.531903 0.505916,0.530710 0.505493,0.529517 0.505022,0.527194 0.505163,0.524934 0.505822,0.522674 0.507518,0.521669 0.509213,0.521544
54 0.462223,0.343936 0.476830,0.344685 0.500427,0.472756 0.472710,0.472257
41 0.680521,0.492436 0.692117,0.493186 0.693583,0.493561 0.693864,0.495287 0.730339,0.496262 0.718070,0.449663 0.678495,0.419255 0.684912,0.451670 0.680184,0.463151
50 0.717738,0.443949 0.730831,0.496749 0.744818,0.495431 0.753248,0.493610 0.757487,0.491601 0.759088,0.490032 0.759748,0.488839 0.760219,0.487709 0.760313,0.485449 0.759701,0.483188 0.758523,0.480865 0.755839,0.478480
35 0.278238,0.510417 0.317599,0.512618 0.319803,0.513183 0.321247,0.515492 0.321535,0.517929 0.320477,0.520366 0.319515,0.521393 0.317783,0.522419 0.315858,0.522675 0.276889,0.521521 0.274868,0.520751 0.273136,0.518571 0.272751,0.513825 0.273617,0.511388 0.274483,0.510362 0.275349,0.509977 0.277081,0.510233
69 0.656789,0.404553 0.677706,0.419049 0.684862,0.452990 0.679632,0.464181 0.679907,0.485283 0.507576,0.471702 0.482115,0.348046 0.508117,0.350580 0.542387,0.355350 0.584088,0.364890 0.605970,0.373696 0.632257,0.387640
67 0.308185,0.363200 0.277086,0.379257 0.251811,0.397156 0.250824,0.397419 0.231276,0.413476 0.218540,0.427295 0.216960,0.430322 0.217059,0.433612 0.219527,0.438219 0.235225,0.455065 0.245986,0.460329 0.254773,0.461646 0.261783,0.461646 0.310752,0.361884
66 0.315082,0.364999 0.281982,0.430801 0.269955,0.457866 0.466073,0.470065 0.460495,0.368216 0.459725,0.348427 0.367915,0.352668 0.348959,0.354977 0.315570,0.362801
45 0.761810,0.656268 0.758265,0.666812 0.754902,0.682203 0.752448,0.697594 0.751448,0.712743 0.752539,0.725346 0.754539,0.732981 0.756265,0.733587 0.757356,0.723771 0.757902,0.707410 0.763719,0.667054 0.764718,0.657116 0.762083,0.655299
58 0.762628,0.653238 0.770354,0.635302 0.777807,0.622092 0.786260,0.610822 0.803893,0.594340 0.812710,0.589008 0.821072,0.585251 0.838978,0.581130 0.851795,0.580770 0.858885,0.582466 0.872246,0.587435 0.880972,0.592525 0.888425,0.597979 0.895696,0.607068 0.902331,0.618096 0.908058,0.630700 0.911421,0.640638 0.913511,0.652272 0.914966,0.663421 0.915602,0.673844 0.914875,0.686690 0.913784,0.696991 0.910875,0.708141 0.907876,0.711292 0.899787,0.695173 0.900514,0.681600 0.900332,0.666088 0.895424,0.647546 0.887970,0.633366 0.881881,0.622823 0.875700,0.614703 0.864793,0.605614 0.850341,0.600039 0.838070,0.598948 0.825255,0.599191 0.806258,0.604159 0.796260,0.609613 0.791352,0.613128 0.779717,0.626822 0.772355,0.637244 0.768174,0.647061 0.764357,0.654332
43 0.143112,0.649739 0.140373,0.657546 0.138296,0.682603 0.138296,0.697965 0.140279,0.719874 0.144340,0.730577 0.147078,0.733599 0.149345,0.733976 0.156333,0.723903 0.157938,0.720629 0.156427,0.705016 0.155861,0.689528 0.156616,0.676937 0.158316,0.668626 0.162283,0.658049 0.170308,0.641203 0.161999,0.643317 0.151611,0.645458
56 0.304693,0.650243 0.299876,0.636770 0.291094,0.621660 0.284294,0.613350 0.271734,0.600884 0.264085,0.594714 0.250583,0.586526 0.240478,0.583000 0.232829,0.580986 0.216114,0.579223 0.207709,0.580734 0.195810,0.584134 0.186933,0.587911 0.177962,0.594459 0.169462,0.601510 0.160680,0.610702 0.152936,0.624426 0.143964,0.647847 0.155391,0.643691 0.170123,0.640795 0.175412,0.631981 0.183911,0.621782 0.193071,0.613598 0.201571,0.607806 0.214225,0.601888 0.225652,0.600251 0.238023,0.599873 0.248411,0.601636 0.262765,0.607176 0.277120,0.614227 0.287036,0.624301 0.293268,0.633240 0.307245,0.659179
46 0.186004,0.660733 0.181024,0.669843 0.177782,0.678953 0.175929,0.690534 0.175350,0.704894 0.176276,0.714931 0.180329,0.729137 0.186351,0.742725 0.193879,0.752608 0.201522,0.759093 0.211366,0.764343 0.219357,0.766659 0.233138,0.767894 0.242171,0.765424 0.250509,0.761872 0.261395,0.752453 0.268575,0.742725 0.272629,0.733924 0.275987,0.719872 0.277724,0.705821 0.276682,0.693005 0.272860,0.677564 0.267070,0.664902 0.260700,0.656255 0.252132,0.647301 0.241131,0.641125 0.231287,0.638809 0.223644,0.638346 0.211715,0.639735 0.202798,0.643904 0.194344,0.649154 0.188090,0.657647
71 0.943423,0.531517 0.938364,0.529902 0.932024,0.529237 0.927322,0.529617 0.920982,0.530377 0.915283,0.531517 0.912932,0.532467 0.912433,0.535126 0.912148,0.540160 0.912718,0.543390 0.915710,0.548234 0.930101,0.574261 0.934589,0.581385 0.936156,0.583284 0.941428,0.583284 0.949122,0.581575 0.959594,0.576825 0.960663,0.573596 0.958383,0.562387 0.952969,0.543200 0.949122,0.535031 0.946343,0.532087
46 0.797016,0.656260 0.794815,0.659657 0.790646,0.668149 0.787056,0.680039 0.786130,0.690539 0.786126,0.699953 0.787169,0.711071 0.790411,0.723733 0.797012,0.736086 0.806046,0.745968 0.816468,0.752916 0.827004,0.755850 0.834068,0.755233 0.842754,0.753534 0.849586,0.751063 0.857461,0.745813 0.864873,0.738711 0.872285,0.728211 0.876801,0.718637 0.881434,0.704740 0.883055,0.690225 0.882592,0.678490 0.880276,0.668299 0.875643,0.656409 0.869042,0.645292 0.856998,0.634637 0.847618,0.631395 0.838353,0.630777 0.827699,0.631858 0.814612,0.637417 0.804653,0.646373
73 0.038317,0.479277 0.036465,0.492765 0.036251,0.517651 0.036821,0.531044 0.038103,0.544057 0.039599,0.551371 0.041166,0.552891 0.045298,0.555551 0.049573,0.557546 0.061829,0.560867 0.068668,0.562007 0.073583,0.563242 0.077644,0.563527 0.080493,0.560678 0.086121,0.553649 0.086905,0.549184 0.086121,0.543390 0.079211,0.529617 0.067243,0.508245 0.058552,0.494567 0.054063,0.489723 0.043876,0.480699 0.038319,0.478799
13 0.115609,0.416296 0.096724,0.420114 0.085657,0.423344 0.072388,0.428923 0.062422,0.433842 0.051465,0.441550 0.045849,0.449185 0.045133,0.451828 0.134769,0.436411 0.137853,0.435237 0.137412,0.432153 0.135100,0.429878 0.134164,0.426134 0.135320,0.421949 0.137742,0.419380 0.141652,0.417104 0.145781,0.414168 0.152994,0.411084 0.146607,0.411011 0.123923,0.414681
6 0.765299,0.443110 0.772429,0.445763 0.778730,0.449743 0.783207,0.453943 0.786524,0.459250 0.786358,0.463671 0.780886,0.466546 0.768947,0.467209 0.787187,0.477379 0.838590,0.489981 0.923227,0.514743 0.942462,0.523586 0.951416,0.531546 0.947105,0.523586 0.936977,0.510376 0.926482,0.503324 0.908826,0.493127 0.892716,0.485750 0.845120,0.466007 0.832265,0.461125 0.789062,0.445612 0.758714,0.436608 0.733492,0.427604 0.737397,0.431075 0.749520,0.436065 0.756354,0.439428
52 0.738370,0.712592 0.749458,0.712085 0.751358,0.703553 0.750598,0.697978 0.495394,0.692479 0.361513,0.692101 0.313861,0.692479 0.313293,0.699287 0.315279,0.706473 0.319533,0.710633 0.555243,0.711767
0 0.039208,0.552000 0.035972,0.557584 0.036353,0.562913 0.034449,0.571034 0.030643,0.582454 0.027217,0.589559 0.028169,0.609861 0.031024,0.629655 0.037495,0.642851 0.038066,0.649196 0.035782,0.652241 0.036543,0.656047 0.042443,0.667213 0.051960,0.676603 0.067947,0.685485 0.094593,0.692844 0.123333,0.698427 0.138559,0.699696 0.138179,0.683455 0.140843,0.658078 0.154166,0.618235 0.165966,0.604278 0.116100,0.588544 0.086409,0.575348 0.078035,0.564186 0.057479,0.560379 0.047963,0.556319
1 0.887142,0.598134 0.891981,0.601852 0.896984,0.608305 0.902398,0.617600 0.906252,0.625802 0.910271,0.636957 0.914454,0.651720 0.915274,0.665062 0.915274,0.678403 0.913880,0.694260 0.911748,0.703884 0.908631,0.710445 0.910025,0.712305 0.921508,0.711211 0.935369,0.707930 0.945704,0.703337 0.954562,0.695135 0.962435,0.686058 0.967192,0.678185 0.970309,0.670748 0.969981,0.663312 0.967192,0.658281 0.965306,0.656641 0.967110,0.652814 0.965798,0.649095 0.966618,0.644284 0.963912,0.638488 0.965634,0.635316 0.965142,0.631489 0.966454,0.627661 0.971129,0.622631 0.973426,0.617163 0.973098,0.584355 0.969653,0.579871 0.959647,0.572544 0.959483,0.576372 0.954398,0.579325 0.947672,0.581949 0.938486,0.583699 0.924133,0.583261 0.914126,0.585449 0.903710,0.590479 0.893211,0.594744
12 0.752566,0.457515 0.744690,0.465536 0.737909,0.460869 0.711986,0.438118 0.666702,0.403554 0.647014,0.390575 0.629841,0.380658 0.600965,0.366365 0.588168,0.361407 0.565526,0.355427 0.524290,0.347844 0.462600,0.343177 0.446521,0.343323 0.391065,0.345656 0.347641,0.350031 0.325000,0.355427 0.308921,0.361115 0.289779,0.370740 0.272279,0.381241 0.243840,0.401513 0.223823,0.376428 0.235636,0.369574 0.261778,0.358198 0.270310,0.355719 0.267685,0.352219 0.267903,0.347552 0.268997,0.343614 0.275669,0.340552 0.295030,0.333551 0.322922,0.326405 0.394550,0.319002 0.429977,0.318130 0.479653,0.318828 0.504099,0.319873 0.535735,0.323534 0.562796,0.328937 0.591556,0.336258 0.613911,0.347239 0.613518,0.350899 0.608812,0.358046 0.634958,0.371293 0.650645,0.380705 0.686464,0.405456 0.711300,0.425157 0.728948,0.437532 0.745681,0.450954
47 0.142416,0.503253 0.140668,0.509598 0.140571,0.515167 0.140814,0.520153 0.142416,0.525787 0.144796,0.530514 0.148876,0.535241 0.152615,0.538155 0.157812,0.540551 0.164999,0.540810 0.168739,0.538673 0.172236,0.536148 0.175587,0.531939 0.179084,0.525140 0.180201,0.519053 0.180249,0.508886 0.178986,0.504159 0.176704,0.498849 0.173596,0.495352 0.168885,0.491726 0.165194,0.489978 0.157715,0.489913 0.154218,0.490755 0.150818,0.492179 0.147710,0.495029 0.143970,0.500209
27 0.488783,0.473505 0.489556,0.478655 0.680166,0.492045 0.680552,0.486380
21 0.690791,0.448272 0.686543,0.453679 0.683453,0.462176 0.682290,0.480200 0.695615,0.480972 0.713189,0.480200 0.715507,0.476853 0.718210,0.459086 0.712803,0.454451 0.697546,0.448528
17 0.822167,0.688787 0.820685,0.689867 0.819739,0.693647 0.821360,0.695447 0.824195,0.695447 0.824600,0.694187 0.824735,0.691667 0.823250,0.689327
17 0.828516,0.703729 0.827436,0.705174 0.827436,0.707694 0.828112,0.710214 0.830002,0.711475 0.832837,0.709494 0.833107,0.706974 0.831622,0.704454 0.829732,0.703913
29 0.754452,0.532070 0.767047,0.532500 0.769792,0.535084 0.769630,0.540251 0.767047,0.543696 0.764948,0.544342 0.752675,0.543481 0.751545,0.542620 0.750576,0.537452 0.751383,0.534869 0.753321,0.532716
25 0.486659,0.472475 0.488011,0.477625 0.261481,0.462948 0.263412,0.457541
17 0.834187,0.676550 0.829462,0.675289 0.828517,0.676190 0.827571,0.678710 0.829192,0.680870 0.832027,0.682130 0.833917,0.681590 0.835133,0.679070 0.835133,0.677630
19 0.833915,0.686085 0.831890,0.686805 0.829324,0.690405 0.828649,0.696706 0.829999,0.699226 0.831890,0.701027 0.834725,0.702467 0.836615,0.702467 0.839451,0.700307 0.841206,0.697966 0.841746,0.695446 0.841611,0.691665 0.840261,0.687705 0.837290,0.685364 0.835400,0.685364
28 0.800025,0.658541 0.798675,0.661241 0.799080,0.662501 0.806776,0.667362 0.806776,0.664842 0.805426,0.662321 0.800700,0.658181
17 0.844044,0.678530 0.840938,0.680150 0.840533,0.682851 0.841343,0.686631 0.844314,0.688971 0.846204,0.688431 0.847014,0.685911 0.846879,0.683391 0.845124,0.679610
17 0.843504,0.698153 0.840803,0.701213 0.841073,0.703733 0.843099,0.704454 0.846069,0.703913 0.846744,0.702653 0.846744,0.699953 0.845529,0.697433 0.844584,0.697073
17 0.234565,0.690405 0.233080,0.692565 0.232675,0.696346 0.233620,0.699046 0.235645,0.699586 0.237536,0.698146 0.239561,0.694366 0.239021,0.691845 0.237941,0.690585 0.236050,0.689865
17 0.236455,0.706967 0.234025,0.710388 0.233620,0.711828 0.234025,0.714349 0.235915,0.715969 0.237806,0.715969 0.238751,0.715069 0.239156,0.713628 0.238886,0.709848 0.237536,0.707328
19 0.223224,0.695986 0.221200,0.697245 0.218904,0.702466 0.218904,0.706246 0.221470,0.711287 0.224305,0.712727 0.228221,0.713087 0.232001,0.709487 0.233217,0.705526 0.233217,0.703006 0.232406,0.700485 0.229706,0.697065 0.226871,0.695625 0.224845,0.695445
17 0.221198,0.715069 0.220253,0.716149 0.219983,0.718849 0.222549,0.722090 0.224439,0.722270 0.226059,0.719929 0.226329,0.717409 0.224844,0.715249 0.222008,0.714349
62 0.964347,0.629368 0.952606,0.635389 0.951477,0.638099 0.950800,0.646227 0.951590,0.661431 0.951590,0.671516 0.952154,0.676785 0.954525,0.676333 0.958138,0.673172 0.962992,0.665796 0.964799,0.660829 0.965928,0.654506 0.966154,0.648636 0.966154,0.642765 0.964347,0.639454 0.965138,0.634938 0.965250,0.631024
28 0.243882,0.749991 0.237806,0.748191 0.236861,0.749271 0.236861,0.750531 0.239561,0.753952 0.240641,0.754312 0.243477,0.753952 0.244152,0.751431
17 0.213502,0.698686 0.211612,0.699226 0.210127,0.701747 0.210127,0.703007 0.212422,0.706607 0.216338,0.707508 0.217283,0.706427 0.217553,0.702467 0.214852,0.699226
17 0.220928,0.684104 0.219038,0.686445 0.219173,0.690225 0.220928,0.692025 0.223089,0.692205 0.225924,0.689505 0.226329,0.686805 0.225519,0.685544 0.221603,0.684104
16 0.317225,0.328310 0.313387,0.331019 0.307290,0.331923 0.306839,0.327256 0.305371,0.323794 0.278163,0.281044 0.278050,0.279388 0.279292,0.278485 0.280421,0.278937 0.307968,0.319579 0.315870,0.325751
33 0.963441,0.631173 0.961296,0.634334 0.956893,0.636592 0.954635,0.638850 0.953957,0.642162 0.954749,0.647730 0.955652,0.651042 0.957346,0.651644 0.959378,0.650289 0.960846,0.648031 0.962652,0.642161 0.963555,0.633280
Мелкие 0.729860,0.429766 0.738215,0.435937 0.757068,0.452194 0.760116,0.456108 0.762261,0.459721 0.762036,0.463484 0.773099,0.468000 0.779309,0.467699 0.783034,0.466495 0.786421,0.464086 0.786308,0.459871 0.779873,0.451743 0.770616,0.445722 0.763503,0.442109 0.738440,0.431422 0.733812,0.428110
15 0.269726,0.343261 0.243749,0.354152 0.222507,0.365481 0.178552,0.392933 0.140479,0.420602 0.138192,0.424524 0.137211,0.428881 0.138682,0.430624 0.141133,0.431713 0.209598,0.384218 0.229697,0.372889 0.270057,0.355241 0.267769,0.352627 0.267279,0.349795 0.267933,0.346527
14 0.613577,0.348330 0.613690,0.351040 0.612900,0.353147 0.609626,0.357813 0.619448,0.362329 0.631415,0.369103 0.643608,0.376178 0.658058,0.385511 0.674428,0.396800 0.697120,0.413659 0.724780,0.433378 0.746682,0.450689 0.755375,0.459119 0.758987,0.460473 0.759439,0.458517 0.757068,0.455807 0.746117,0.444518 0.736521,0.436540 0.727941,0.430067 0.719694,0.424369 0.701818,0.410524 0.673654,0.387322 0.658008,0.375753 0.647197,0.367282 0.622968,0.351098 0.615619,0.346546 0.612822,0.345787
