4 0.589900,0.364330 0.599710,0.421334 0.596938,0.434774 0.605468,0.474167 0.606961,0.507536 0.607174,0.542758 0.604400,0.679940 0.615916,0.623399 0.629991,0.545540 0.631910,0.412066 0.629778,0.344866 0.624233,0.326328 0.621668,0.322996 0.620175,0.325313 0.616336,0.267382 0.610578,0.215476 0.602687,0.173765 0.600768,0.170984 0.595436,0.183034 0.591384,0.200645 0.590318,0.221964
10 0.572391,0.414651 0.575969,0.405579 0.576715,0.391970 0.588792,0.394562 0.587897,0.414003 0.587599,0.431176 0.591178,0.439601 0.596247,0.434740 0.605491,0.476215 0.606540,0.542397 0.604005,0.680753 0.600575,0.695334 0.601619,0.674272 0.602812,0.628910 0.602812,0.616273 0.601768,0.609469 0.599234,0.611089 0.597295,0.620485 0.592822,0.649971 0.589095,0.683993 0.556886,0.707077 0.551668,0.714529 0.553904,0.688932 0.556886,0.644217 0.556886,0.627044 0.555992,0.619268 0.552861,0.612463 0.548984,0.609871 0.526022,0.633201 0.526172,0.627044 0.531241,0.603067 0.539591,0.572285 0.574187,0.427005 0.573292,0.420849
2 0.601921,0.169824 0.606739,0.164960 0.613564,0.165423 0.618469,0.169131 0.624227,0.190913 0.637022,0.265992 0.643420,0.283603 0.647472,0.297506 0.650885,0.324850 0.652377,0.349876 0.651738,0.382781 0.642781,0.456933 0.640008,0.488911 0.630368,0.541099 0.632542,0.407396 0.630623,0.342050 0.624438,0.323512 0.621666,0.319341 0.622351,0.316228 0.613819,0.227353 0.604603,0.177949
8 0.637285,0.238045 0.637515,0.251527 0.637171,0.265383 0.643030,0.281986 0.647740,0.296842 0.648257,0.303333 0.649119,0.295219 0.646591,0.256770 0.637458,0.235423
7 0.568127,0.914653 0.554269,0.951938 0.551630,0.961498 0.572306,0.964366 0.578246,0.953372 0.585507,0.932817 0.589686,0.914175 0.592326,0.883582 0.598485,0.775543 0.599145,0.733000 0.599145,0.698583 0.595626,0.668468 0.592106,0.656996 0.582205,0.741130
26 0.621782,0.320060 0.624307,0.327672 0.619990,0.343426 0.614777,0.343426
49 0.588670,0.364038 0.587645,0.425459 0.588442,0.431650 0.590608,0.437347 0.593001,0.436356 0.596761,0.430412 0.600408,0.415800
20 0.606459,0.390999 0.619108,0.391915 0.638924,0.389349 0.650477,0.385134 0.651573,0.375055 0.650983,0.362226 0.648453,0.355629 0.644490,0.350681 0.632010,0.346099 0.623493,0.344267 0.614723,0.344816 0.610760,0.348482 0.605869,0.357645 0.603761,0.365892 0.604182,0.375971
6 0.445707,0.704474 0.477273,0.674292 0.512626,0.645482 0.525253,0.631763 0.540404,0.565911 0.554651,0.505353 0.568361,0.452041 0.573592,0.427152 0.572690,0.414214 0.556187,0.421861 0.535354,0.421861 0.464015,0.418722 0.394492,0.407247 0.322601,0.390307 0.305079,0.384404 0.297917,0.379546 0.295995,0.374238 0.305826,0.347971 0.304652,0.344050 0.288059,0.383446 0.255231,0.436753 0.223034,0.499664 0.204906,0.548663 0.208333,0.597465 0.222941,0.647051 0.256313,0.664689 0.340909,0.694871 0.421086,0.708590
7 0.631922,0.567968 0.637861,0.565100 0.641600,0.558886 0.644240,0.549326 0.645999,0.534507 0.648199,0.447509 0.647759,0.421218 0.645339,0.439861 0.636981,0.527815 0.629722,0.565578
1 0.190859,0.642996 0.191220,0.670805 0.196446,0.690781 0.210864,0.715457 0.222219,0.737391 0.231951,0.751492 0.254119,0.764025 0.282414,0.776559 0.338300,0.794584 0.376328,0.805160 0.406246,0.809860 0.417059,0.809077 0.430216,0.803985 0.452924,0.789101 0.467365,0.787128 0.515846,0.759711 0.537293,0.739735 0.550810,0.724460 0.552432,0.713492 0.557118,0.707226 0.588658,0.684900 0.584152,0.721326 0.568847,0.896067 0.566685,0.915260 0.548661,0.962968 0.530819,0.986077 0.513730,1.000000 0.365345,0.999003 0.319207,0.988036 0.240598,0.955915 0.201488,0.927323 0.190134,0.903822 0.185448,0.877579 0.181664,0.843111 0.186169,0.808643 0.185629,0.790626 0.181123,0.771434 0.178600,0.739708 0.179321,0.709548 0.182565,0.701323 0.182565,0.682131
14 0.575659,0.403689 0.579537,0.206960 0.551845,0.202502 0.513554,0.193586 0.416784,0.185878 0.375520,0.186609 0.305418,0.355089 0.301430,0.367720 0.301886,0.373911 0.305304,0.382827 0.352275,0.395802 0.397736,0.406898 0.426681,0.411108 0.483677,0.418564 0.547987,0.421318 0.556648,0.421071 0.572033,0.413393
12 0.405724,0.148818 0.418266,0.140982 0.435512,0.134167 0.493520,0.130079 0.500575,0.128034 0.505435,0.132805 0.543689,0.130079 0.578511,0.134492 0.599519,0.141306 0.614726,0.154935 0.623663,0.179126 0.633383,0.213539 0.637773,0.235005 0.635891,0.233301 0.629307,0.205021 0.623663,0.183556 0.618332,0.166520 0.609553,0.162772 0.603909,0.165838 0.597324,0.173675 0.592777,0.188667 0.590582,0.200933 0.589485,0.227168 0.588858,0.265329 0.588232,0.393486 0.576474,0.390419 0.579923,0.206429 0.557503,0.203363 0.513282,0.192848 0.414199,0.185693 0.376246,0.186034 0.332335,0.288622 0.307407,0.349952 0.304272,0.341434 0.328419,0.277045 0.345508,0.237521 0.359775,0.207197 0.377491,0.176532 0.385643,0.165288 0.397402,0.155066
35 0.646452,0.314748 0.645983,0.320980 0.643841,0.322490 0.644514,0.327131 0.644514,0.330351 0.647363,0.330846 0.649073,0.324902 0.648503,0.320940
41 0.316591,0.305038 0.307360,0.297113 0.301549,0.296370 0.295167,0.299094 0.290381,0.306524 0.289697,0.314945 0.292546,0.338968 0.296420,0.350856 0.298927,0.353333
68 0.602349,0.172808 0.608502,0.207728 0.615796,0.248593 0.620012,0.323883 0.613858,0.344935 0.609756,0.344935 0.603032,0.363014 0.602690,0.371435 0.596878,0.327598 0.590953,0.302089 0.591180,0.241411 0.592548,0.202775 0.593460,0.191878 0.596423,0.182714
64 0.609186,0.190640 0.614428,0.223084 0.620012,0.263701 0.622177,0.318187 0.629471,0.294411 0.633573,0.268159 0.628787,0.228037 0.626280,0.207976 0.620810,0.182219 0.617847,0.175284 0.612491,0.170331 0.608388,0.171074 0.604742,0.173551
40 0.610551,0.345263 0.618528,0.344272 0.631520,0.345015 0.646562,0.351950 0.650095,0.358389 0.651576,0.365819 0.651121,0.374735 0.649297,0.389595 0.646676,0.397272 0.640181,0.402721 0.627987,0.407179 0.602802,0.412132 0.600181,0.414361 0.588899,0.362104 0.590038,0.302865 0.596875,0.330355 0.602915,0.374687 0.603371,0.363542 0.607474,0.352150
65 0.624685,0.196088 0.631864,0.221598 0.634371,0.233981 0.635853,0.255280 0.635739,0.264939 0.634029,0.269149 0.626728,0.206811
57 0.599736,0.696812 0.601217,0.667835 0.601901,0.633410 0.601103,0.612358 0.598824,0.614587 0.592215,0.656442 0.597001,0.671550
63 0.448768,0.704318 0.436437,0.709512 0.414165,0.708473 0.389312,0.705149 0.344756,0.695984 0.306617,0.684350 0.242451,0.659625 0.223429,0.647784 0.223811,0.682061 0.227444,0.707613 0.209760,0.711560 0.215400,0.723401 0.222955,0.738013 0.232132,0.750477 0.254117,0.762734 0.274860,0.771666 0.307933,0.784131 0.350684,0.797661 0.376206,0.803480 0.388633,0.806594 0.406890,0.808255 0.418456,0.807424 0.432986,0.800985 0.452478,0.788492 0.431526,0.766262
70 0.449407,0.706331 0.432343,0.766239 0.453674,0.788348 0.472379,0.781929 0.523901,0.749836 0.549826,0.724161 0.555733,0.664965 0.556718,0.640717 0.555077,0.615042 0.551139,0.611476 0.545888,0.612189 0.475333,0.678516
71 0.222972,0.650701 0.223629,0.682795 0.226910,0.707044 0.209846,0.709183 0.197704,0.691354 0.191468,0.669244 0.191468,0.622174 0.196719,0.584374 0.200657,0.562978 0.203939,0.556560 0.207220,0.590793 0.211158,0.611476
59 0.386249,0.839457 0.386631,0.859400 0.385962,0.911958 0.383285,0.915698 0.375256,0.915905 0.240637,0.875017 0.239394,0.868785 0.242931,0.796491 0.245703,0.791921 0.254401,0.793167 0.384200,0.833704 0.385590,0.836960
61 0.445084,0.904287 0.458192,0.903100 0.481131,0.893604 0.503114,0.879361 0.529603,0.860073 0.542984,0.848203 0.548992,0.841675 0.550494,0.841378 0.551040,0.846719 0.544077,0.909925 0.537523,0.928917 0.527146,0.944347 0.505162,0.962152 0.465429,0.986188 0.440988,0.993310
60 0.440743,0.994070 0.443610,0.904742 0.386448,0.896640 0.386162,0.913052 0.383390,0.916791 0.374978,0.916999 0.240442,0.875616 0.239295,0.869799 0.240060,0.844040 0.206126,0.824928 0.198383,0.818696 0.200869,0.899714 0.254108,0.934745 0.372673,0.978282
24 0.630131,0.288463 0.621660,0.319264 0.624592,0.326876 0.633389,0.292358 0.636810,0.266336 0.635018,0.264389
62 0.184786,0.792412 0.185059,0.822383 0.187790,0.852058 0.200352,0.900130 0.197894,0.817339 0.190111,0.808140
51 0.633026,0.530309 0.616200,0.619925 0.601180,0.695594 0.599815,0.733873 0.605959,0.703012 0.628352,0.574226 0.631492,0.552861 0.635452,0.532683 0.636955,0.516896 0.635862,0.511554
21 0.309792,0.298916 0.317458,0.304890 0.304829,0.339825 0.297746,0.339825 0.293108,0.337809 0.291337,0.330845 0.290073,0.318566 0.289651,0.309953 0.291759,0.303905 0.295469,0.300423 0.302377,0.297338
29 0.603080,0.494766 0.601207,0.499900 0.600311,0.505564 0.601125,0.511229 0.602347,0.513353 0.604302,0.511229 0.605687,0.506272 0.606013,0.502024 0.605361,0.497776 0.603976,0.495120
32 0.478699,0.905357 0.513009,0.884254 0.536313,0.865261 0.530163,0.889178 0.519158,0.909577 0.498120,0.925756 0.475463,0.938418 0.471578,0.933494 0.475786,0.913094
39 0.318158,0.697142 0.326249,0.697845 0.333047,0.710507 0.335960,0.735830 0.333047,0.756933 0.327544,0.773815 0.317834,0.778739 0.309095,0.772409 0.303592,0.755526 0.301974,0.732313 0.304563,0.714024 0.309418,0.703473
31 0.438223,0.399545 0.458363,0.408889 0.476467,0.415283 0.521047,0.423151 0.506111,0.414791 0.468999,0.407414 0.438223,0.394135
