4 0.758393,0.240632 0.745531,0.241769 0.723598,0.245215 0.702428,0.252407 0.691119,0.258324 0.680606,0.265090 0.672075,0.274128 0.655920,0.291322 0.639127,0.313235 0.615552,0.346153 0.610255,0.351887 0.612994,0.370051 0.612720,0.395774 0.614454,0.430889 0.612537,0.460512 0.609334,0.494896 0.605040,0.557441 0.604949,0.594745 0.752631,0.539396 0.761232,0.509037 0.760959,0.475634 0.764337,0.456739 0.770640,0.417964 0.772192,0.396996 0.772466,0.381880 0.767718,0.354323 0.760230,0.355542 0.761052,0.333720 0.761147,0.293362 0.760691,0.271785
10 0.583857,0.360300 0.597917,0.368346 0.591617,0.379439 0.587600,0.388826 0.586870,0.393336 0.588239,0.396628 0.591709,0.398700 0.598465,0.400163 0.607413,0.400773 0.612617,0.399554 0.613713,0.426861 0.612803,0.454905 0.607321,0.516841 0.605586,0.542198 0.603943,0.594623 0.590521,0.600840 0.590065,0.565121 0.584678,0.534888 0.578005,0.520381 0.573713,0.514407 0.569605,0.510262 0.563396,0.506483 0.557918,0.503923 0.551709,0.502338 0.542296,0.502459 0.535631,0.503313 0.528053,0.505141 0.512897,0.513919 0.505227,0.520014 0.493615,0.530866 0.475811,0.528428 0.452772,0.526965 0.423555,0.529404 0.428760,0.520017 0.437707,0.501975 0.448579,0.477952 0.447940,0.473441 0.446936,0.470637 0.444927,0.469052 0.441640,0.467346 0.439084,0.466736 0.401360,0.467223 0.408482,0.461249 0.423729,0.451131 0.455153,0.433085 0.482270,0.419676 0.516258,0.403825 0.550135,0.388582 0.561000,0.381756 0.565565,0.375173 0.567042,0.374074 0.572611,0.372002 0.579367,0.366272
2 0.766357,0.241179 0.777405,0.241179 0.796122,0.242520 0.816391,0.246421 0.830360,0.251541 0.840769,0.257027 0.849916,0.280313 0.863621,0.318476 0.870469,0.334080 0.878777,0.347611 0.880877,0.352731 0.880244,0.363221 0.877048,0.381263 0.870195,0.412842 0.862616,0.434664 0.850739,0.461977 0.839600,0.487333 0.830727,0.502945 0.821414,0.513673 0.811097,0.518428 0.788910,0.525011 0.752754,0.539761 0.761519,0.508919 0.761243,0.476609 0.770651,0.418088 0.772386,0.396023 0.772843,0.379559 0.768004,0.353349 0.775217,0.351399 0.773939,0.304459 0.769646,0.261542
8 0.906743,0.428942 0.913147,0.422704 0.915229,0.417611 0.919040,0.410442 0.925448,0.404430 0.929605,0.394949 0.930124,0.392867 0.929258,0.390092 0.929258,0.384774 0.934974,0.361649 0.938957,0.340143 0.937483,0.332131 0.934974,0.325103 0.931337,0.320710 0.925102,0.316316 0.912285,0.317010 0.904838,0.310766 0.886479,0.286948 0.878339,0.297816 0.882149,0.304754 0.883881,0.312154 0.879725,0.321866 0.875395,0.330422 0.869853,0.332966 0.880591,0.350309 0.881110,0.355166 0.878859,0.371353 0.870887,0.409055 0.865518,0.426398 0.846640,0.472416 0.832078,0.501564 0.822899,0.513357 0.839872,0.509657 0.853727,0.467802 0.858751,0.455312 0.870182,0.435194 0.876763,0.426638 0.886635,0.417619 0.890792,0.415745 0.893563,0.414747 0.898066,0.415769 0.902050,0.418775 0.903955,0.421550 0.905687,0.425250
6 0.244017,0.417900 0.258979,0.392620 0.287179,0.370306 0.321950,0.351005 0.401225,0.319229 0.398763,0.322010 0.397816,0.324539 0.401793,0.328584 0.410693,0.333388 0.425085,0.340721 0.442129,0.347547 0.456142,0.351846 0.481518,0.361454 0.519615,0.370811 0.539309,0.374351 0.553323,0.375615 0.564546,0.374861 0.562770,0.378272 0.558057,0.383453 0.551618,0.386993 0.537794,0.393820 0.495686,0.413093 0.468716,0.425197 0.436895,0.442659 0.408513,0.460686 0.400533,0.467328 0.395836,0.468426 0.360873,0.473847 0.336340,0.477947 0.323559,0.482294 0.310831,0.477201 0.288068,0.464110 0.271304,0.453056 0.271648,0.445950 0.269267,0.441052 0.266032,0.441979 0.261927,0.444366 0.256438,0.439471 0.248182,0.430173 0.244017,0.417900
7 0.454406,0.672234 0.462199,0.686572 0.469647,0.695822 0.481944,0.701372 0.498051,0.705765 0.515024,0.706228 0.531304,0.698828 0.543774,0.688884 0.552260,0.677784 0.563345,0.659285 0.571312,0.640322 0.580491,0.608179 0.581010,0.587829 0.578936,0.568861 0.573047,0.553830 0.567678,0.542961 0.561270,0.535099 0.547068,0.523305 0.531827,0.517293 0.520743,0.516136 0.506714,0.520530 0.500652,0.524461 0.484023,0.545732 0.475710,0.558451 0.467396,0.578338 0.461508,0.597300 0.456485,0.617881 0.454580,0.630831 0.451977,0.653965 0.451285,0.663677
7 0.822046,0.529073 0.824644,0.538554 0.828801,0.547110 0.833650,0.552429 0.842483,0.556823 0.853567,0.560523 0.866037,0.560985 0.873658,0.555204 0.880932,0.546185 0.887167,0.535317 0.891497,0.525603 0.896000,0.510804 0.899291,0.496004 0.901369,0.477735 0.902582,0.460623 0.900676,0.450679 0.895996,0.440732 0.891839,0.435182 0.885431,0.430325 0.877118,0.429169 0.873308,0.430557 0.867419,0.439575 0.861547,0.451098 0.855776,0.464346 0.851625,0.477323 0.846157,0.493140 0.840082,0.509497 0.840892,0.513553 0.838766,0.520312 0.836033,0.523557
13 0.906799,0.310280 0.911144,0.310622 0.924902,0.315881 0.911931,0.316329 0.908444,0.313325 0.904997,0.310456 0.902707,0.307468 0.901245,0.304915
0 0.900798,0.489618 0.902597,0.476116 0.904621,0.468915 0.907769,0.460965 0.909118,0.443863 0.908780,0.436062 0.907094,0.428861 0.913333,0.422692 0.915540,0.417351 0.919279,0.410456 0.925477,0.404632 0.930707,0.393238 0.935201,0.389406 0.935088,0.394207 0.933514,0.404558 0.934526,0.411759 0.935875,0.417910 0.935426,0.427211 0.927106,0.457664 0.921822,0.468615 0.915639,0.475066 0.908780,0.480467 0.902597,0.489018 0.900798,0.489618
1 0.224247,0.465341 0.228795,0.452133 0.236018,0.444994 0.241285,0.460074 0.252188,0.474130 0.252008,0.478200 0.252766,0.481640 0.255501,0.483633 0.258557,0.483238 0.262354,0.483531 0.279578,0.499457 0.304083,0.512787 0.309756,0.517490 0.314937,0.525311 0.324500,0.533079 0.335090,0.534176 0.355867,0.535663 0.394925,0.536377 0.426767,0.529831 0.455648,0.526701 0.493834,0.531567 0.475372,0.556604 0.467758,0.574003 0.461662,0.590486 0.455649,0.618361 0.452620,0.645509 0.449232,0.664528 0.415485,0.667859 0.372453,0.667740 0.343294,0.664527 0.313599,0.659173 0.286579,0.640611 0.263038,0.617051 0.243776,0.593134 0.234145,0.575286 0.226922,0.558152 0.226655,0.546729 0.232005,0.537091 0.227725,0.523883 0.224782,0.498539 0.225585,0.479620 0.224247,0.465341
12 0.419176,0.308929 0.421209,0.313286 0.438738,0.297648 0.463422,0.276660 0.507252,0.243198 0.524929,0.232056 0.554307,0.232345 0.594541,0.237409 0.626224,0.242767 0.672855,0.253475 0.662987,0.262157 0.625569,0.306034 0.583918,0.359765 0.598884,0.368303 0.614717,0.344426 0.632516,0.320826 0.655832,0.291017 0.680897,0.264494 0.690549,0.258417 0.702587,0.251905 0.723842,0.244959 0.745122,0.241464 0.762691,0.239872 0.772993,0.240017 0.792947,0.241609 0.807696,0.243924 0.821912,0.246959 0.839263,0.255062 0.852494,0.265770 0.863989,0.278504 0.870496,0.288055 0.877987,0.297481 0.886229,0.285760 0.874625,0.272592 0.857383,0.255517 0.848924,0.249150 0.837645,0.242639 0.820504,0.235379 0.803695,0.229591 0.785585,0.225394 0.760733,0.220604 0.720934,0.214960 0.690230,0.212789 0.636642,0.212210 0.602482,0.213512 0.559411,0.220028 0.536661,0.225976 0.517109,0.234649 0.476314,0.261873 0.422952,0.305894
14 0.420121,0.315330 0.414901,0.319624 0.410038,0.325731 0.407464,0.329929 0.410896,0.332696 0.428058,0.341379 0.441645,0.346627 0.451513,0.349871 0.477756,0.359508 0.489269,0.362657 0.524746,0.371163 0.553216,0.374891 0.564515,0.373841 0.572881,0.370120 0.585895,0.355712 0.615369,0.318112 0.662799,0.261002 0.671738,0.253655 0.640918,0.246690 0.613161,0.240955 0.591136,0.237329 0.555661,0.232934 0.524904,0.232261 0.507021,0.243433 0.489788,0.256409 0.465825,0.275024 0.441288,0.296414
35 0.742328,0.405920 0.753483,0.404202 0.763852,0.399050 0.766712,0.398668 0.768500,0.401244 0.768288,0.404682 0.767359,0.406876 0.762711,0.409166 0.743761,0.413746 0.742116,0.413269 0.741187,0.411361 0.741044,0.408117
35 0.853839,0.375189 0.862491,0.373567 0.869070,0.370323 0.871358,0.370228 0.873074,0.371373 0.873789,0.373281 0.873432,0.376430 0.871859,0.378338 0.868641,0.379292 0.854840,0.381678 0.853553,0.380723 0.853338,0.377956
40 0.614137,0.350535 0.614380,0.396648 0.636770,0.394050 0.640420,0.392101 0.661350,0.392751 0.683496,0.391452 0.688363,0.390478 0.692257,0.382359 0.694691,0.363525 0.691284,0.358979 0.668894,0.347288 0.658429,0.345989 0.642611,0.350535 0.642124,0.316114
68 0.642891,0.315090 0.666497,0.286838 0.680369,0.273199 0.691808,0.264431 0.710060,0.255339 0.725635,0.250143 0.755326,0.245597 0.757030,0.279044 0.756056,0.355357 0.694485,0.370620 0.695215,0.362501 0.688644,0.355682 0.670635,0.346589 0.658710,0.343991 0.643134,0.348862
53 0.758974,0.249858 0.760921,0.281357 0.759948,0.355072 0.772603,0.352149 0.770899,0.285903 0.765548,0.240076 0.758003,0.240726
49 0.613163,0.347288 0.592477,0.378463 0.587610,0.390153 0.588340,0.393725 0.591017,0.396648 0.596858,0.398596 0.606592,0.400220 0.614380,0.397947
64 0.768955,0.244623 0.800836,0.245597 0.822982,0.250793 0.840018,0.259560 0.852186,0.289436 0.851456,0.332301 0.774552,0.350486 0.773092,0.287163
65 0.843351,0.262086 0.852070,0.284692 0.863767,0.319028 0.866815,0.329149 0.870572,0.328298 0.874329,0.325555 0.877094,0.321204 0.879079,0.316379 0.879929,0.311461 0.879929,0.308529 0.878086,0.303610 0.871423,0.293678 0.862916,0.282328 0.853276,0.270788 0.842075,0.258964
57 0.580836,0.613153 0.588148,0.615356 0.589327,0.602768 0.589563,0.574444 0.588384,0.557450 0.583902,0.535735 0.578006,0.523147 0.573761,0.515280 0.564327,0.506783 0.556308,0.503950 0.544515,0.502377 0.532015,0.504580 0.521769,0.509239 0.506549,0.519843 0.520490,0.515620 0.532006,0.516788 0.546956,0.523078 0.560358,0.533862 0.567497,0.542398 0.573760,0.554530 0.579085,0.568390 0.581240,0.587800 0.580701,0.607942 0.579422,0.612974
55 0.874545,0.429800 0.880668,0.423369 0.887403,0.417797 0.891578,0.415910 0.894474,0.415461 0.897639,0.416090 0.899929,0.417617 0.902219,0.419864 0.904374,0.423279 0.906596,0.428131 0.907741,0.433972 0.908347,0.440802 0.908078,0.449339 0.907404,0.458325 0.903565,0.470546 0.902488,0.475039 0.900601,0.488536 0.902768,0.460587 0.900785,0.450425 0.895961,0.440262 0.892102,0.435113 0.885563,0.430106 0.877197,0.428956
46 0.883380,0.453517 0.887394,0.454990 0.890606,0.459544 0.892513,0.464767 0.893918,0.471329 0.893918,0.478561 0.893115,0.489542 0.890606,0.501461 0.882677,0.523156 0.877458,0.531351 0.871236,0.538985 0.867623,0.541261 0.862604,0.541395 0.857586,0.536172 0.855077,0.530414 0.853572,0.518629 0.853371,0.505370 0.854977,0.490103 0.859593,0.476577 0.864913,0.466265 0.870333,0.458364 0.875652,0.453543 0.880369,0.452605
46 0.558225,0.566896 0.561637,0.574797 0.563845,0.582565 0.564748,0.590064 0.565150,0.604662 0.563845,0.618724 0.561537,0.627161 0.554009,0.645642 0.547084,0.655954 0.539050,0.666574 0.529114,0.676484 0.516468,0.681707 0.505829,0.680769 0.496295,0.674609 0.489369,0.664699 0.486158,0.651039 0.483545,0.634675 0.483444,0.623023 0.485050,0.608962 0.489868,0.591820 0.498700,0.577356 0.509344,0.564728 0.516671,0.557630 0.528614,0.552943 0.535439,0.552541 0.543267,0.553345 0.549390,0.556023 0.552902,0.559505
70 0.306911,0.509704 0.315417,0.494256 0.322505,0.483380 0.354991,0.476602 0.372711,0.473449 0.416656,0.467774 0.431541,0.466513 0.440165,0.466829 0.444063,0.468563 0.446426,0.471715 0.447725,0.475656 0.447371,0.479597 0.428470,0.518374 0.422681,0.527201 0.419137,0.530669 0.394211,0.534925 0.364914,0.536659 0.343887,0.535871 0.322150,0.532876 0.316480,0.527359 0.311164,0.520423 0.307147,0.514591 0.305713,0.512594
59 0.228099,0.484173 0.238140,0.496152 0.249717,0.508921 0.271453,0.529885 0.270745,0.542200 0.270627,0.553077 0.271690,0.568997 0.268500,0.571835 0.225027,0.523127 0.225500,0.489079 0.225972,0.484192
60 0.306891,0.590150 0.303229,0.607805 0.301103,0.621991 0.297559,0.625617 0.296378,0.629085 0.289053,0.625301 0.279485,0.617578 0.266608,0.604494 0.256094,0.591569 0.246998,0.578958 0.239910,0.566033 0.235775,0.555787 0.233295,0.544437 0.232586,0.535610 0.233295,0.533088 0.268735,0.572338 0.272042,0.569028 0.272160,0.566663 0.277240,0.571550 0.288581,0.581165 0.299213,0.586052
61 0.312340,0.591741 0.326161,0.594421 0.340337,0.596470 0.359002,0.597574 0.390426,0.600569 0.399049,0.604352 0.405310,0.610026 0.410390,0.617277 0.412280,0.621533 0.411335,0.624371 0.406964,0.629257 0.400940,0.633671 0.394324,0.636666 0.380384,0.637769 0.345299,0.638873 0.322854,0.636824 0.307378,0.633513 0.296392,0.629257 0.297573,0.625632 0.301472,0.621691 0.303244,0.608293 0.307260,0.590323
51 0.587051,0.601986 0.585870,0.615699 0.593430,0.613965 0.837569,0.522012 0.841231,0.513027 0.839459,0.509086
63 0.273351,0.453747 0.287527,0.464151 0.301112,0.471087 0.321076,0.482436 0.310681,0.500406 0.304774,0.512228 0.302293,0.513016 0.294969,0.508602 0.276540,0.495677 0.264136,0.484485 0.261419,0.483224 0.257639,0.484170 0.253622,0.482121 0.251850,0.476131 0.251378,0.472820 0.241927,0.460052 0.236848,0.450122 0.236370,0.446165 0.241686,0.424728 0.243576,0.418895 0.250073,0.430875 0.262241,0.444274 0.265667,0.442067 0.268384,0.441279 0.270274,0.442382 0.271455,0.444589 0.271455,0.452943
72 0.939056,0.340278 0.932633,0.369978 0.930908,0.376353 0.929308,0.385900 0.929410,0.389738 0.930014,0.393252 0.932774,0.392653 0.934676,0.390424 0.938067,0.382695 0.939762,0.373834 0.940328,0.359507 0.940328,0.347065
20 0.632778,0.360498 0.635024,0.375908 0.648016,0.378048 0.670792,0.380188 0.690841,0.379332 0.692766,0.377406 0.694370,0.366063 0.694049,0.361141 0.687473,0.356004 0.671273,0.348513 0.660687,0.347229 0.647855,0.348085 0.639675,0.351938 0.633259,0.357288
26 0.768151,0.353864 0.768792,0.359428 0.692605,0.377620 0.693888,0.372698
24 0.867653,0.329057 0.869389,0.333298 0.769303,0.358767 0.768340,0.353631
17 0.511267,0.605773 0.510462,0.607026 0.509792,0.609531 0.509926,0.610963 0.510194,0.612394 0.512072,0.613826 0.515022,0.614005 0.515961,0.613468 0.516766,0.612036 0.517034,0.610605 0.516498,0.609173 0.514620,0.606847
29 0.603084,0.437327 0.593830,0.439474 0.591684,0.441443 0.590746,0.444664 0.590746,0.448422 0.591818,0.450569 0.593562,0.452359 0.604693,0.449138 0.606303,0.445917 0.606437,0.442696 0.605230,0.439474 0.603755,0.437506
17 0.511804,0.623668 0.510194,0.625995 0.510328,0.628500 0.512206,0.630647 0.513145,0.631184 0.515022,0.631184 0.515961,0.630647 0.516632,0.629395 0.516632,0.626711 0.516498,0.625458 0.514620,0.623310
17 0.873750,0.492016 0.872678,0.493627 0.872678,0.495058 0.874555,0.497206 0.875494,0.496490 0.876164,0.495058 0.876299,0.493806 0.875896,0.492553
17 0.522130,0.623668 0.520923,0.625100 0.520521,0.626353 0.520387,0.630469 0.521192,0.631721 0.524142,0.632258 0.526154,0.631542 0.526958,0.630111 0.527361,0.627605 0.526288,0.624921 0.524410,0.623489
17 0.870934,0.482174 0.869995,0.483426 0.869727,0.485932 0.870532,0.488437 0.871471,0.488795 0.872409,0.488795 0.874287,0.487542 0.874689,0.486111 0.874019,0.483247 0.873080,0.482711
17 0.522667,0.595930 0.521728,0.597004 0.521326,0.598436 0.521460,0.599867 0.522801,0.602552 0.524678,0.603089 0.526824,0.602552 0.527763,0.601299 0.527897,0.600046 0.527227,0.597004 0.525349,0.595752 0.523337,0.595573
17 0.528836,0.605236 0.527495,0.607741 0.528031,0.611499 0.529641,0.613647 0.531652,0.613647 0.532725,0.612573 0.533128,0.611320 0.533128,0.608457 0.530445,0.605057
17 0.869325,0.502574 0.868118,0.505617 0.868252,0.506869 0.868922,0.508122 0.870800,0.509017 0.872812,0.508659 0.873616,0.507227 0.873214,0.504364 0.872141,0.503111
17 0.863355,0.501237 0.862550,0.503742 0.862953,0.504995 0.864025,0.505890 0.866037,0.505890 0.866976,0.504995 0.867244,0.503742 0.866708,0.501237 0.864830,0.500521
16 0.760454,0.220895 0.762733,0.220895 0.780839,0.186536
17 0.866039,0.489242 0.865098,0.490321 0.864696,0.493005 0.865367,0.494258 0.866305,0.494616 0.868183,0.493363 0.868585,0.492110 0.868585,0.489426 0.867646,0.488710
Мелкие 0.417542,0.311964 0.410970,0.317691 0.404533,0.320554 0.400241,0.323954 0.399437,0.326102 0.405874,0.331649 0.407752,0.330934 0.409495,0.325923 0.419956,0.315186
22 0.427920,0.333824 0.475664,0.352972 0.487600,0.355299 0.489746,0.352615 0.476871,0.348678 0.455279,0.339730 0.437710,0.334898
30 0.412497,0.316108 0.425908,0.333288 0.423360,0.334182 0.411156,0.318613
31 0.415312,0.321475 0.416519,0.324696 0.423225,0.333107 0.452462,0.347066 0.453669,0.350108 0.440392,0.346529 0.433954,0.343129 0.429126,0.339371 0.424298,0.336507 0.421079,0.335255 0.414776,0.326665
23 0.459168,0.339192 0.464398,0.341160 0.470433,0.345813 0.479150,0.353150 0.487197,0.361561 0.503023,0.366571 0.496183,0.360845 0.473786,0.344918 0.465739,0.340981
39 0.266653,0.446758 0.267592,0.453200 0.266519,0.464832 0.263166,0.474854 0.259680,0.481654 0.255790,0.482907 0.253108,0.480938 0.252035,0.477001 0.252035,0.470559 0.254717,0.454811 0.257802,0.448548 0.261691,0.444432 0.263971,0.444432
