3 0.236028,0.234831 0.209453,0.235487 0.189767,0.239425 0.168359,0.250253 0.150150,0.296190 0.137355,0.333596 0.130465,0.336221 0.122837,0.346721 0.119392,0.372315 0.124559,0.400861 0.126520,0.442565 0.146206,0.520002 0.156294,0.540674 0.162938,0.556752 0.218793,0.604359 0.212149,0.576469 0.212395,0.558422 0.214610,0.545297 0.212641,0.521344 0.207966,0.493454 0.204521,0.446204 0.205277,0.411810 0.214567,0.386576 0.216805,0.379443 0.216805,0.376690 0.211816,0.373479 0.214912,0.337691 0.216977,0.319798 0.226959,0.271141 0.231776,0.253018
9 0.138892,0.281254 0.132573,0.279924 0.114448,0.308084 0.108130,0.311188 0.097488,0.315401 0.091003,0.318949 0.086513,0.326266 0.082522,0.339570 0.086014,0.362186 0.086014,0.376377 0.086845,0.385247 0.086513,0.395003 0.094494,0.416289 0.099293,0.434554 0.102310,0.431006 0.105691,0.429655 0.110894,0.432991 0.116001,0.438230 0.127093,0.459550 0.132913,0.475737 0.140562,0.509676 0.151370,0.549810 0.162178,0.556462 0.145716,0.520319 0.126261,0.443378 0.124261,0.399906 0.118939,0.371967 0.122099,0.346912 0.130415,0.334912 0.128087,0.327373 0.126923,0.316064 0.128087,0.306752 0.132244,0.299213 0.142720,0.282139
5 0.244723,0.236973 0.257434,0.238314 0.273071,0.242826 0.295045,0.254292 0.310133,0.267827 0.320649,0.283435 0.334548,0.306603 0.346162,0.327698 0.374252,0.384539 0.371422,0.466622 0.364379,0.500051 0.363190,0.527853 0.363467,0.562382 0.366759,0.660202 0.366119,0.688613 0.368863,0.736965 0.219740,0.603357 0.212598,0.574906 0.213196,0.559430 0.214866,0.544325 0.213389,0.520700 0.208468,0.491825 0.205515,0.449169 0.205269,0.431123 0.206007,0.412091 0.217084,0.381548 0.217822,0.377282 0.225204,0.379907 0.226434,0.345454 0.235797,0.273558
11 0.392680,0.429021 0.401454,0.423974 0.413497,0.419615 0.423475,0.434297 0.433453,0.442097 0.437582,0.452650 0.443259,0.459761 0.559108,0.546264 0.588182,0.569434 0.618633,0.594898 0.638761,0.613480 0.652047,0.628425 0.638456,0.627966 0.611102,0.620396 0.595619,0.617414 0.585813,0.616267 0.581512,0.619249 0.578071,0.625902 0.577211,0.635766 0.582888,0.654348 0.596307,0.692659 0.610586,0.726840 0.589942,0.718581 0.589081,0.718811 0.560695,0.710093 0.526776,0.707341 0.503207,0.704818 0.476861,0.666274 0.459657,0.650216 0.448991,0.643563 0.437120,0.638057 0.429551,0.635993 0.420246,0.635307 0.405623,0.640813 0.395989,0.649989 0.388936,0.666965 0.384807,0.690594 0.383086,0.703440 0.376353,0.702530 0.372912,0.705971 0.372740,0.714918 0.375493,0.744281 0.369127,0.738317 0.366375,0.688077 0.367235,0.659401 0.363617,0.553624 0.363440,0.527449 0.364644,0.500379 0.371870,0.468263 0.375999,0.469639 0.386493,0.470557 0.395439,0.470557 0.402837,0.467574 0.403525,0.458169 0.400600,0.446928
0 0.084939,0.395081 0.086681,0.427601 0.086245,0.441537 0.090818,0.454894 0.093866,0.466217 0.094302,0.454894 0.096479,0.441247 0.099310,0.434569 0.093866,0.416567 0.087987,0.399727
6 0.658127,0.632077 0.759882,0.660493 0.784921,0.669018 0.809883,0.657644 0.850449,0.639891 0.880283,0.620000 0.880641,0.606319 0.883620,0.599862 0.888835,0.598372 0.894049,0.602346 0.897402,0.602346 0.911183,0.587943 0.922730,0.567580 0.923847,0.550693 0.919750,0.537779 0.907831,0.516422 0.894422,0.499535 0.849726,0.461291 0.827750,0.446391 0.745062,0.398710 0.702206,0.376578 0.707189,0.381977 0.707812,0.386130 0.700120,0.392896 0.675111,0.402532 0.636272,0.414826 0.601360,0.424431 0.568160,0.431491 0.528453,0.439244 0.486657,0.444699 0.447683,0.443453 0.434291,0.440961 0.441142,0.455496 0.447994,0.462971 0.473532,0.480829 0.504987,0.504501 0.526477,0.521943 0.545786,0.535232 0.567275,0.551429 0.625515,0.599603 0.644201,0.616630
7 0.180985,0.591158 0.179655,0.599584 0.169013,0.603797 0.149890,0.610227 0.140578,0.612666 0.132597,0.608897 0.121955,0.594706 0.117964,0.583176 0.111149,0.557228 0.107657,0.539489 0.105495,0.519755 0.104996,0.500021 0.105994,0.482504 0.107988,0.469189 0.110981,0.460984 0.113641,0.456106 0.118131,0.452115 0.122621,0.451450 0.126113,0.458767 0.132431,0.474954 0.142242,0.518857 0.150390,0.547904 0.153217,0.564977 0.170178,0.579611
56 0.094493,0.462561 0.094967,0.452219 0.096867,0.441456 0.100190,0.434913 0.103356,0.431536 0.106521,0.430903 0.111111,0.433225 0.114435,0.437024 0.121874,0.449898 0.117759,0.451164 0.112694,0.455385 0.110636,0.459606 0.106680,0.459184
35 0.211671,0.434776 0.216876,0.439982 0.232490,0.447616 0.234052,0.453515 0.232490,0.458373 0.226765,0.456985 0.217396,0.452474 0.210370,0.446922 0.207768,0.440329 0.208809,0.435123
67 0.169990,0.249807 0.153595,0.270281 0.135638,0.294572 0.130173,0.307065 0.129393,0.314699 0.134077,0.328927 0.148910,0.337602 0.154167,0.285556
58 0.383917,0.701529 0.388349,0.672826 0.389932,0.665861 0.394363,0.654676 0.397529,0.648977 0.404809,0.642224 0.416680,0.636314 0.421428,0.635470 0.429342,0.636314 0.437414,0.638847 0.449442,0.643912 0.454507,0.647711 0.461629,0.652143 0.464478,0.655309 0.458622,0.652565 0.448334,0.652776 0.433457,0.654887 0.422853,0.662696 0.412248,0.674726 0.401961,0.691188 0.392148,0.694564
7 0.402151,0.692140 0.412460,0.674624 0.423601,0.662207 0.433080,0.655333 0.447546,0.652894 0.458188,0.652894 0.465172,0.656220 0.476812,0.666419 0.491112,0.686819 0.501256,0.702340 0.517768,0.734514 0.525916,0.754248 0.538553,0.792386 0.544539,0.814338 0.553186,0.857797 0.556860,0.896276 0.557692,0.915345 0.557026,0.925545 0.544555,0.940179 0.522440,0.952818 0.508971,0.957252 0.494670,0.956144 0.476026,0.947052 0.458234,0.932418 0.446760,0.918227 0.432623,0.897604 0.426304,0.883191 0.412488,0.849476 0.405504,0.826194 0.399684,0.793599 0.397515,0.777169 0.396683,0.753665 0.397348,0.726171 0.400009,0.703332
35 0.126573,0.381682 0.128655,0.384459 0.132559,0.386541 0.136983,0.387582 0.140106,0.389664 0.140366,0.393481 0.138805,0.396951 0.134120,0.397298 0.126573,0.393134 0.123522,0.386983 0.123711,0.383071
66 0.172919,0.247893 0.184303,0.243213 0.191329,0.240090 0.204341,0.236967 0.222818,0.235232 0.234529,0.235926 0.225941,0.264728 0.217613,0.308106 0.214751,0.325804 0.212409,0.351136 0.212148,0.371610 0.188987,0.360853 0.150212,0.338990 0.154636,0.286244 0.170156,0.250223
12 0.392316,0.427820 0.401164,0.422615 0.413135,0.418450 0.383207,0.360498 0.354841,0.309487 0.333502,0.266803 0.328557,0.259516 0.338446,0.256393 0.359265,0.253270 0.433954,0.247023 0.474551,0.245635 0.504735,0.245983 0.531800,0.247371 0.547935,0.249453 0.553976,0.251542 0.563605,0.258829 0.592492,0.286243 0.633609,0.322333 0.679411,0.367099 0.681233,0.361546 0.622939,0.303941 0.585986,0.272710 0.562564,0.255359 0.561003,0.252583 0.545649,0.244254 0.518844,0.232456 0.431116,0.214045 0.310321,0.208476 0.251768,0.213681 0.225484,0.218193 0.183552,0.228607 0.162733,0.242141 0.145558,0.261574 0.132286,0.278577 0.143736,0.280660 0.151803,0.267473 0.162213,0.254633 0.169239,0.247693 0.189798,0.237629 0.210877,0.234159 0.238202,0.233812 0.250954,0.234853 0.276978,0.242488 0.291291,0.250816 0.303002,0.258797 0.314192,0.271637 0.327985,0.293499 0.339956,0.314320 0.352967,0.339306 0.381863,0.399707
14 0.692731,0.388278 0.685445,0.377868 0.672172,0.362946 0.647710,0.337614 0.621166,0.311934 0.597484,0.291807 0.570680,0.265781 0.550641,0.250512 0.534246,0.248430 0.505360,0.246695 0.439471,0.247725 0.386903,0.251195 0.336906,0.257089 0.329619,0.259171 0.346014,0.289015 0.364231,0.324757 0.388433,0.368829 0.407691,0.407348 0.417320,0.423658 0.425908,0.435109 0.432153,0.439273 0.443864,0.441009 0.489666,0.443438 0.525579,0.438232 0.604472,0.422269 0.679160,0.400060 0.694847,0.393082
45 0.401637,0.692265 0.392457,0.695641 0.381853,0.704295 0.377263,0.702606 0.374097,0.704083 0.372515,0.706405 0.372831,0.714003 0.376155,0.742917 0.377896,0.765921 0.381378,0.797790 0.384860,0.805599 0.390558,0.808554 0.397838,0.804544 0.400212,0.801589 0.397364,0.782383 0.396889,0.773730 0.396097,0.747982 0.396889,0.725189
46 0.427443,0.716967 0.422378,0.722243 0.416364,0.735962 0.413198,0.746725 0.411299,0.761288 0.411299,0.780282 0.412407,0.795056 0.414939,0.811307 0.422061,0.839588 0.430608,0.861537 0.439788,0.877999 0.449601,0.892561 0.458956,0.903142 0.467978,0.910529 0.473675,0.914117 0.479057,0.915594 0.487445,0.915805 0.492510,0.913695 0.501215,0.907363 0.508020,0.896389 0.511977,0.883304 0.514668,0.863465 0.513718,0.842149 0.508810,0.808785 0.503745,0.791478 0.498206,0.773961 0.492349,0.759610 0.482376,0.741865 0.472721,0.729413 0.463700,0.720549 0.454362,0.712740 0.446765,0.710841 0.439484,0.710841 0.432362,0.713162
1 0.560392,0.925571 0.582512,0.938064 0.607755,0.948127 0.633779,0.954373 0.667870,0.959926 0.704563,0.961661 0.745999,0.963421 0.781131,0.961339 0.799347,0.953358 0.820427,0.937742 0.849053,0.912409 0.870913,0.890547 0.897197,0.858275 0.917756,0.827737 0.932589,0.796852 0.939356,0.774643 0.942999,0.757292 0.941177,0.744800 0.939095,0.737859 0.956682,0.695834 0.956162,0.662520 0.954080,0.629206 0.947053,0.608732 0.940287,0.599016 0.938205,0.593810 0.938986,0.601098 0.936644,0.605262 0.933261,0.607344 0.930919,0.614976 0.922851,0.629898 0.905415,0.653843 0.903854,0.665294 0.899950,0.670499 0.890061,0.672234 0.831247,0.716306 0.812510,0.723940 0.806785,0.733310 0.794554,0.749620 0.784404,0.755866 0.764626,0.758295 0.690427,0.752739 0.639160,0.739205 0.563133,0.710739 0.514205,0.706576 0.503275,0.704841 0.518108,0.733991 0.529298,0.761405 0.539186,0.792321 0.544391,0.813142 0.552198,0.850967 0.557401,0.889853 0.558962,0.915533
50 0.377439,0.395214 0.384205,0.408400 0.400860,0.449696 0.402682,0.458718 0.402422,0.463923 0.400340,0.467047 0.394875,0.469476 0.385246,0.469823 0.371974,0.467394 0.372739,0.426379 0.375487,0.392350
54 0.236351,0.234885 0.227242,0.267852 0.221257,0.294572 0.216052,0.327539 0.213450,0.354953 0.212929,0.372651 0.223339,0.379244 0.224640,0.352871 0.231406,0.298736 0.243897,0.235579
41 0.375621,0.391399 0.372759,0.425407 0.371197,0.466008 0.352200,0.457332 0.325651,0.450043 0.301970,0.448655 0.275426,0.443796 0.268399,0.436856 0.265797,0.427486 0.264496,0.414300 0.265016,0.402848 0.269440,0.397990 0.274905,0.393826 0.288177,0.388273 0.306654,0.386538 0.320447,0.388273 0.334500,0.392785 0.346471,0.403889 0.347772,0.341079
69 0.246760,0.238008 0.255348,0.239396 0.279290,0.246684 0.295425,0.256053 0.306094,0.265423 0.324571,0.291102 0.346171,0.334826 0.345390,0.401454 0.334200,0.391043 0.320407,0.386879 0.304273,0.385491 0.287357,0.386879 0.270962,0.393819 0.264977,0.400760 0.229584,0.383409 0.230105,0.351136 0.234529,0.306371 0.240514,0.268546
43 0.095917,0.463616 0.093860,0.464671 0.094018,0.469103 0.094967,0.483877 0.098291,0.507515 0.103039,0.530730 0.107471,0.545715 0.108579,0.545715 0.105097,0.517856 0.104464,0.500761 0.104780,0.482822 0.107313,0.470792 0.110636,0.460661 0.106996,0.460239 0.098291,0.462561
46 0.117759,0.480293 0.121399,0.480715 0.124089,0.483881 0.127888,0.491479 0.131528,0.501609 0.134377,0.513006 0.136751,0.526513 0.137701,0.534322 0.139284,0.555005 0.139284,0.568090 0.138334,0.577587 0.136276,0.585607 0.132320,0.588773 0.128679,0.587718 0.125356,0.583497 0.121557,0.576321 0.116967,0.564502 0.111902,0.542131 0.110161,0.527568 0.108895,0.503720 0.109687,0.494222 0.111902,0.485780 0.114435,0.480715
73 0.082095,0.340435 0.080783,0.355655 0.079996,0.364577 0.081176,0.374199 0.083407,0.385395 0.084194,0.393792 0.086030,0.394842 0.086555,0.385045 0.085637,0.376648 0.085506,0.361953
71 0.786292,0.672425 0.814227,0.720744 0.797641,0.744029 0.788038,0.751597 0.772761,0.754508 0.757047,0.754508 0.719510,0.752762 0.688082,0.749269 0.643997,0.738208 0.611697,0.727147 0.577651,0.639243 0.578960,0.627018 0.583762,0.619450 0.588563,0.617703 0.631775,0.627018 0.712526,0.649721 0.758357,0.661364
70 0.926621,0.560310 0.935166,0.603860 0.937607,0.601418 0.935776,0.579847 0.930588,0.559496 0.924790,0.548507
63 0.924790,0.557470 0.924076,0.564776 0.920212,0.574564 0.908311,0.592473 0.897019,0.604683 0.889779,0.600607 0.885728,0.601020 0.882371,0.605090 0.880846,0.620556 0.861315,0.633580 0.828967,0.651081 0.787769,0.669397 0.808215,0.706027 0.814624,0.721493 0.828051,0.715388 0.889085,0.670618 0.893663,0.668583 0.898240,0.668990 0.901597,0.667362 0.903733,0.664106 0.906175,0.651081 0.912278,0.643348 0.929062,0.617300 0.934860,0.603462
60 0.801496,0.853780 0.809430,0.898551 0.811261,0.903435 0.817668,0.904662 0.834453,0.896115 0.864664,0.867625 0.895181,0.829773 0.917458,0.791108 0.931496,0.760582 0.933632,0.749593 0.922646,0.767908 0.903116,0.793957 0.878702,0.822447 0.872599,0.826110 0.867411,0.822447 0.868937,0.811865 0.855204,0.822854 0.824077,0.842797 0.802105,0.851751
59 0.871080,0.754054 0.870165,0.760973 0.869859,0.778066 0.870470,0.805336 0.869243,0.821627 0.874736,0.824883 0.882670,0.817556 0.907084,0.788659 0.924478,0.765867 0.944314,0.728829 0.953164,0.710514 0.952554,0.671034 0.945840,0.666557 0.941263,0.671848 0.933633,0.685687 0.907389,0.718654 0.886943,0.738190
62 0.649826,0.852158 0.635788,0.859892 0.625717,0.868032 0.620224,0.876579 0.622666,0.885126 0.637924,0.901406 0.655929,0.909139 0.675155,0.913616 0.697737,0.916872 0.727949,0.920128 0.757550,0.921756 0.790814,0.920535 0.816448,0.911174 0.815227,0.905883 0.809124,0.901406 0.805767,0.885533 0.800579,0.851751 0.794781,0.853379 0.768841,0.855822 0.723677,0.856229 0.694686,0.855008 0.677901,0.852158 0.660812,0.850530 0.651657,0.850530
47 0.105689,0.359799 0.104923,0.369668 0.102882,0.381579 0.102116,0.387024 0.100166,0.390676 0.096583,0.390646 0.094461,0.385663 0.093142,0.379453 0.092930,0.372050 0.093185,0.362181 0.094206,0.354014 0.096758,0.350270 0.100840,0.348568 0.104413,0.352312
52 0.309085,0.686902 0.375001,0.745104 0.376832,0.763826 0.328921,0.722311 0.153527,0.565192 0.151086,0.550947 0.159020,0.555017 0.170312,0.562750
27 0.216460,0.376479 0.214929,0.382605 0.262901,0.409490 0.261880,0.405066 0.263921,0.400982
21 0.262901,0.406087 0.264432,0.401663 0.270301,0.394516 0.277700,0.390773 0.289183,0.387029 0.303727,0.386348 0.315465,0.387029 0.327968,0.389752 0.335878,0.392814 0.344299,0.401663 0.347361,0.406087 0.347871,0.414935 0.344809,0.429909 0.339451,0.431951 0.328478,0.432632 0.282293,0.429569 0.272852,0.428888 0.267239,0.427527 0.264687,0.419359 0.262901,0.406087
25 0.136083,0.332238 0.136593,0.338023 0.214164,0.382605 0.215185,0.374437
17 0.451140,0.817401 0.449354,0.818422 0.448843,0.819783 0.448588,0.825569 0.449609,0.828632 0.450630,0.829653 0.454967,0.829993 0.457519,0.825909 0.457774,0.819783 0.457519,0.818422 0.452926,0.816380
29 0.375725,0.524530 0.386442,0.529975 0.390015,0.534058 0.390780,0.542566 0.388229,0.547331 0.383891,0.548352 0.375215,0.542907 0.370877,0.537462 0.370622,0.532017 0.372663,0.526572
17 0.445910,0.789666 0.444379,0.794090 0.444379,0.796813 0.445655,0.799876 0.448206,0.801237 0.452799,0.801577 0.453820,0.800216 0.453820,0.798514 0.452544,0.794090 0.447441,0.789666
17 0.467215,0.829312 0.464919,0.831695 0.464153,0.835778 0.464919,0.839862 0.466960,0.843606 0.469002,0.839862 0.469512,0.829653 0.468491,0.828632
17 0.457137,0.782860 0.456372,0.788305 0.457392,0.791027 0.458923,0.793750 0.461985,0.795452 0.463006,0.792389 0.462751,0.787965 0.459944,0.782860 0.458923,0.782520
17 0.470916,0.808724 0.470579,0.814863 0.471171,0.820295 0.472192,0.823017 0.473468,0.823698 0.473978,0.820295 0.474488,0.816551 0.473213,0.813148 0.471171,0.805661
17 0.121419,0.534286 0.119457,0.536427 0.119457,0.537617 0.120170,0.540234 0.121954,0.542613 0.122846,0.542851 0.124630,0.540948 0.124987,0.538569 0.124452,0.536189 0.122668,0.534524
17 0.119992,0.520962 0.119992,0.524769 0.121597,0.527386 0.122489,0.527624 0.123381,0.527386 0.123738,0.525007 0.123203,0.522627 0.122311,0.521675
33 0.682278,0.858382 0.671433,0.861094 0.663299,0.866519 0.659458,0.871641 0.656295,0.880079 0.656746,0.887914 0.660136,0.896653 0.665558,0.902378 0.675726,0.905693 0.686119,0.903282 0.698546,0.896653 0.705324,0.887914 0.708940,0.880079 0.710069,0.871943 0.707132,0.864108 0.699224,0.858985 0.688379,0.858382
19 0.462947,0.797702 0.460093,0.796751 0.457595,0.797940 0.456168,0.800795 0.455811,0.805792 0.456703,0.811502 0.459201,0.818164 0.462412,0.823399 0.465802,0.823637 0.468121,0.820782 0.469548,0.814596 0.467407,0.805078 0.465445,0.800558
Мелкие 0.680697,0.369249 0.696513,0.393055 0.701258,0.390042 0.705777,0.386124 0.705099,0.381905 0.701936,0.378892 0.690413,0.373769
28 0.465061,0.880023 0.457153,0.883337 0.457153,0.887255 0.458509,0.889063 0.462124,0.888159 0.465965,0.888159 0.467321,0.884543
16 0.251937,0.135382 0.277242,0.213430 0.278824,0.213128
18 0.826923,0.816190 0.824212,0.812272 0.821952,0.811670 0.818563,0.812272 0.814270,0.815587 0.811107,0.819806 0.808847,0.825532 0.808847,0.832764 0.811107,0.837284 0.814270,0.839695 0.819015,0.839092 0.823082,0.836380 0.826019,0.831558 0.827827,0.825833 0.828053,0.819806
39 0.886473,0.609149 0.883084,0.615477 0.882406,0.625723 0.885796,0.651638 0.889863,0.662185 0.894607,0.669417 0.899804,0.670623 0.903645,0.666103 0.905905,0.659172 0.906582,0.650131 0.905905,0.638078 0.902967,0.622709 0.899804,0.613970 0.896189,0.609149 0.890540,0.606738
22 0.555848,0.414744 0.563530,0.410525 0.578894,0.406608 0.595614,0.400882 0.614368,0.395458 0.636058,0.389732 0.656393,0.388226 0.672209,0.389732 0.673339,0.394252 0.670854,0.395458 0.660912,0.396965 0.640351,0.397869 0.622276,0.401485 0.605786,0.406001 0.587936,0.409918 0.558112,0.419260
23 0.622257,0.399674 0.631069,0.391236 0.643722,0.391839 0.655471,0.392140 0.663605,0.394852 0.679647,0.397866 0.684392,0.398167 0.690718,0.393647 0.684392,0.392140 0.672417,0.391537 0.659312,0.390633 0.641689,0.388223 0.630843,0.388223 0.621354,0.391236 0.615027,0.395455 0.613897,0.400879 0.618190,0.400879
30 0.430161,0.432830 0.444169,0.429816 0.469927,0.425597 0.497266,0.423187 0.555108,0.418968 0.557819,0.422283 0.557593,0.425597 0.527994,0.426501 0.509467,0.428611 0.478738,0.431323 0.453433,0.434336 0.432646,0.437048
31 0.493448,0.417761 0.486443,0.420473 0.487121,0.425897 0.494351,0.425294 0.504745,0.421979 0.511749,0.418363 0.521465,0.420171 0.563716,0.421678 0.613424,0.418966 0.627884,0.416857 0.636244,0.414145 0.640082,0.411730 0.638501,0.408114 0.602124,0.412935 0.573881,0.417757 0.547671,0.418360 0.517621,0.417154 0.507679,0.415045 0.497738,0.415949
