10 0.701504,0.326481 0.708084,0.325029 0.716783,0.347056 0.723225,0.365507 0.770877,0.465237 0.782467,0.490372 0.790120,0.500170 0.795598,0.515433 0.803995,0.538137 0.807568,0.559367 0.812467,0.581007 0.806835,0.596480 0.803590,0.578557 0.798692,0.540590 0.793488,0.519361 0.789815,0.516503 0.781130,0.540716 0.779335,0.535302 0.774510,0.507521 0.770224,0.491599 0.761652,0.465060 0.751245,0.434033 0.727368,0.381776 0.715807,0.359075 0.709614,0.347483 0.707421,0.344039 0.705635,0.336869
11 0.149869,0.578892 0.154581,0.595653 0.159817,0.562830 0.165577,0.535594 0.170409,0.516915 0.173027,0.510770 0.174374,0.523060 0.177944,0.532615 0.193853,0.473440 0.220034,0.411985 0.252498,0.349831 0.260353,0.339355 0.267500,0.320000 0.260257,0.319187 0.256592,0.332456 0.252961,0.342764 0.243597,0.362401 0.225477,0.393488 0.201184,0.438522 0.180239,0.483915 0.167672,0.513945 0.157199,0.546069
6 0.260885,0.339814 0.265479,0.345940 0.281962,0.349184 0.401399,0.355311 0.555488,0.357823 0.634663,0.357462 0.694922,0.355660 0.704650,0.350615 0.707352,0.344488 0.724821,0.376637 0.750837,0.433970 0.765763,0.478365 0.771119,0.496531 0.774740,0.509652 0.779155,0.535589 0.781123,0.540732 0.770418,0.556374 0.757353,0.573380 0.706474,0.631654 0.600264,0.641635 0.514525,0.644325 0.505654,0.642302 0.499854,0.634903 0.494307,0.630531 0.487498,0.627504 0.478924,0.626495 0.469846,0.627840 0.462785,0.631539 0.453454,0.638939 0.451437,0.643647 0.371971,0.640956 0.306620,0.634899 0.250638,0.626491 0.233705,0.607990 0.184783,0.547787 0.178473,0.532902 0.189304,0.488793 0.194073,0.475794 0.203002,0.453276 0.217018,0.420237 0.231488,0.391464 0.245643,0.364248 0.255224,0.346602
1 0.147652,0.789950 0.148400,0.818909 0.155139,0.841378 0.179098,0.890309 0.219156,0.940238 0.241618,0.955217 0.284670,0.965203 0.404501,0.979552 0.502585,0.980550 0.583823,0.975557 0.687629,0.963574 0.724317,0.952090 0.743410,0.932618 0.771113,0.893173 0.797319,0.848736 0.807427,0.816282 0.807427,0.793813 0.813416,0.743384 0.817535,0.684967 0.814518,0.604068 0.813021,0.581599 0.807031,0.598076 0.808154,0.615052 0.806657,0.635523 0.793928,0.661487 0.760984,0.700931 0.737024,0.717907 0.713065,0.714412 0.688357,0.704925 0.662151,0.710418 0.547518,0.719907 0.502969,0.720905 0.494733,0.725898 0.477137,0.728395 0.450932,0.722902 0.365527,0.721402 0.269315,0.707921 0.245730,0.716409 0.222577,0.718501 0.186540,0.690447 0.164655,0.660584 0.153957,0.630167 0.152473,0.609561 0.154345,0.597578 0.149858,0.579983 0.139370,0.674469 0.143488,0.765840
14 0.701057,0.328202 0.704260,0.338966 0.703235,0.345459 0.700161,0.349901 0.694652,0.354343 0.648790,0.356052 0.577277,0.357248 0.428848,0.354858 0.359383,0.352467 0.283386,0.348537 0.266091,0.344949 0.264810,0.338115 0.268781,0.323934 0.299157,0.250119 0.323123,0.202099 0.334524,0.180913 0.345029,0.179375 0.398479,0.175272 0.459725,0.173221 0.481631,0.173563 0.535343,0.175613 0.572751,0.178346 0.636443,0.184838 0.638773,0.186891 0.643897,0.195092 0.666060,0.240711 0.694259,0.310089
12 0.353889,0.178334 0.414484,0.174234 0.461153,0.172696 0.507913,0.173721 0.575207,0.177994 0.638364,0.184999 0.641823,0.189441 0.670174,0.248052 0.701194,0.326316 0.708368,0.324095 0.698403,0.294271 0.687999,0.261390 0.678255,0.237805 0.666213,0.213714 0.654546,0.195767 0.629693,0.168430 0.620982,0.159716 0.617651,0.158691 0.587400,0.153217 0.562932,0.150313 0.534331,0.148091 0.501407,0.147237 0.453334,0.146895 0.405144,0.149286 0.384647,0.152020 0.365943,0.155779 0.347880,0.163468 0.336578,0.170985 0.323973,0.188925 0.296719,0.239412 0.283127,0.268589 0.273935,0.291283 0.260463,0.318632 0.268021,0.319145 0.281857,0.285827 0.305435,0.231999 0.326444,0.193897 0.334668,0.180044
41 0.260760,0.289393 0.264540,0.295442 0.263595,0.310314 0.260004,0.325185 0.255468,0.335772 0.251121,0.341317 0.236569,0.337284 0.224096,0.330478 0.218615,0.320396 0.215591,0.298719 0.215969,0.294938 0.220883,0.290905 0.237136,0.286116 0.244696,0.284351 0.255279,0.285360
40 0.709218,0.328213 0.711864,0.327709 0.710919,0.310065 0.711675,0.297462 0.716022,0.292420 0.720936,0.290908 0.729251,0.290908 0.743614,0.292420 0.751741,0.294689 0.762514,0.300486 0.763459,0.306284 0.761569,0.320903 0.758545,0.331490 0.752308,0.338799 0.733031,0.344849 0.715644,0.347874
63 0.703907,0.633746 0.684441,0.708356 0.627744,0.715414 0.500267,0.719956 0.487226,0.726005 0.473052,0.726510 0.458689,0.720208 0.429773,0.717183 0.381958,0.717183 0.273973,0.707103 0.253940,0.631737 0.253751,0.628460 0.272461,0.631737 0.386267,0.642321 0.452225,0.642825 0.457565,0.636777 0.463046,0.631987 0.469472,0.628963 0.476086,0.627450 0.483268,0.627954 0.488371,0.629215 0.500466,0.635768 0.507270,0.643330 0.617326,0.641312
71 0.153576,0.636268 0.166805,0.663490 0.177956,0.680882 0.203470,0.703568 0.226149,0.715919 0.272073,0.702560 0.251473,0.627950 0.191167,0.558117 0.176993,0.533920 0.173402,0.517788 0.173591,0.510982 0.170000,0.516023 0.166598,0.527618 0.163952,0.544254 0.158094,0.567192 0.152424,0.613318 0.152046,0.628694
70 0.704140,0.635004 0.687320,0.702808 0.706030,0.712639 0.721149,0.716167 0.735134,0.716419 0.749876,0.708858 0.769342,0.691718 0.790887,0.666512 0.804305,0.639793 0.807329,0.627442 0.807329,0.611563 0.805250,0.580812 0.797685,0.533666 0.792771,0.521315 0.789369,0.516274 0.787290,0.517534 0.786534,0.522827 0.779920,0.543748 0.762910,0.565929 0.740609,0.592900
59 0.599553,0.783735 0.612404,0.782979 0.622609,0.784239 0.625444,0.791045 0.626011,0.805412 0.622421,0.868175 0.619586,0.874728 0.609569,0.876997 0.493112,0.879776 0.339025,0.879777 0.334868,0.876500 0.333545,0.871207 0.331277,0.792565 0.333356,0.785003 0.336191,0.782230 0.343939,0.781978
61 0.802224,0.754751 0.804870,0.767354 0.806004,0.781973 0.800334,0.803902 0.758945,0.865909 0.728517,0.899937 0.695066,0.922370 0.675600,0.931948 0.675600,0.925143 0.687317,0.915565 0.695822,0.904474 0.716422,0.854566 0.718879,0.845996 0.717745,0.839443 0.736458,0.830368 0.758003,0.813984 0.779170,0.791047 0.797502,0.763824
60 0.236381,0.842222 0.246965,0.872974 0.258115,0.898180 0.266620,0.912547 0.279660,0.923133 0.280983,0.926158 0.281361,0.931199 0.287787,0.933216 0.325018,0.941282 0.409002,0.950608 0.483653,0.951112 0.565108,0.948843 0.657044,0.935736 0.674620,0.931955 0.674242,0.924898 0.684070,0.917588 0.693708,0.907506 0.708261,0.875242 0.718466,0.848272 0.717521,0.841970 0.664415,0.855834 0.623215,0.859864 0.622648,0.868182 0.619813,0.874736 0.610917,0.876754 0.338483,0.880030 0.334682,0.876751 0.333170,0.871962 0.332225,0.860619
62 0.154688,0.753745 0.160358,0.765088 0.169051,0.777439 0.186250,0.799116 0.208929,0.820541 0.228206,0.834908 0.235765,0.839697 0.249940,0.882295 0.257138,0.898936 0.266398,0.913051 0.280006,0.924142 0.280573,0.930443 0.274147,0.928679 0.253169,0.919100 0.235215,0.905993 0.209323,0.879779 0.183620,0.848524 0.154045,0.803899 0.149698,0.786759 0.148942,0.775920 0.153289,0.755755
21 0.254060,0.285113 0.260864,0.287633 0.263698,0.293179 0.262375,0.311831 0.259352,0.323426 0.257462,0.326450 0.244610,0.325442 0.228357,0.321913 0.218719,0.318385 0.217018,0.315360 0.216262,0.306538 0.216073,0.297212 0.217018,0.293431 0.230058,0.287129 0.246500,0.284357
20 0.712778,0.294690 0.710321,0.303008 0.711644,0.324685 0.713345,0.328970 0.720905,0.329222 0.740749,0.327710 0.760782,0.325189 0.763050,0.315107 0.764184,0.307041 0.763050,0.300991 0.756246,0.294942 0.744907,0.291917 0.733189,0.290909 0.720338,0.290909 0.714101,0.293177
32 0.784405,0.786508 0.772688,0.799867 0.769853,0.805664 0.768341,0.811462 0.768152,0.818267 0.769853,0.824569 0.775712,0.826837 0.786484,0.822804 0.799903,0.807429 0.804250,0.798607 0.804627,0.788522 0.803871,0.778944 0.802737,0.775667 0.800280,0.773398 0.794044,0.775919 0.787618,0.781968
33 0.158212,0.772648 0.154617,0.772896 0.151027,0.777433 0.149704,0.784995 0.150271,0.790288 0.151972,0.797345 0.157641,0.808436 0.170115,0.822803 0.176729,0.824568 0.184478,0.825072 0.188825,0.820535 0.189770,0.814233 0.189770,0.812721 0.185612,0.802891 0.170682,0.783482 0.165272,0.775785 0.161232,0.771887
18 0.241214,0.801663 0.246128,0.805444 0.249719,0.814266 0.250853,0.823844 0.247640,0.829389 0.243671,0.831658 0.237057,0.830650 0.232521,0.827121 0.228363,0.816282 0.227040,0.809477 0.228741,0.802419 0.231009,0.799898 0.238946,0.799646
16 0.489437,0.145221 0.491327,0.145473 0.492083,0.083214
22 0.400302,0.340279 0.400491,0.346581 0.412586,0.345572 0.457377,0.346077 0.550550,0.349857 0.575119,0.352126 0.608381,0.351370 0.602901,0.348597 0.580222,0.346833 0.532407,0.341540 0.516343,0.340531 0.512752,0.336246 0.501790,0.333474 0.493475,0.334986 0.487049,0.337759 0.453976,0.339775
39 0.456331,0.648139 0.448961,0.660238 0.446315,0.677882 0.445748,0.693762 0.449906,0.707373 0.456709,0.716952 0.463513,0.723253 0.472206,0.727538 0.487137,0.727790 0.499988,0.718716 0.508871,0.704349 0.513048,0.686957 0.513426,0.671078 0.508890,0.656458 0.494198,0.638562 0.480590,0.634025 0.468495,0.636797 0.459045,0.644611
30 0.269649,0.332214 0.268705,0.337255 0.306314,0.338768 0.328426,0.341288 0.362066,0.346077 0.386446,0.350614 0.393061,0.352883 0.394384,0.349858 0.387769,0.346329 0.352428,0.338768 0.341277,0.335239 0.330316,0.330198 0.323512,0.328685 0.319165,0.329945 0.316330,0.332718 0.303668,0.332970 0.282312,0.332214
31 0.327514,0.333226 0.336585,0.333982 0.361721,0.342300 0.412938,0.352130 0.438263,0.354651 0.454516,0.357171 0.474171,0.357423 0.509701,0.356163 0.487400,0.353391 0.413127,0.348853 0.393472,0.345829 0.361914,0.339774 0.334132,0.329439 0.326384,0.328683
23 0.600286,0.356665 0.628067,0.355656 0.601609,0.349355 0.583654,0.346078 0.564188,0.342045 0.536785,0.337256 0.517696,0.332719 0.508436,0.332719 0.497852,0.334231 0.497852,0.338012 0.509003,0.336752 0.523555,0.338012 0.543210,0.342045 0.573449,0.349607
