9 0.749237,0.397837 0.758507,0.397837 0.784717,0.451941 0.809649,0.478354 0.833622,0.501360 0.839375,0.508176 0.842572,0.520956 0.835859,0.516696 0.821476,0.512010 0.782799,0.511158 0.789831,0.474094 0.786315,0.465148 0.775128,0.450237 0.768468,0.437911 0.766667,0.437778 0.763962,0.430146 0.762343,0.427232 0.754671,0.410617
8 0.265833,0.530000 0.270000,0.518889 0.280000,0.498889 0.292500,0.486667 0.317087,0.470692 0.333333,0.460000 0.344576,0.443001 0.359533,0.420333 0.366631,0.419085 0.361667,0.426667 0.348333,0.450000 0.345000,0.450000 0.337500,0.457778 0.330833,0.463333 0.321667,0.468889 0.300466,0.483046 0.301425,0.494975 0.303774,0.520035 0.296742,0.519795 0.280968,0.521240 0.271060,0.523518 0.268333,0.525556 0.266667,0.531111
0 0.251321,0.717735 0.260618,0.687345 0.261828,0.673749 0.261445,0.654483 0.262910,0.647694 0.262719,0.641668 0.266349,0.644384 0.279657,0.646163 0.313787,0.647609 0.315808,0.647949 0.315621,0.648765 0.324171,0.666777 0.335203,0.687362 0.347062,0.699493 0.353130,0.703169 0.365541,0.705375 0.467588,0.711625 0.657892,0.714565 0.720775,0.711624 0.734013,0.706845 0.743115,0.699861 0.749183,0.692509 0.757457,0.680011 0.771523,0.653911 0.771074,0.652135 0.836233,0.648729 0.846897,0.646755 0.850304,0.643991 0.852822,0.635700 0.852973,0.661301 0.852125,0.685584 0.855091,0.700268 0.861447,0.717210 0.863778,0.726810 0.860600,0.775378 0.860388,0.823688 0.856574,0.841760 0.850642,0.857290 0.842592,0.870279 0.832422,0.879597 0.803610,0.888916 0.758694,0.892869 0.659544,0.896540 0.550649,0.892304 0.497048,0.888916 0.367849,0.873709 0.359444,0.871842 0.349192,0.863524 0.335502,0.857159 0.329834,0.856735 0.327988,0.868532 0.321429,0.871757 0.281122,0.855027 0.268577,0.842552 0.260363,0.822503 0.256797,0.810282 0.253486,0.778350 0.251894,0.756114 0.251321,0.717735
15 0.347772,0.450000 0.348333,0.450000 0.361667,0.426667 0.366631,0.419085 0.365671,0.419254 0.379537,0.400592 0.393292,0.383073 0.401240,0.371054 0.406589,0.364739 0.438991,0.355368 0.501230,0.347154 0.539255,0.344173 0.580063,0.341699 0.617080,0.340841 0.670133,0.342212 0.686013,0.343504 0.702794,0.346224 0.721135,0.350094 0.725873,0.355798 0.735655,0.372706 0.748035,0.396132 0.749527,0.397837 0.749237,0.397837 0.754671,0.410617 0.762343,0.427232 0.763518,0.429347 0.766281,0.437434 0.766693,0.438232 0.737305,0.436192 0.682828,0.434269 0.619332,0.434269 0.392021,0.444894 0.348780,0.450151 0.347772,0.450000
13 0.300483,0.483258 0.320460,0.469751 0.331326,0.463222 0.332365,0.462057 0.337500,0.457778 0.345000,0.450000 0.347772,0.450000 0.348780,0.450151 0.392021,0.444894 0.619332,0.434269 0.682828,0.434269 0.737305,0.436192 0.768527,0.438359 0.775128,0.450237 0.786315,0.465148 0.789831,0.474094 0.782847,0.510908 0.782256,0.511462 0.781160,0.520148 0.774155,0.550603 0.762622,0.611689 0.762232,0.616370 0.768282,0.641080 0.771523,0.653911 0.757457,0.680011 0.749183,0.692509 0.743115,0.699861 0.734013,0.706845 0.720775,0.711624 0.657892,0.714565 0.467588,0.711625 0.365541,0.705375 0.353130,0.703169 0.347062,0.699493 0.335203,0.687362 0.324171,0.666777 0.315621,0.648765 0.322792,0.617519 0.322792,0.612373 0.310656,0.553925 0.304229,0.517931 0.300518,0.483684 0.300483,0.483258
12 0.359783,0.420290 0.365000,0.413333 0.376166,0.396578 0.389180,0.379725 0.398802,0.369026 0.405834,0.362613 0.416628,0.355379 0.445001,0.346982 0.466960,0.342039 0.507114,0.336693 0.518329,0.334499 0.565767,0.331294 0.641625,0.330420 0.695184,0.335956 0.715297,0.340909 0.723385,0.344406 0.738907,0.366550 0.753843,0.390021 0.758210,0.397837 0.749527,0.397837 0.748035,0.396132 0.735655,0.372706 0.725873,0.355798 0.721135,0.350094 0.702794,0.346224 0.686013,0.343504 0.670133,0.342212 0.617080,0.340841 0.580063,0.341699 0.539255,0.344173 0.501230,0.347154 0.438991,0.355368 0.406589,0.364739 0.401240,0.371054 0.393292,0.383073 0.379537,0.400592 0.365671,0.419254 0.359783,0.420290
16 0.556600,0.324619 0.553260,0.326515 0.551219,0.329896 0.551033,0.334760 0.553074,0.335420 0.568848,0.334678 0.569219,0.332122 0.568477,0.328494 0.567302,0.326103 0.563157,0.324867 0.561301,0.303513 0.560250,0.274893 0.560250,0.262032 0.560002,0.258074 0.559755,0.256920 0.558889,0.256837 0.558023,0.257827 0.557714,0.259146 0.557343,0.318851
7 0.787067,0.892270 0.809983,0.887907 0.821689,0.883543 0.830717,0.880767 0.827443,0.890154 0.823773,0.895311 0.818614,0.898352 0.805321,0.899939 0.793813,0.900203 0.789249,0.899542 0.787860,0.896369 0.787067,0.892270
73 0.762232,0.616370 0.762622,0.611689 0.774155,0.550603 0.781160,0.520148 0.782256,0.511462 0.782799,0.511158 0.821476,0.512010 0.835859,0.516696 0.840469,0.519622 0.842420,0.524122 0.849442,0.554565 0.854535,0.609914 0.853377,0.630072 0.850915,0.641978 0.850518,0.643286 0.847127,0.646547 0.847114,0.646579 0.846897,0.646755 0.836233,0.648729 0.771074,0.652135 0.768282,0.641080 0.762232,0.616370
72 0.256188,0.609852 0.256808,0.595624 0.257772,0.583856 0.263695,0.543100 0.266312,0.531351 0.266667,0.531111 0.268333,0.525556 0.271060,0.523518 0.280968,0.521240 0.296742,0.519795 0.303774,0.520035 0.304743,0.520601 0.310656,0.553925 0.322792,0.612373 0.322792,0.617519 0.316228,0.646828 0.313787,0.647609 0.279657,0.646163 0.266349,0.644384 0.262719,0.641668 0.261835,0.640877 0.257290,0.617929 0.256188,0.609852
59 0.422110,0.563689 0.421263,0.619355 0.422187,0.622950 0.423035,0.623977 0.425732,0.626134 0.427582,0.626853 0.429277,0.627264 0.508184,0.627069 0.641187,0.629027 0.644038,0.628308 0.645810,0.626768 0.646658,0.625741 0.647891,0.621016 0.648199,0.583001 0.647968,0.554757 0.647660,0.552497 0.647043,0.551265 0.646195,0.550135 0.645348,0.549724 0.641803,0.549313 0.428352,0.551036 0.424576,0.551036 0.423112,0.550933 0.422265,0.552063 0.422110,0.555350
37 0.261551,0.816471 0.270214,0.823486 0.280850,0.828163 0.294227,0.832547 0.310017,0.835324 0.314184,0.835617 0.309578,0.829917 0.305960,0.826994 0.296859,0.825240 0.277999,0.819979 0.266814,0.814572 0.258371,0.807264 0.259468,0.811941
39 0.512414,0.526556 0.517737,0.531948 0.524124,0.534785 0.530937,0.535636 0.540304,0.532799 0.546265,0.525421 0.549885,0.516057 0.550949,0.503856 0.548820,0.491370 0.542007,0.482290 0.537324,0.478885 0.531363,0.477466 0.522208,0.477750 0.516460,0.482006 0.511137,0.488533 0.507518,0.497045 0.506240,0.508680 0.507944,0.518611 0.509860,0.523151
36 0.777332,0.857582 0.807924,0.855097 0.828648,0.850128 0.844548,0.845013 0.852223,0.841798 0.855952,0.832006 0.840381,0.839313 0.826784,0.842821 0.808911,0.846475 0.792134,0.848082 0.784459,0.849397 0.780840,0.852028 0.777880,0.855682
38 0.324896,0.635195 0.324206,0.647268 0.342015,0.649007 0.369035,0.650747 0.371799,0.650031 0.373334,0.647677 0.373948,0.645427 0.373795,0.641948 0.373027,0.640720 0.369189,0.638367 0.345316,0.635605 0.328197,0.634070 0.324896,0.634377
48 0.275657,0.818738 0.292021,0.824361 0.307619,0.827769 0.311582,0.832029 0.315289,0.837311 0.365149,0.845162 0.394426,0.849081 0.446715,0.853512 0.536975,0.859826 0.602432,0.862041 0.673898,0.863753 0.733857,0.861708 0.774640,0.859151 0.782567,0.850461 0.785635,0.849098 0.809670,0.847053 0.827313,0.843645 0.843422,0.838193 0.851476,0.834103 0.855567,0.831377 0.854544,0.835637 0.850325,0.844497 0.846490,0.850461 0.842143,0.853869 0.832683,0.858640 0.814912,0.862730 0.781033,0.867501 0.753674,0.869886 0.679822,0.871875 0.574268,0.869927 0.485332,0.864565 0.400962,0.857507 0.334488,0.848985 0.303808,0.842657 0.276233,0.834138 0.268904,0.830181 0.264180,0.826096 0.261116,0.817758 0.258562,0.806527 0.262648,0.811121 0.267244,0.815035 0.273373,0.818098
