12 0.326590,0.434138 0.338538,0.416914 0.359020,0.390265 0.373650,0.374341 0.385597,0.362967 0.392912,0.360692 0.425098,0.353867 0.459721,0.349642 0.513379,0.347557 0.567418,0.349822 0.587875,0.352548 0.612593,0.358910 0.619583,0.366862 0.627598,0.382316 0.633053,0.394358 0.639190,0.409581 0.648395,0.436177 0.649486,0.441021 0.646643,0.438429 0.642422,0.437866 0.642463,0.438297 0.639190,0.433678 0.625382,0.390054 0.616176,0.369378 0.612596,0.364152 0.586514,0.358472 0.544407,0.355064 0.511677,0.353700 0.460365,0.355734 0.417747,0.359142 0.388596,0.365050 0.386209,0.366413 0.354501,0.404130 0.328931,0.440483 0.326715,0.437075 0.326590,0.434138
1 0.204430,0.731574 0.207356,0.724749 0.209063,0.716950 0.208332,0.701675 0.208819,0.674377 0.210039,0.651599 0.208819,0.631775 0.210526,0.627551 0.214671,0.622026 0.216134,0.607402 0.218816,0.596027 0.225400,0.578153 0.227596,0.582394 0.231009,0.586944 0.244176,0.595393 0.255392,0.599293 0.270510,0.603202 0.294893,0.614576 0.304890,0.618151 0.310498,0.619126 0.319519,0.618801 0.390961,0.623676 0.477277,0.626280 0.547500,0.625629 0.596997,0.611330 0.627720,0.607105 0.656248,0.598655 0.670878,0.593131 0.678436,0.587931 0.679218,0.585469 0.694556,0.580496 0.698432,0.582742 0.699406,0.590531 0.699162,0.607430 0.699597,0.610675 0.699027,0.618552 0.698823,0.642480 0.694334,0.744175 0.692294,0.750973 0.687602,0.761305 0.680054,0.772182 0.671485,0.780339 0.655980,0.786593 0.639455,0.791488 0.628639,0.793846 0.625038,0.791759 0.618942,0.790784 0.613090,0.791759 0.569201,0.793709 0.517265,0.795009 0.339270,0.786209 0.272948,0.779385 0.241738,0.771910 0.232960,0.767360 0.216380,0.754361 0.206625,0.741361 0.204430,0.731574
10 0.642422,0.437866 0.646643,0.438429 0.650653,0.442086 0.663951,0.488504 0.670705,0.497506 0.674505,0.504821 0.675771,0.510447 0.689491,0.532671 0.693923,0.543362 0.699411,0.583309 0.694556,0.580496 0.678937,0.585560 0.674927,0.534641 0.672816,0.525357 0.666484,0.518324 0.650864,0.520575 0.652131,0.482596 0.648543,0.459809 0.645377,0.450244 0.643266,0.446587
6 0.319031,0.446505 0.311960,0.453654 0.273191,0.478353 0.258805,0.493952 0.251246,0.505001 0.246857,0.512801 0.261243,0.525150 0.286601,0.544974 0.306108,0.547249 0.358043,0.550174 0.416806,0.552124 0.573832,0.551484 0.583829,0.547910 0.604798,0.537510 0.650152,0.519391 0.651022,0.503498 0.651791,0.482268 0.648104,0.460943 0.645548,0.450786 0.642781,0.447571 0.638447,0.446840 0.526041,0.442616 0.462646,0.441966 0.381451,0.443579 0.322200,0.446179
7 0.699639,0.610093 0.706575,0.631303 0.710043,0.645714 0.712491,0.663932 0.713512,0.690307 0.712287,0.713148 0.705147,0.761005 0.696170,0.786865 0.689030,0.799917 0.682502,0.804267 0.670465,0.807802 0.660060,0.809978 0.644351,0.806987 0.632519,0.800461 0.628234,0.793935 0.639455,0.791488 0.655980,0.786593 0.671485,0.780339 0.680054,0.772182 0.687602,0.761305 0.692294,0.750973 0.694334,0.744175 0.698823,0.642480 0.699027,0.618552
14 0.329458,0.439734 0.354501,0.404130 0.386209,0.366413 0.388596,0.365050 0.417747,0.359142 0.460365,0.355734 0.511677,0.353700 0.544407,0.355064 0.586514,0.358472 0.612596,0.364152 0.616176,0.369378 0.625382,0.390054 0.638338,0.430986 0.641021,0.443988 0.641149,0.446724 0.638447,0.446840 0.526041,0.442616 0.462646,0.441966 0.381451,0.443579 0.332324,0.445734 0.330400,0.443782 0.329458,0.439734
41 0.296278,0.443051 0.297774,0.441058 0.302581,0.437926 0.307815,0.435648 0.318497,0.432515 0.320954,0.432231 0.324586,0.432800 0.326188,0.433939 0.326604,0.434464 0.326108,0.436708 0.319031,0.446505 0.311960,0.453654 0.301023,0.460622 0.297774,0.456292 0.296278,0.443051
40 0.654884,0.457228 0.659975,0.456611 0.659975,0.452909 0.658800,0.447072 0.659441,0.440950 0.660509,0.436536 0.663286,0.433404 0.668200,0.431980 0.677814,0.432692 0.685826,0.434401 0.698965,0.440523 0.700674,0.442943 0.700887,0.448353 0.699606,0.456611 0.697362,0.462591 0.694478,0.466008 0.678028,0.469994 0.659654,0.472415 0.656730,0.463669 0.654884,0.457228
71 0.226707,0.580678 0.226844,0.572935 0.227592,0.563538 0.229942,0.551721 0.232292,0.542752 0.237953,0.526806 0.246499,0.513138 0.246972,0.512899 0.261243,0.525150 0.286601,0.544974 0.287782,0.545112 0.288160,0.557701 0.289762,0.570657 0.293394,0.589593 0.266192,0.602085 0.255392,0.599293 0.244176,0.595393 0.231009,0.586944 0.227596,0.582394 0.226707,0.580678
63 0.266192,0.602085 0.293394,0.589593 0.289762,0.570657 0.288160,0.557701 0.287782,0.545112 0.306108,0.547249 0.358043,0.550174 0.416806,0.552124 0.573832,0.551484 0.583559,0.548006 0.582180,0.550982 0.575771,0.564608 0.568294,0.584335 0.565548,0.594300 0.578060,0.602028 0.593166,0.608943 0.597466,0.611265 0.596997,0.611330 0.547500,0.625629 0.477277,0.626280 0.390961,0.623676 0.319519,0.618801 0.310498,0.619126 0.304890,0.618151 0.294893,0.614576 0.270510,0.603202 0.266192,0.602085
59 0.322192,0.707916 0.321634,0.700803 0.324020,0.640675 0.324751,0.636289 0.326945,0.634340 0.334250,0.635067 0.470070,0.640923 0.511381,0.642385 0.515219,0.645065 0.515950,0.648232 0.515950,0.664068 0.515585,0.693303 0.515585,0.713281 0.514146,0.716741 0.510467,0.717666 0.324934,0.709865 0.322192,0.707916
70 0.565548,0.594300 0.568294,0.584335 0.575771,0.564608 0.582180,0.550982 0.583559,0.548006 0.583829,0.547910 0.604798,0.537510 0.648932,0.520611 0.650913,0.519126 0.650864,0.520575 0.666484,0.518324 0.672816,0.525357 0.674927,0.534641 0.678937,0.585560 0.679218,0.585469 0.678436,0.587931 0.670878,0.593131 0.656248,0.598655 0.627720,0.607105 0.597466,0.611265 0.593166,0.608943 0.578060,0.602028 0.565548,0.594300
61 0.575970,0.772562 0.580112,0.768366 0.583037,0.748875 0.589069,0.692354 0.588429,0.692372 0.595282,0.691610 0.611733,0.690149 0.626722,0.686981 0.669130,0.675044 0.679732,0.670658 0.683022,0.668222 0.685033,0.667735 0.685946,0.668709 0.686678,0.671146 0.681559,0.713050 0.678086,0.731078 0.674613,0.739361 0.671506,0.743259 0.664560,0.747888 0.654141,0.752274 0.615572,0.767622 0.599486,0.772008 0.583584,0.773957 0.575970,0.772562
33 0.222712,0.673049 0.231866,0.679591 0.238924,0.683780 0.240413,0.687676 0.244659,0.709064 0.244659,0.710240 0.243777,0.710828 0.242012,0.710901 0.234347,0.707961 0.224366,0.698774 0.220396,0.692967 0.218466,0.683486 0.217749,0.675401 0.218190,0.669228 0.219072,0.669742
21 0.310483,0.434463 0.304086,0.437476 0.299399,0.440343 0.297193,0.443062 0.297579,0.451294 0.302487,0.455851 0.304968,0.456292 0.307946,0.455337 0.316163,0.447987 0.325262,0.436815 0.326199,0.433875 0.325317,0.432993 0.322229,0.432038 0.319196,0.432332 0.311420,0.434022
20 0.659498,0.440369 0.661097,0.436253 0.663523,0.433607 0.665950,0.432137 0.674663,0.432064 0.681390,0.433166 0.691923,0.436253 0.698926,0.440516 0.700470,0.443015 0.700801,0.445073 0.700526,0.450732 0.700084,0.453011 0.697272,0.452937 0.692364,0.453599 0.689386,0.456171 0.686133,0.458008 0.665288,0.459699 0.661704,0.459258 0.660325,0.456465 0.659057,0.441618
18 0.256621,0.654985 0.258741,0.650275 0.260508,0.648391 0.264042,0.648156 0.267575,0.649333 0.269165,0.651688 0.270579,0.655691 0.270932,0.660401 0.269342,0.666288 0.266692,0.670055 0.264925,0.671468 0.261215,0.671704 0.258565,0.670055 0.255561,0.664168 0.255561,0.659930
39 0.408740,0.610443 0.416514,0.614446 0.425348,0.615388 0.432768,0.612091 0.435595,0.610207 0.440189,0.605027 0.441779,0.602672 0.443722,0.597492 0.445489,0.589250 0.445312,0.579595 0.443192,0.571118 0.440365,0.566644 0.434888,0.561699 0.431355,0.560521 0.422168,0.559579 0.416337,0.561463 0.412804,0.563583 0.410860,0.564995 0.405207,0.571589 0.402910,0.576534 0.401673,0.581243 0.400963,0.588750 0.402026,0.596550 0.403970,0.603614 0.405207,0.606204 0.407857,0.609501
60 0.260043,0.678190 0.265162,0.678201 0.316160,0.683074 0.322326,0.683380 0.321634,0.700803 0.322192,0.707916 0.324934,0.709865 0.510467,0.717666 0.514146,0.716741 0.515585,0.713281 0.515585,0.693303 0.515592,0.692718 0.554337,0.693325 0.589069,0.692354 0.583037,0.748875 0.580112,0.768366 0.575542,0.772994 0.534778,0.774210 0.429856,0.771759 0.323654,0.763719 0.287462,0.759806 0.266075,0.756395 0.265161,0.741777 0.265161,0.725698 0.263333,0.701579 0.260043,0.678190
62 0.209228,0.652615 0.212152,0.656269 0.216174,0.659924 0.232808,0.669669 0.242313,0.673811 0.256936,0.677465 0.260043,0.678190 0.263333,0.701579 0.265161,0.725698 0.265161,0.741777 0.266061,0.756176 0.262968,0.757131 0.254011,0.754695 0.244689,0.751041 0.232442,0.742514 0.223120,0.734961 0.218367,0.729601 0.214894,0.724485 0.212518,0.716202 0.211056,0.704995 0.209776,0.679901 0.209228,0.652615
32 0.620600,0.706505 0.621758,0.702904 0.623578,0.700625 0.625343,0.699302 0.629092,0.697906 0.637750,0.697171 0.653356,0.692099 0.666591,0.686440 0.674808,0.681001 0.674973,0.685852 0.672271,0.695113 0.668631,0.702095 0.662841,0.708636 0.655893,0.714663 0.643706,0.720323 0.617236,0.730178 0.616354,0.730178 0.615472,0.729810 0.614810,0.728634 0.614865,0.727311 0.615858,0.722020 0.619828,0.709084
