60 0.159994,0.715679 0.164748,0.717504 0.178558,0.724444 0.187366,0.726848 0.186908,0.742055 0.186908,0.747609 0.188044,0.749124 0.192212,0.751396 0.299805,0.779168 0.304162,0.777401 0.305488,0.772099 0.306814,0.758970 0.306877,0.757632 0.337261,0.763994 0.375522,0.767917 0.373258,0.814989 0.366466,0.826757 0.363070,0.837318 0.356505,0.842146 0.331149,0.837016 0.271607,0.822798 0.224516,0.807409 0.189425,0.792322 0.170634,0.783270 0.164748,0.777536 0.164069,0.771200 0.164069,0.736499 0.162937,0.723826 0.159994,0.715679
46 0.785110,0.623922 0.785947,0.609246 0.787743,0.597283 0.790854,0.590583 0.792410,0.588829 0.794086,0.588988 0.796240,0.592019 0.798274,0.598719 0.800309,0.609884 0.801266,0.619296 0.801865,0.624560 0.802224,0.637480 0.801985,0.649125 0.800309,0.665395 0.799112,0.672732 0.796479,0.678794 0.794445,0.681346 0.792290,0.681825 0.790017,0.677039 0.787862,0.670021 0.786187,0.653910 0.785110,0.623922
26 0.715086,0.492038 0.728257,0.488089 0.726874,0.484051 0.716139,0.486684
7 0.755002,0.675157 0.776735,0.656539 0.777748,0.654588 0.778874,0.649335 0.778705,0.644907 0.778142,0.642881 0.777298,0.642356 0.777298,0.641728 0.778044,0.641089 0.782912,0.602479 0.785865,0.583120 0.788894,0.569509 0.789290,0.569310 0.791430,0.569160 0.794414,0.573512 0.798017,0.581917 0.801452,0.594974 0.803591,0.615544 0.804267,0.625074 0.804380,0.641219 0.804154,0.657278 0.801170,0.681375 0.799031,0.688879 0.796554,0.693766 0.790304,0.695342 0.770316,0.695022 0.761589,0.693842 0.759900,0.691891 0.757085,0.683712 0.755002,0.675157
51 0.665987,0.729252 0.671647,0.725329 0.709229,0.693646 0.752923,0.660152 0.766651,0.649567 0.774518,0.644108 0.777009,0.642064 0.778036,0.643323 0.778564,0.645479 0.778665,0.649407 0.777608,0.654472 0.776557,0.656650 0.761824,0.668786 0.668478,0.745848 0.665987,0.729252
6 0.195325,0.601461 0.197408,0.582302 0.201575,0.573139 0.211158,0.562865 0.227825,0.548703 0.253138,0.534125 0.277930,0.522308 0.303972,0.507869 0.339910,0.493558 0.473349,0.489951 0.567621,0.490508 0.603767,0.488147 0.605174,0.488399 0.605078,0.492218 0.604486,0.494718 0.601622,0.497614 0.597771,0.500772 0.581478,0.511841 0.558273,0.526844 0.534871,0.542637 0.520059,0.554614 0.498631,0.573185 0.490732,0.581213 0.488050,0.585897 0.486682,0.586893 0.450328,0.596473 0.383556,0.621626 0.365118,0.622587 0.306993,0.619950 0.220742,0.609792 0.199596,0.604655 0.195325,0.601461
17 0.579199,0.776409 0.578442,0.778875 0.578442,0.779996 0.579788,0.782238 0.580713,0.782350 0.582395,0.781566 0.583993,0.779660 0.584750,0.777306 0.584414,0.773943 0.583573,0.773158 0.581520,0.773096 0.579872,0.774952
4 0.696330,0.382915 0.685067,0.381936 0.672580,0.383241 0.664745,0.387157 0.660093,0.394337 0.650299,0.416854 0.637078,0.461561 0.639526,0.469067 0.644668,0.510838 0.646626,0.519649 0.653237,0.534007 0.657889,0.566668 0.657400,0.609744 0.658379,0.660652 0.660338,0.707690 0.666950,0.729551 0.741058,0.669334 0.743831,0.635894 0.739669,0.612398 0.741383,0.560480 0.739669,0.521320 0.737710,0.506635 0.727182,0.483792 0.721305,0.485097 0.717878,0.457032 0.710532,0.427010 0.703432,0.401882
2 0.702025,0.384707 0.710756,0.386988 0.723937,0.393605 0.735063,0.401818 0.743965,0.412770 0.752010,0.429425 0.767074,0.473230 0.778030,0.480759 0.784192,0.493308 0.784877,0.501065 0.784535,0.527547 0.782823,0.580041 0.781796,0.595555 0.778030,0.619055 0.772895,0.640045 0.766047,0.648487 0.765939,0.649671 0.748484,0.663991 0.741223,0.668947 0.743831,0.635894 0.739669,0.612398 0.741383,0.560480 0.739669,0.521320 0.737710,0.506635 0.727182,0.483792 0.728899,0.483332 0.725370,0.461195 0.720396,0.439446 0.715075,0.421793 0.707382,0.399190 0.702466,0.387473 0.702025,0.384707
40 0.638847,0.466144 0.643019,0.492221 0.645337,0.513973 0.658505,0.510389 0.693927,0.503592 0.713399,0.496547 0.716459,0.486907 0.717016,0.478874 0.716274,0.472447 0.711452,0.468987 0.690774,0.462807 0.685488,0.462684 0.677699,0.463178 0.667407,0.467256 0.660452,0.474054 0.656743,0.480110 0.655167,0.475042 0.651643,0.451190 0.648119,0.435988
12 0.356338,0.480544 0.401594,0.437244 0.448951,0.399932 0.466380,0.392915 0.497636,0.384952 0.518485,0.380297 0.541890,0.376945 0.562516,0.373396 0.609263,0.369696 0.640315,0.369998 0.657144,0.371438 0.674653,0.372268 0.687289,0.373782 0.701058,0.377860 0.714260,0.383297 0.727633,0.391241 0.737379,0.399322 0.743046,0.405666 0.751658,0.417372 0.768091,0.443654 0.766844,0.445844 0.756645,0.428474 0.746559,0.414645 0.741232,0.407923 0.736246,0.402788 0.735918,0.402870 0.735063,0.401818 0.723937,0.393605 0.710756,0.386988 0.703748,0.385157 0.701568,0.384055 0.696330,0.382915 0.685067,0.381936 0.672580,0.383241 0.664745,0.387157 0.660093,0.394337 0.650299,0.416854 0.637078,0.461561 0.637239,0.462058 0.631934,0.478056 0.629922,0.481490 0.621375,0.476008 0.618367,0.475083 0.615244,0.475545 0.627062,0.442433 0.633207,0.423293 0.642702,0.400111 0.649977,0.384377 0.647492,0.384496 0.615546,0.382596 0.581382,0.382596 0.546774,0.384372 0.525477,0.386383 0.502937,0.389694 0.474275,0.394905 0.454039,0.401054 0.448981,0.403903 0.432475,0.416322 0.399820,0.445417 0.374707,0.468362 0.359000,0.484565 0.356338,0.480544
7 0.527703,0.854350 0.530895,0.852971 0.554150,0.841576 0.557570,0.824537 0.561332,0.770601 0.566005,0.737915 0.574099,0.700834 0.579115,0.683058 0.586410,0.661179 0.590742,0.653734 0.590589,0.653350 0.593241,0.648625 0.600887,0.648721 0.612629,0.651000 0.626650,0.658596 0.638848,0.669536 0.646713,0.680171 0.650501,0.685875 0.659585,0.706011 0.660338,0.707690 0.665321,0.724164 0.665066,0.727449 0.667460,0.738084 0.669170,0.753429 0.668942,0.775004 0.665978,0.802072 0.660164,0.823343 0.650361,0.847349 0.633148,0.874102 0.611831,0.890663 0.580711,0.895069 0.558710,0.888991 0.536025,0.873494 0.526905,0.858301
20 0.656678,0.479900 0.656743,0.480110 0.660452,0.474054 0.667407,0.467256 0.677699,0.463178 0.685488,0.462684 0.690774,0.462807 0.711452,0.468987 0.716274,0.472447 0.717016,0.478874 0.716721,0.483122 0.716247,0.482964 0.693834,0.488698 0.691570,0.492017 0.666712,0.495396 0.659422,0.495638 0.656705,0.483870 0.656678,0.479900
10 0.487868,0.586214 0.490732,0.581213 0.498631,0.573185 0.520059,0.554614 0.534871,0.542637 0.558273,0.526844 0.581478,0.511841 0.597771,0.500772 0.601622,0.497614 0.604486,0.494718 0.605078,0.492218 0.605177,0.488269 0.609917,0.485769 0.613274,0.481689 0.614558,0.477083 0.615244,0.475545 0.618367,0.475083 0.621375,0.476008 0.630629,0.481943 0.628663,0.489575 0.626581,0.499366 0.627622,0.506766 0.629415,0.510390 0.633001,0.512856 0.639145,0.514852 0.645410,0.514177 0.646626,0.519649 0.653237,0.534007 0.657889,0.566668 0.657400,0.609744 0.658379,0.660652 0.660265,0.705949 0.659585,0.706011 0.650501,0.685875 0.649415,0.671530 0.646946,0.656658 0.641318,0.636639 0.636973,0.629138 0.632036,0.623347 0.627987,0.620188 0.625420,0.619135 0.618903,0.619264 0.612780,0.622423 0.607251,0.626108 0.600931,0.634926 0.590365,0.653750 0.577726,0.650986 0.569234,0.650197 0.550670,0.651246 0.538425,0.654273 0.524996,0.658485 0.522133,0.658748 0.522528,0.656379 0.526082,0.646772 0.530822,0.631110 0.534179,0.615580 0.537241,0.598719 0.537537,0.593192 0.537438,0.589902 0.535957,0.586348 0.532402,0.583190 0.529242,0.581610 0.523515,0.581479 0.505247,0.582792 0.497644,0.584898 0.487868,0.586214
46 0.554655,0.839060 0.557570,0.824537 0.561332,0.770601 0.566005,0.737915 0.573915,0.701675 0.577336,0.699585 0.583634,0.695579 0.589789,0.693099 0.598806,0.691382 0.612117,0.693099 0.626144,0.700539 0.635162,0.711985 0.642605,0.726675 0.647185,0.743844 0.649189,0.759518 0.649761,0.771346 0.648616,0.784319 0.645610,0.800152 0.640028,0.817703 0.634303,0.829150 0.626431,0.842313 0.617700,0.850898 0.605819,0.859673 0.596230,0.862153 0.587069,0.863488 0.573758,0.859673 0.564311,0.852805 0.556009,0.843076 0.554655,0.839060
63 0.183091,0.646631 0.192336,0.640779 0.193953,0.621990 0.197952,0.603426 0.199596,0.604655 0.220742,0.609792 0.306993,0.619950 0.365118,0.622587 0.383556,0.621626 0.386285,0.620598 0.384577,0.624322 0.364255,0.664696 0.382276,0.677472 0.393793,0.684331 0.349340,0.695469 0.343529,0.696246 0.331530,0.695746 0.221104,0.676497 0.194670,0.669001 0.189233,0.666252 0.184546,0.656257 0.181921,0.648261
17 0.588619,0.791542 0.587856,0.793764 0.587358,0.796475 0.587691,0.798757 0.588787,0.799502 0.591419,0.798637 0.593077,0.795690 0.593077,0.792776 0.591142,0.790309 0.589292,0.790646
65 0.746559,0.414645 0.756645,0.428474 0.766844,0.445844 0.767031,0.446389 0.770143,0.451920 0.772139,0.456707 0.773256,0.464365 0.773415,0.470640 0.772937,0.474257 0.770945,0.475890 0.767074,0.473230 0.752010,0.429425 0.743965,0.412770
57 0.600931,0.634926 0.607251,0.626108 0.612780,0.622423 0.618903,0.619264 0.625420,0.619135 0.627987,0.620188 0.632036,0.623347 0.636973,0.629138 0.641318,0.636639 0.646946,0.656658 0.649415,0.671530 0.650501,0.685875 0.646713,0.680171 0.638848,0.669536 0.626650,0.658596 0.612629,0.651000 0.600887,0.648721 0.593241,0.648625
71 0.178469,0.633078 0.182629,0.616753 0.188407,0.599504 0.193722,0.586259 0.197255,0.583709 0.195325,0.601461 0.197952,0.603426 0.193953,0.621990 0.192336,0.640779 0.183091,0.646631 0.181388,0.648301 0.178546,0.648511 0.177796,0.640015
8 0.766073,0.649811 0.766297,0.648179 0.772895,0.640045 0.778030,0.619055 0.781796,0.595555 0.782823,0.580041 0.784535,0.527547 0.784877,0.501065 0.784192,0.493308 0.778030,0.480759 0.770945,0.475890 0.772937,0.474257 0.773415,0.470640 0.773256,0.464365 0.772139,0.456707 0.770143,0.451920 0.767031,0.446389 0.768148,0.443837 0.769658,0.445741 0.773648,0.453931 0.781469,0.467554 0.799983,0.485423 0.801579,0.489359 0.804455,0.508419 0.803498,0.518736 0.804136,0.526713 0.805333,0.531726 0.803338,0.534173 0.802620,0.542044 0.799910,0.551194 0.797995,0.549811 0.796080,0.550662 0.794883,0.552151 0.793127,0.555236 0.790414,0.562681 0.785865,0.583120 0.782912,0.602479 0.778044,0.641089 0.775809,0.643003 0.766073,0.649811
32 0.409863,0.782056 0.404565,0.803241 0.405890,0.805889 0.412071,0.806772 0.440329,0.801182 0.477859,0.791177 0.484262,0.785292 0.492209,0.774994 0.493313,0.767932 0.492209,0.764401 0.487352,0.764401 0.473003,0.768226 0.413837,0.777348 0.410746,0.778441
17 0.603927,0.758473 0.602917,0.759145 0.601824,0.761387 0.601643,0.763069 0.602160,0.764863 0.603279,0.766090 0.604951,0.766463 0.606534,0.766320 0.607459,0.765871 0.608300,0.764975 0.608468,0.761387 0.607123,0.759258 0.605441,0.758137
17 0.588619,0.753428 0.588114,0.754661 0.587946,0.756903 0.588871,0.760603 0.589712,0.761500 0.592320,0.760939 0.593992,0.760074 0.595011,0.757688 0.595095,0.755110 0.593497,0.752868 0.592572,0.752419 0.590890,0.752419 0.590049,0.752756
35 0.736952,0.523371 0.725918,0.527203 0.724990,0.529427 0.725732,0.533876 0.726474,0.534989 0.728885,0.534865 0.737787,0.532393 0.738714,0.530910 0.739178,0.528068 0.738528,0.524484
39 0.243684,0.649483 0.245862,0.641499 0.248404,0.635450 0.253850,0.627950 0.259114,0.624079 0.264015,0.623111 0.269824,0.625288 0.271639,0.629885 0.272184,0.635208 0.271821,0.646096 0.268372,0.662306 0.262744,0.670774 0.258206,0.674646 0.254394,0.675855 0.250219,0.674404 0.245862,0.670533 0.244047,0.664242 0.243502,0.656500
1 0.155013,0.784087 0.156700,0.777340 0.162699,0.763597 0.166074,0.748333 0.163449,0.722346 0.157262,0.710102 0.156887,0.690111 0.159325,0.666123 0.162324,0.659876 0.177323,0.639636 0.178073,0.648132 0.181447,0.647882 0.184072,0.655878 0.188759,0.665873 0.194196,0.668622 0.220631,0.676118 0.331056,0.695368 0.343055,0.695867 0.348867,0.695090 0.395737,0.683346 0.401361,0.685345 0.459855,0.676100 0.504100,0.665355 0.519286,0.660607 0.521739,0.657889 0.521659,0.658369 0.524523,0.658106 0.537952,0.653895 0.550196,0.650868 0.568760,0.649818 0.577252,0.650607 0.589892,0.653371 0.592445,0.648822 0.592445,0.648822 0.590116,0.652972 0.590268,0.653356 0.585937,0.660800 0.578641,0.682679 0.573625,0.700455 0.565532,0.737536 0.560858,0.770222 0.557096,0.824159 0.553676,0.841197 0.530422,0.852592 0.527607,0.853809 0.525098,0.853809 0.508787,0.859806 0.484602,0.865553 0.435483,0.872299 0.421796,0.872799 0.411860,0.870300 0.396487,0.868308 0.375864,0.868558 0.343055,0.862062 0.297497,0.850068 0.217443,0.824817 0.174886,0.803827 0.161387,0.795082 0.156512,0.790084 0.155013,0.784087
14 0.354313,0.492287 0.358671,0.485354 0.359546,0.483521 0.374660,0.467929 0.399773,0.444984 0.432429,0.415889 0.448934,0.403470 0.453992,0.400621 0.474228,0.394472 0.502891,0.389262 0.525430,0.385950 0.546728,0.383939 0.581336,0.382164 0.615500,0.382164 0.647446,0.384063 0.649931,0.383945 0.642655,0.399679 0.633160,0.422860 0.627016,0.442000 0.614673,0.476287 0.614511,0.476650 0.613228,0.481256 0.609870,0.485336 0.605131,0.487837 0.605127,0.487966 0.603721,0.487715 0.567574,0.490075 0.473302,0.489518 0.359646,0.492591 0.354313,0.492287
49 0.626581,0.499366 0.628663,0.489575 0.630629,0.481943 0.631934,0.478056 0.637239,0.462058 0.639110,0.467793 0.640232,0.474801 0.644668,0.510838 0.645312,0.513738 0.645337,0.513973 0.645363,0.513966 0.645410,0.514177 0.639145,0.514852 0.633001,0.512856 0.629415,0.510390 0.627622,0.506766 0.626581,0.499366
35 0.781183,0.506193 0.780348,0.507181 0.774970,0.508541 0.774599,0.512372 0.775434,0.515091 0.776918,0.515338 0.780812,0.514967 0.783316,0.513979 0.783408,0.511260 0.783038,0.507552 0.782110,0.506193
53 0.696330,0.382915 0.701568,0.384055 0.702025,0.384707 0.702466,0.387473 0.707382,0.399190 0.715075,0.421793 0.720396,0.439446 0.725370,0.461195 0.728899,0.483332 0.726759,0.483871 0.726750,0.483888 0.721305,0.485097 0.717878,0.457032 0.710532,0.427010 0.703432,0.401882 0.696330,0.382915
68 0.648483,0.437557 0.648868,0.435461 0.656830,0.411342 0.661816,0.401052 0.666642,0.393870 0.672433,0.390226 0.678867,0.387867 0.686427,0.386903 0.695595,0.387117 0.696480,0.389255 0.700823,0.401904 0.706452,0.421205 0.714173,0.452303 0.717471,0.470955 0.719240,0.485961 0.716513,0.486126 0.717016,0.478874 0.716274,0.472447 0.711452,0.468987 0.690774,0.462807 0.685488,0.462684 0.677699,0.463178 0.667407,0.467256 0.660452,0.474054 0.656743,0.480110 0.655167,0.475042 0.651643,0.451190 0.648483,0.437557
59 0.188423,0.691813 0.189938,0.687269 0.191833,0.685249 0.199031,0.686764 0.221572,0.693328 0.305867,0.708981 0.307382,0.710496 0.308140,0.713273 0.308519,0.722615 0.306814,0.758970 0.305488,0.772099 0.304162,0.777401 0.299805,0.779168 0.192212,0.751396 0.188044,0.749124 0.186908,0.747609 0.186908,0.742055
64 0.705407,0.390645 0.706452,0.390322 0.714977,0.393323 0.729052,0.400934 0.737577,0.407044 0.741437,0.411760 0.752455,0.436414 0.758005,0.457223 0.760820,0.470194 0.760980,0.474803 0.730660,0.482092 0.726156,0.460225 0.719481,0.432248 0.712725,0.411238 0.705407,0.390645
0 0.800008,0.550864 0.802620,0.542044 0.803338,0.534173 0.805333,0.531726 0.805279,0.531498 0.805830,0.531665 0.805631,0.533164 0.805830,0.539510 0.808211,0.546826 0.808409,0.577774 0.807483,0.594610 0.806160,0.612063 0.804904,0.618145 0.803873,0.619519 0.803591,0.615544 0.803272,0.612469 0.804044,0.609418 0.805301,0.597342 0.805764,0.584561 0.805698,0.576011 0.805102,0.569304 0.803383,0.561018 0.801994,0.555817 0.800008,0.550864
61 0.356612,0.842067 0.363070,0.837318 0.366466,0.826757 0.373258,0.814989 0.375514,0.768077 0.377333,0.767616 0.394313,0.766710 0.415368,0.765805 0.500492,0.749813 0.509322,0.748606 0.512039,0.749511 0.512265,0.754037 0.511133,0.770331 0.505473,0.799299 0.501172,0.813783 0.495738,0.821930 0.490305,0.825551 0.481702,0.828266 0.428272,0.840336 0.392728,0.846069 0.370994,0.845466 0.356612,0.842067
55 0.788894,0.569509 0.790414,0.562681 0.793127,0.555236 0.794883,0.552151 0.796080,0.550662 0.797995,0.549811 0.799910,0.551194 0.800008,0.550864 0.801994,0.555817 0.803383,0.561018 0.805102,0.569304 0.805698,0.576011 0.805764,0.584561 0.805301,0.597342 0.804044,0.609418 0.803272,0.612469 0.801452,0.594974 0.798017,0.581917 0.794414,0.573512 0.791430,0.569160 0.789290,0.569310 0.788894,0.569509
70 0.364255,0.664696 0.384577,0.624322 0.386285,0.620598 0.450328,0.596473 0.486682,0.586893 0.488050,0.585897 0.487868,0.586214 0.497644,0.584898 0.505247,0.582792 0.523515,0.581479 0.529242,0.581610 0.532402,0.583190 0.535957,0.586348 0.537438,0.589902 0.537537,0.593192 0.537241,0.598719 0.534179,0.615580 0.530822,0.631110 0.526082,0.646772 0.522528,0.656379 0.522213,0.658268 0.519760,0.660986 0.504574,0.665734 0.460328,0.676478 0.401835,0.685724 0.396210,0.683725 0.393793,0.684331 0.382276,0.677472 0.364255,0.664696
18 0.161814,0.691098 0.165263,0.691340 0.165989,0.695937 0.165989,0.704163 0.163629,0.708276 0.160180,0.708276 0.157820,0.704163 0.157638,0.697873 0.159454,0.693759
17 0.602413,0.781566 0.601235,0.783920 0.601282,0.786319 0.602413,0.788404 0.604095,0.789749 0.605945,0.789525 0.606954,0.788628 0.607543,0.786386 0.607543,0.784144 0.606954,0.781678 0.606366,0.780444 0.605525,0.779772 0.604515,0.779660 0.602749,0.780893
24 0.727033,0.484112 0.754404,0.477112 0.766577,0.473613 0.767850,0.473825 0.770874,0.475946 0.728624,0.488035
29 0.652877,0.550413 0.638714,0.556033 0.634179,0.557518 0.636407,0.560912 0.641658,0.567381 0.645398,0.568123 0.649376,0.566532 0.655741,0.563245 0.654946,0.553700 0.653991,0.550837
19 0.589292,0.773046 0.590806,0.769459 0.592993,0.766768 0.595263,0.765871 0.598291,0.766096 0.599974,0.767777 0.601572,0.770692 0.602160,0.773943 0.601908,0.777081 0.601319,0.779884 0.600058,0.782911 0.597114,0.785377 0.594170,0.786050 0.590722,0.784032 0.589292,0.780220 0.589040,0.776073
