5 0.580012,0.320370 0.584950,0.357692 0.589578,0.371153 0.592356,0.393179 0.594516,0.432337 0.595133,0.532679 0.457194,0.543692 0.456885,0.497804 0.453182,0.421935 0.450096,0.379718 0.447628,0.357080 0.456268,0.354021 0.442147,0.250500 0.450566,0.249756 0.493607,0.253067 0.509654,0.259186 0.536501,0.275094 0.557794,0.295284
7 0.610207,0.532719 0.609971,0.512018 0.611876,0.494553 0.615548,0.474698 0.622892,0.458152 0.631460,0.446901 0.641585,0.442709 0.650041,0.444254 0.660055,0.447783 0.672184,0.456829 0.679082,0.468962 0.684868,0.489259 0.690209,0.516626 0.690654,0.542879 0.687761,0.559646 0.680418,0.580604 0.669736,0.591414 0.651599,0.596929 0.639248,0.596047 0.632795,0.592076 0.625006,0.583251 0.617217,0.563837 0.611209,0.543100 0.610207,0.532719
3 0.312775,0.386700 0.316203,0.373106 0.345152,0.276057 0.364007,0.264729 0.405336,0.253778 0.433524,0.250757 0.440571,0.356490 0.447628,0.357080 0.450096,0.379718 0.453182,0.421935 0.456885,0.497804 0.457191,0.543210 0.454665,0.544225 0.380958,0.551399 0.374863,0.548756 0.366483,0.539316 0.361722,0.530630 0.342867,0.483050 0.324773,0.430184 0.319631,0.415777 0.314298,0.396140 0.312775,0.386700
9 0.194668,0.394909 0.194779,0.384099 0.196225,0.375936 0.206796,0.373289 0.240510,0.359170 0.255642,0.345712 0.283906,0.311336 0.289045,0.311714 0.298752,0.315110 0.305604,0.320016 0.297800,0.331337 0.295516,0.336243 0.294374,0.340395 0.294374,0.344923 0.296278,0.350206 0.300084,0.354735 0.304082,0.360773 0.308459,0.363792 0.313979,0.366056 0.318810,0.364366 0.316203,0.373106 0.312775,0.386700 0.314298,0.396140 0.319631,0.415777 0.324773,0.430184 0.342867,0.483050 0.361722,0.530630 0.366483,0.539316 0.374863,0.548756 0.380278,0.551104 0.375077,0.552527 0.353949,0.554414 0.352427,0.539318 0.349952,0.524601 0.345955,0.510260 0.336439,0.486108 0.328254,0.475164 0.319879,0.467994 0.313502,0.464637 0.305713,0.462210 0.297590,0.461990 0.290358,0.464416 0.280789,0.471697 0.275003,0.478094 0.270886,0.487360 0.239620,0.477214 0.224710,0.469051 0.220593,0.461550 0.225266,0.452505 0.225378,0.448093 0.219258,0.428458 0.211692,0.410131 0.208020,0.403513 0.198673,0.396012 0.194668,0.394909
13 0.195827,0.375037 0.196384,0.371287 0.197163,0.368419 0.202949,0.360256 0.214187,0.354079 0.234994,0.348785 0.240668,0.346137 0.244340,0.342828 0.249236,0.341063 0.246009,0.345255 0.246343,0.347461 0.248457,0.348785 0.252894,0.348156 0.240510,0.359170 0.206796,0.373289 0.196225,0.375936 0.196030,0.377041 0.195827,0.375037
11 0.585787,0.360867 0.588662,0.361143 0.598109,0.357022 0.602361,0.353838 0.603494,0.351777 0.603589,0.348593 0.603022,0.345783 0.600093,0.341475 0.596503,0.337541 0.594236,0.334554 0.599621,0.325563 0.610202,0.334554 0.621823,0.335116 0.643930,0.339611 0.694286,0.357034 0.714315,0.368086 0.725935,0.376140 0.733682,0.384382 0.731887,0.384570 0.724613,0.379325 0.717905,0.377077 0.709591,0.377264 0.698726,0.378575 0.696364,0.380261 0.695325,0.384008 0.695703,0.388316 0.697781,0.393373 0.703922,0.405924 0.710914,0.421846 0.706946,0.422033 0.696364,0.424468 0.688617,0.427840 0.681059,0.436831 0.672178,0.428964 0.661975,0.423719 0.654417,0.422970 0.644969,0.425030 0.639584,0.427653 0.634199,0.431961 0.628058,0.438143 0.621728,0.449007 0.612659,0.468324 0.609352,0.484059 0.607085,0.496984 0.605951,0.507099 0.605289,0.532949 0.595653,0.533136 0.594701,0.531905 0.594085,0.431825 0.591925,0.392667 0.589148,0.370640 0.585787,0.360867
6 0.616489,0.318623 0.621162,0.318623 0.657658,0.328109 0.683584,0.338257 0.701943,0.347744 0.720302,0.362304 0.728313,0.372231 0.734433,0.381938 0.734433,0.386130 0.733295,0.384980 0.734113,0.384894 0.726366,0.376652 0.714745,0.368598 0.694716,0.357546 0.644361,0.340124 0.622253,0.335628 0.618061,0.335425 0.620829,0.334948 0.626058,0.332301 0.629062,0.327888 0.628840,0.325020 0.627727,0.323476 0.616489,0.318623
1 0.681331,0.437203 0.681490,0.437344 0.689048,0.428352 0.696795,0.424981 0.707376,0.422545 0.711344,0.422358 0.713740,0.422881 0.718969,0.422236 0.738886,0.418706 0.742669,0.417162 0.746230,0.423118 0.749791,0.426869 0.749791,0.448930 0.748900,0.457534 0.746898,0.461284 0.746230,0.476948 0.746898,0.490405 0.749791,0.499230 0.752016,0.504304 0.744672,0.518864 0.721974,0.533645 0.706730,0.537175 0.700388,0.537616 0.701612,0.517099 0.700165,0.496141 0.697940,0.476286 0.693711,0.462167 0.689595,0.451136 0.684365,0.441870 0.681331,0.437203
0 0.191488,0.487359 0.195939,0.473239 0.195494,0.465959 0.196384,0.459561 0.197719,0.455811 0.201836,0.458458 0.206620,0.460223 0.217412,0.461540 0.221035,0.460695 0.220593,0.461550 0.224710,0.469051 0.239620,0.477214 0.270691,0.487297 0.270488,0.488903 0.265370,0.497948 0.260919,0.514935 0.259584,0.523098 0.258138,0.550012 0.259028,0.572956 0.260029,0.575824 0.247122,0.575603 0.231990,0.571412 0.218081,0.569426 0.206287,0.563249 0.200056,0.554645 0.197496,0.548689 0.196384,0.530378 0.193268,0.525525 0.192601,0.519127 0.191488,0.487359
7 0.265935,0.557446 0.266491,0.541120 0.269607,0.521927 0.275615,0.507138 0.281846,0.496107 0.289189,0.486621 0.299537,0.479782 0.307215,0.479341 0.317118,0.481988 0.324795,0.487503 0.334807,0.502283 0.339703,0.512431 0.345600,0.534051 0.347046,0.556333 0.345934,0.578615 0.342262,0.603324 0.333249,0.623179 0.317894,0.637960 0.304876,0.640828 0.295196,0.639945 0.288853,0.635974 0.277504,0.620531 0.271607,0.605309 0.268491,0.593396 0.266600,0.576630 0.265935,0.557446
12 0.296458,0.297384 0.318828,0.279363 0.321455,0.274600 0.320029,0.268944 0.336318,0.256145 0.351407,0.249893 0.378881,0.242001 0.397873,0.235898 0.429852,0.231135 0.451396,0.228617 0.462206,0.229510 0.491782,0.230705 0.502891,0.232646 0.512199,0.236962 0.522033,0.240551 0.526086,0.243677 0.516778,0.251863 0.522934,0.255435 0.532167,0.262877 0.555135,0.282219 0.571124,0.296507 0.586138,0.312283 0.599575,0.325381 0.599850,0.326411 0.594666,0.335066 0.595087,0.335621 0.578631,0.316600 0.562867,0.299930 0.561900,0.299921 0.557794,0.295284 0.536501,0.275094 0.509654,0.259186 0.493607,0.253067 0.450714,0.249317 0.442221,0.250061 0.433524,0.250757 0.405336,0.253778 0.364007,0.264729 0.345152,0.276057 0.337019,0.282755 0.320730,0.300663 0.305691,0.319883 0.299263,0.314720 0.289042,0.311075 0.284014,0.310985 0.296458,0.297384
14 0.516778,0.251863 0.526086,0.243677 0.528500,0.243107 0.540835,0.253339 0.599361,0.312996 0.612955,0.323228 0.614087,0.329217 0.614024,0.335230 0.610633,0.335066 0.600051,0.326075 0.599850,0.326411 0.599575,0.325381 0.586138,0.312283 0.571124,0.296507 0.555135,0.282219 0.532167,0.262877 0.522934,0.255435 0.516778,0.251863
35 0.457701,0.395365 0.480066,0.396104 0.482924,0.397089 0.484042,0.400045 0.483172,0.403494 0.481681,0.404480 0.460683,0.405958 0.458447,0.405465 0.456831,0.403987 0.456459,0.400045 0.456956,0.396843
35 0.326868,0.403251 0.327737,0.401280 0.330471,0.401280 0.336435,0.402019 0.352090,0.400787 0.352960,0.401773 0.353457,0.403497 0.353084,0.406946 0.352214,0.408178 0.328359,0.409902 0.327489,0.409163 0.326992,0.407192 0.326868,0.403251
15 0.246009,0.345255 0.249236,0.341063 0.252542,0.338919 0.274438,0.312872 0.306148,0.281136 0.318984,0.269459 0.320070,0.269109 0.321455,0.274600 0.318828,0.279363 0.296458,0.297384 0.284014,0.310985 0.283906,0.311336 0.255642,0.345712 0.252894,0.348156 0.248457,0.348785 0.246343,0.347461 0.246009,0.345255
50 0.595087,0.335621 0.596934,0.338053 0.600524,0.341987 0.603452,0.346295 0.604019,0.349105 0.603925,0.352289 0.602791,0.354350 0.598540,0.357534 0.589092,0.361655 0.585491,0.361524 0.584950,0.357692 0.582283,0.337538 0.580387,0.322016 0.580012,0.319074
41 0.554916,0.295657 0.570323,0.310684 0.580387,0.322016 0.585233,0.361678 0.568459,0.361186 0.551313,0.355027 0.550816,0.350346 0.551064,0.336058 0.554171,0.329653 0.558519,0.324726 0.558644,0.322016
66 0.338838,0.310376 0.346263,0.281913 0.353689,0.277006 0.372005,0.268499 0.397086,0.261629 0.417052,0.259339 0.431573,0.258681 0.438668,0.354867 0.343128,0.358469 0.338838,0.310376
54 0.433524,0.250757 0.442221,0.250061 0.456180,0.355599 0.447539,0.355853 0.440571,0.356490 0.433524,0.250757
67 0.294374,0.340395 0.295516,0.336243 0.297800,0.331337 0.305604,0.320016 0.305691,0.319883 0.320730,0.300663 0.337019,0.282755 0.345152,0.276057 0.318810,0.364366 0.313979,0.366056 0.308459,0.363792 0.304082,0.360773 0.300084,0.354735 0.296278,0.350206 0.294374,0.344923 0.294374,0.340395
58 0.605790,0.530725 0.606381,0.507611 0.607515,0.497496 0.609782,0.484571 0.613089,0.468837 0.622159,0.449519 0.628489,0.438655 0.634630,0.432473 0.640015,0.428165 0.645400,0.425543 0.654847,0.423482 0.662405,0.424231 0.672609,0.429476 0.681490,0.437344 0.681331,0.437203 0.684365,0.441870 0.689595,0.451136 0.693711,0.462167 0.697940,0.476286 0.700165,0.496141 0.701612,0.517099 0.700670,0.532884 0.696906,0.521442 0.691956,0.523732 0.690405,0.528153 0.690209,0.516626 0.684868,0.489259 0.679082,0.468962 0.672184,0.456829 0.660055,0.447783 0.650041,0.444254 0.641585,0.442709 0.631460,0.446901 0.622892,0.458152 0.615548,0.474698 0.611876,0.494553 0.609971,0.512018 0.610207,0.532719 0.610229,0.532943 0.605790,0.530725
69 0.445103,0.254758 0.473980,0.254758 0.485200,0.256721 0.502526,0.261956 0.525297,0.274061 0.536353,0.281585 0.547738,0.291073 0.555370,0.298868 0.558644,0.322016 0.558519,0.324726 0.554171,0.329653 0.551064,0.336058 0.550816,0.350346 0.551307,0.354969 0.548894,0.355197 0.483550,0.355197 0.457149,0.353889 0.445103,0.254758
46 0.618044,0.515582 0.618561,0.534016 0.619938,0.546305 0.624415,0.560300 0.629924,0.570541 0.636122,0.577368 0.641631,0.581806 0.647313,0.582147 0.654027,0.579416 0.660742,0.571565 0.665046,0.558935 0.667112,0.546987 0.667798,0.534019 0.665043,0.513537 0.662117,0.500566 0.654886,0.486229 0.649548,0.480084 0.643006,0.476671 0.638874,0.475647 0.633881,0.476671 0.627855,0.480767 0.623035,0.488277 0.619764,0.498176 0.618386,0.506369
71 0.695755,0.384520 0.696795,0.380773 0.699157,0.379088 0.710021,0.377776 0.718335,0.377589 0.725043,0.379837 0.731771,0.384687 0.735040,0.392249 0.740377,0.411706 0.741711,0.417553 0.738886,0.418706 0.718969,0.422236 0.713740,0.422881 0.711344,0.422358 0.704353,0.406436 0.698212,0.393886 0.696133,0.388828 0.695755,0.384520
56 0.258138,0.550012 0.259584,0.523098 0.260919,0.514935 0.265370,0.497948 0.270488,0.488903 0.270691,0.487297 0.270886,0.487360 0.275003,0.478094 0.280789,0.471697 0.290358,0.464416 0.297590,0.461990 0.305713,0.462210 0.313502,0.464637 0.319879,0.467994 0.328254,0.475164 0.336439,0.486108 0.345955,0.510260 0.349952,0.524601 0.352427,0.539318 0.353949,0.554414 0.346986,0.557545 0.347046,0.556333 0.345600,0.534051 0.339703,0.512431 0.334807,0.502283 0.324795,0.487503 0.317118,0.481988 0.307215,0.479341 0.299537,0.479782 0.289189,0.486621 0.281846,0.496107 0.275615,0.507138 0.269607,0.521927 0.266491,0.541120 0.265935,0.557446 0.266253,0.566627 0.263099,0.570191 0.260151,0.576058 0.259192,0.572388 0.258594,0.561786 0.258138,0.550012
62 0.748296,0.458131 0.724193,0.467689 0.723332,0.470420 0.723160,0.474857 0.725398,0.499094 0.727292,0.505921 0.737794,0.504555 0.744853,0.500459 0.747780,0.497387 0.746575,0.486463 0.747436,0.471444
73 0.193646,0.411490 0.194334,0.397494 0.195643,0.395177 0.198673,0.396012 0.208020,0.403513 0.211692,0.410131 0.219258,0.428458 0.225378,0.448093 0.225266,0.452505 0.221035,0.460695 0.217412,0.461540 0.206620,0.460223 0.201836,0.458458 0.197719,0.455811 0.195023,0.447674 0.193646,0.411490
46 0.281880,0.593493 0.286701,0.604417 0.293243,0.613975 0.297720,0.618412 0.305639,0.621143 0.312010,0.620802 0.321307,0.615682 0.327332,0.607148 0.332325,0.593152 0.334736,0.575743 0.335252,0.559699 0.333186,0.545704 0.328193,0.531708 0.323200,0.522491 0.316486,0.513616 0.307705,0.510202 0.300991,0.510885 0.292899,0.515664 0.286357,0.521809 0.282053,0.533415 0.279126,0.547069 0.278437,0.559358 0.278781,0.575402 0.280675,0.587690
52 0.354039,0.558496 0.354383,0.555423 0.362991,0.554058 0.553235,0.537689 0.605918,0.533593 0.605746,0.544858 0.590595,0.548271 0.354899,0.569760 0.354039,0.558496
47 0.254481,0.416590 0.255777,0.425153 0.258944,0.431432 0.262831,0.434287 0.267294,0.434572 0.272764,0.430862 0.275931,0.423440 0.276939,0.414889 0.275931,0.405185 0.273915,0.398906 0.270460,0.394339 0.265710,0.392055 0.261679,0.393768 0.257360,0.397479 0.254481,0.404614 0.254049,0.409752
48 0.196826,0.539501 0.204744,0.543212 0.202728,0.547778 0.199130,0.548920 0.197114,0.545495
25 0.319626,0.364044 0.447604,0.361190 0.447172,0.355767 0.320346,0.358906
27 0.530237,0.356058 0.551543,0.355202 0.561044,0.359769 0.558021,0.360340 0.447894,0.361196 0.447606,0.356058
21 0.560972,0.324518 0.571337,0.329941 0.576951,0.336221 0.576519,0.348779 0.568745,0.350492 0.566010,0.347638 0.550895,0.346210 0.551183,0.335935 0.553486,0.329941 0.559244,0.323947
17 0.641627,0.539159 0.641211,0.540928 0.641568,0.542814 0.642579,0.544111 0.643530,0.544347 0.644422,0.543168 0.644660,0.541281 0.644363,0.539395 0.643411,0.538098 0.642400,0.538098
29 0.595497,0.388221 0.616514,0.387935 0.615794,0.391360 0.609029,0.400779 0.595353,0.399067
17 0.636273,0.527726 0.636154,0.531381 0.636570,0.533150 0.637522,0.534565 0.638414,0.534565 0.639306,0.533622 0.639663,0.531853 0.639663,0.529967 0.639128,0.528198 0.638236,0.527019 0.637344,0.526783
17 0.645490,0.515818 0.645134,0.517587 0.645550,0.521360 0.646442,0.523010 0.647334,0.523128 0.648226,0.522421 0.648642,0.520534 0.648642,0.518766 0.647988,0.514993 0.646977,0.514285 0.646085,0.514403
17 0.304693,0.583455 0.305763,0.582747 0.306715,0.581097 0.307012,0.579328 0.306715,0.577442 0.306061,0.575673 0.305169,0.574848 0.304277,0.574730 0.302968,0.575673 0.302374,0.577442 0.302236,0.580303 0.302849,0.582130 0.303609,0.583233
17 0.647631,0.532796 0.647393,0.534565 0.647691,0.536333 0.648761,0.537984 0.649653,0.538574 0.650545,0.536687 0.650664,0.534919 0.650367,0.533150 0.649356,0.531735 0.648404,0.531264
17 0.310045,0.558105 0.310342,0.559874 0.311234,0.561407 0.313137,0.562114 0.314089,0.560817 0.314386,0.559049 0.314089,0.557280 0.313256,0.555394 0.312364,0.554332 0.311353,0.554332 0.310402,0.555276 0.309688,0.557044
Мелкие 0.609201,0.320402 0.609454,0.317795 0.611110,0.318264 0.616513,0.318633 0.627727,0.323476 0.628840,0.325020 0.629062,0.327888 0.626058,0.332301 0.621594,0.334561 0.614036,0.334107 0.614087,0.329217 0.612955,0.323228 0.609201,0.320402
17 0.302433,0.553389 0.302790,0.555276 0.303801,0.556690 0.305585,0.557044 0.306477,0.556219 0.306834,0.552446 0.306239,0.550677 0.304277,0.550324 0.303325,0.551267
16 0.321404,0.216470 0.337495,0.246027 0.339624,0.257287 0.355241,0.249311 0.354650,0.246731 0.350982,0.247904 0.346723,0.242039 0.342227,0.241570 0.338441,0.243681 0.322469,0.212951 0.321167,0.212951 0.320576,0.214828
17 0.298508,0.566948 0.299222,0.568717 0.300233,0.569306 0.301125,0.569070 0.301839,0.567066 0.301839,0.565180 0.301422,0.563411 0.300471,0.562350 0.299579,0.562468 0.298627,0.564118
33 0.728503,0.472553 0.735129,0.468566 0.741518,0.468331 0.742819,0.469973 0.742701,0.479591 0.742227,0.484282 0.734892,0.485690 0.730869,0.483813 0.728385,0.478418 0.727793,0.473961
17 0.311175,0.576852 0.312067,0.577913 0.313018,0.578031 0.313970,0.577206 0.314267,0.573551 0.313910,0.571782 0.313018,0.570367 0.312007,0.570014 0.311175,0.571782 0.310937,0.575319
