5 0.597634,0.269103 0.606493,0.268305 0.617365,0.271898 0.629647,0.277087 0.641124,0.285071 0.652600,0.297047 0.668506,0.321398 0.676157,0.334572 0.685620,0.352935 0.696090,0.390859 0.701123,0.422396 0.702734,0.465510 0.703338,0.546947 0.672331,0.559322 0.641325,0.574092 0.636895,0.543354 0.635083,0.516607 0.636090,0.456328 0.633473,0.419203 0.630855,0.404432 0.625016,0.390460 0.621593,0.380081 0.623808,0.380480 0.613540,0.324991 0.600855,0.281878
3 0.533205,0.389657 0.538842,0.285865 0.549916,0.276683 0.567030,0.270695 0.592198,0.270296 0.593204,0.275484 0.605285,0.332170 0.614144,0.379307 0.621667,0.380165 0.625016,0.391259 0.630855,0.405231 0.633473,0.420001 0.636090,0.457127 0.635083,0.517406 0.636895,0.544152 0.641181,0.573891 0.631056,0.580504 0.586963,0.602460 0.582533,0.603258 0.579111,0.597270 0.577298,0.591681 0.574882,0.576911 0.559178,0.497470 0.543675,0.445545 0.535218,0.403629 0.533205,0.389657
41 0.672685,0.333801 0.680551,0.384993 0.687214,0.386645 0.694710,0.384443 0.699984,0.379489 0.702391,0.368113 0.702576,0.362425 0.700355,0.358755 0.694895,0.353617 0.689712,0.351416 0.686103,0.351966 0.684160,0.353434 0.672777,0.330315
9 0.388983,0.429875 0.395231,0.405341 0.398763,0.400763 0.438971,0.397800 0.452011,0.390259 0.457037,0.377870 0.460976,0.366558 0.470078,0.349321 0.483118,0.326439 0.490997,0.324015 0.514768,0.333441 0.510150,0.346369 0.507704,0.354987 0.507569,0.359835 0.508791,0.366299 0.512730,0.373301 0.519522,0.382728 0.525363,0.388653 0.529167,0.389192 0.533260,0.388638 0.533205,0.389657 0.535218,0.403629 0.543675,0.445545 0.559178,0.497470 0.574882,0.576911 0.577298,0.591681 0.579111,0.597270 0.582533,0.603258 0.584604,0.602885 0.567473,0.613855 0.567745,0.594195 0.567201,0.571571 0.564756,0.550833 0.560953,0.534943 0.557285,0.524978 0.553210,0.517167 0.548456,0.511781 0.542479,0.508549 0.536502,0.508280 0.531204,0.510165 0.525227,0.515282 0.517892,0.525247 0.513138,0.534674 0.509199,0.544365 0.485020,0.541402 0.459075,0.536285 0.454592,0.532245 0.452011,0.524166 0.451468,0.519048 0.455543,0.510699 0.456901,0.505043 0.456358,0.499657 0.454592,0.490500 0.448751,0.473802 0.440193,0.453845 0.433945,0.443880 0.429326,0.439571 0.424572,0.436339 0.419954,0.434723 0.413433,0.433107 0.388983,0.429875
7 0.475180,0.674401 0.478717,0.674401 0.485287,0.671729 0.487982,0.665383 0.492025,0.619959 0.496068,0.593239 0.501459,0.569859 0.506850,0.551155 0.510219,0.545811 0.519989,0.541803 0.527401,0.540133 0.535487,0.541803 0.542562,0.546813 0.551659,0.562845 0.558060,0.584555 0.561261,0.615283 0.561261,0.640333 0.558060,0.679077 0.548121,0.709471 0.538856,0.731515 0.528244,0.738863 0.503144,0.743539 0.492362,0.735189 0.483473,0.720666 0.477875,0.698449 0.475517,0.679077 0.475180,0.674401
11 0.694660,0.385681 0.699914,0.380320 0.702088,0.370355 0.723686,0.386245 0.730342,0.395940 0.733602,0.402135 0.735096,0.408060 0.732515,0.409407 0.731972,0.416679 0.738356,0.434723 0.741209,0.439279 0.738492,0.450322 0.735639,0.444935 0.733330,0.442242 0.729255,0.441165 0.723278,0.445743 0.715128,0.468905 0.708064,0.505287 0.704397,0.545686 0.703330,0.545944 0.702734,0.465510 0.701123,0.422396 0.696090,0.390859 0.694660,0.385681
52 0.565396,0.622460 0.566985,0.615060 0.676136,0.557803 0.703338,0.546947 0.704317,0.545705 0.704739,0.550185 0.704382,0.554559 0.704235,0.556194 0.704209,0.556271 0.703218,0.558679 0.694279,0.563114 0.609628,0.610967 0.566667,0.633324 0.565396,0.622460
59 0.289445,0.487644 0.340823,0.497720 0.343523,0.497090 0.345270,0.494571 0.345985,0.490950 0.348367,0.464026 0.349082,0.450014 0.288413,0.442771 0.287272,0.483869 0.287539,0.486384
48 0.378727,0.647962 0.380559,0.643551 0.385401,0.643551 0.409087,0.645886 0.418117,0.645886 0.422697,0.644070 0.421127,0.649778 0.416939,0.654708 0.411181,0.655227 0.390505,0.653670 0.374801,0.651594 0.338421,0.641735 0.308715,0.631076 0.277046,0.617065 0.265923,0.608762 0.262259,0.602794 0.261604,0.595270 0.264222,0.597865 0.265661,0.602794 0.268278,0.605649 0.280449,0.613952 0.311333,0.627963 0.331224,0.635487 0.349283,0.641714 0.364595,0.644568 0.376241,0.647942
7 0.681888,0.573989 0.682159,0.571032 0.701681,0.560281 0.704393,0.555980 0.704317,0.545705 0.704397,0.545686 0.708064,0.505287 0.715128,0.468905 0.717419,0.462395 0.717814,0.462977 0.726761,0.462977 0.735709,0.469697 0.743301,0.482868 0.747503,0.496845 0.750757,0.520499 0.749266,0.547647 0.745334,0.565925 0.738285,0.585010 0.729066,0.597374 0.718085,0.601944 0.704528,0.601675 0.692191,0.597374 0.687311,0.589041 0.681888,0.573989
0 0.255747,0.555181 0.255916,0.537412 0.260482,0.525342 0.261835,0.515954 0.263187,0.491479 0.264202,0.491479 0.266400,0.494161 0.267365,0.494869 0.267415,0.496170 0.270966,0.516286 0.274179,0.526344 0.286354,0.532715 0.327107,0.547132 0.353994,0.552496 0.364986,0.553837 0.370397,0.552831 0.374963,0.541432 0.379190,0.527686 0.381163,0.517629 0.382741,0.518033 0.404217,0.520715 0.429244,0.523062 0.444801,0.522057 0.448352,0.520715 0.450855,0.518779 0.451342,0.523369 0.453923,0.531449 0.458405,0.535489 0.484350,0.540606 0.508353,0.543547 0.508550,0.546600 0.506180,0.550358 0.500790,0.569062 0.495399,0.592442 0.491356,0.619162 0.487313,0.664586 0.484618,0.670932 0.478048,0.673604 0.474511,0.673604 0.474600,0.674846 0.473548,0.674943 0.465939,0.677290 0.410474,0.681303 0.399990,0.680632 0.392549,0.677279 0.373610,0.672585 0.334548,0.657477 0.316285,0.646749 0.295486,0.638031 0.285678,0.631996 0.273164,0.620262 0.264878,0.611172 0.257776,0.576304 0.255747,0.555181
58 0.717419,0.462395 0.723278,0.445743 0.729255,0.441165 0.733330,0.442242 0.735639,0.444935 0.738492,0.450322 0.738544,0.450111 0.738544,0.450111 0.738794,0.451680 0.739975,0.455894 0.742690,0.473686 0.742910,0.482190 0.735709,0.469697 0.726761,0.462977 0.717814,0.462977 0.717419,0.462395
29 0.702593,0.412344 0.706993,0.412344 0.710675,0.411098 0.710495,0.413946 0.709238,0.418753 0.707801,0.421602 0.703760,0.422136 0.702952,0.417329
35 0.553467,0.433154 0.552541,0.433337 0.551616,0.434438 0.551246,0.436273 0.551246,0.440310 0.552171,0.442145 0.553096,0.443062 0.554022,0.443246 0.556891,0.442879 0.557816,0.441594 0.559204,0.440860 0.562906,0.440126 0.567070,0.439759 0.569199,0.440493 0.570124,0.440310 0.571050,0.439576 0.571975,0.437558 0.572160,0.435723 0.572067,0.433704 0.571420,0.431870 0.568366,0.430402 0.565312,0.430035 0.559759,0.430035 0.556428,0.431136
12 0.321684,0.366177 0.325843,0.359442 0.359287,0.318962 0.374454,0.302384 0.400121,0.280409 0.443481,0.260747 0.476342,0.255340 0.514453,0.250713 0.554703,0.251484 0.588537,0.253801 0.614203,0.261127 0.634036,0.271151 0.649786,0.288114 0.663981,0.307776 0.675453,0.327052 0.687897,0.350581 0.684546,0.350852 0.676157,0.334572 0.668506,0.321398 0.652600,0.297047 0.641124,0.285071 0.629647,0.277087 0.617365,0.271898 0.606493,0.268305 0.597634,0.269103 0.597691,0.269328 0.565025,0.270374 0.549675,0.276434 0.538179,0.286058 0.532796,0.294095 0.522829,0.312277 0.514559,0.333358 0.490997,0.324015 0.483118,0.326439 0.483291,0.325853 0.504622,0.292388 0.511001,0.285932 0.507280,0.282770 0.497378,0.280794 0.447009,0.278276 0.432457,0.279198 0.408933,0.283940 0.398168,0.287893 0.388799,0.294875 0.377569,0.306074 0.358763,0.326506 0.343945,0.344951 0.328861,0.362488 0.326405,0.366046 0.325747,0.364196 0.322850,0.366590 0.321684,0.366177
35 0.639438,0.430768 0.642584,0.428383 0.646379,0.427465 0.649803,0.427832 0.651191,0.429300 0.652116,0.428565 0.652024,0.424528 0.651468,0.421226 0.649710,0.419941 0.646656,0.419574 0.638605,0.420308 0.636754,0.422143 0.636939,0.426180 0.637772,0.430767
1 0.738544,0.450111 0.741181,0.439308 0.742808,0.445594 0.744815,0.460576 0.746114,0.465258 0.747059,0.470876 0.747059,0.495366 0.743301,0.482868 0.742910,0.482190 0.742690,0.473686 0.739975,0.455894 0.738794,0.451680 0.738544,0.450111
69 0.606884,0.275620 0.616231,0.277638 0.625023,0.280207 0.633629,0.285161 0.642513,0.291583 0.655746,0.306995 0.667869,0.323876 0.672729,0.332113 0.672685,0.333801 0.679835,0.380339 0.626781,0.378371 0.625115,0.365527 0.618822,0.334335 0.611882,0.307546 0.600684,0.275620
56 0.509022,0.544343 0.509199,0.544365 0.513138,0.534674 0.517892,0.525247 0.525227,0.515282 0.531204,0.510165 0.536502,0.508280 0.542479,0.508549 0.548456,0.511781 0.553210,0.517167 0.557285,0.524978 0.560953,0.534943 0.564756,0.550833 0.567201,0.571571 0.567745,0.594195 0.567482,0.613193 0.562400,0.623890 0.561261,0.624643 0.561261,0.615283 0.558060,0.584555 0.551659,0.562845 0.542562,0.546813 0.535487,0.541803 0.527401,0.540133 0.519989,0.541803 0.510219,0.545811 0.509219,0.547397 0.509022,0.544343
67 0.507569,0.359835 0.507704,0.354987 0.510150,0.346369 0.514768,0.333441 0.514559,0.333358 0.522829,0.312277 0.532796,0.294095 0.538179,0.286058 0.538842,0.285865 0.533260,0.388638 0.529167,0.389192 0.525363,0.388653 0.519522,0.382728 0.512730,0.373301 0.508791,0.366299 0.507569,0.359835
71 0.731972,0.416679 0.732515,0.409407 0.735096,0.408060 0.737003,0.410162 0.738591,0.415358 0.742085,0.435354 0.742244,0.440865 0.741980,0.442397 0.741191,0.439350 0.741209,0.439279 0.738356,0.434723 0.731972,0.416679
13 0.265379,0.425887 0.265548,0.409794 0.266731,0.397389 0.268253,0.392360 0.294126,0.380290 0.317631,0.370902 0.325747,0.364196 0.326931,0.367527 0.391527,0.366521 0.432281,0.368868 0.459226,0.371585 0.457037,0.377870 0.452011,0.390259 0.438971,0.397800 0.398763,0.400763 0.395231,0.405341 0.391202,0.421163 0.388315,0.428570 0.386624,0.435610 0.381889,0.462433 0.378169,0.490596 0.378169,0.496966 0.382227,0.516412 0.379860,0.528482 0.375632,0.542228 0.371066,0.553628 0.365655,0.554634 0.354664,0.553293 0.327777,0.547928 0.287023,0.533511 0.274848,0.527141 0.271635,0.517083 0.268084,0.496966 0.265909,0.436355 0.265379,0.425887
25 0.622564,0.384436 0.533306,0.387638 0.533755,0.382831 0.621395,0.379511
73 0.378169,0.490596 0.381889,0.462433 0.386624,0.435610 0.388315,0.428570 0.388983,0.429875 0.413433,0.433107 0.419954,0.434723 0.424572,0.436339 0.429326,0.439571 0.433945,0.443880 0.440193,0.453845 0.448751,0.473802 0.454592,0.490500 0.456358,0.499657 0.456901,0.505043 0.455543,0.510699 0.451468,0.519048 0.451524,0.519576 0.449022,0.521512 0.445470,0.522853 0.429913,0.523859 0.404886,0.521512 0.383411,0.518830 0.382227,0.516412 0.378169,0.496966 0.378169,0.490596
46 0.695276,0.563211 0.703350,0.558825 0.704235,0.556194 0.704788,0.550054 0.704480,0.544767 0.708064,0.505287 0.711174,0.489270 0.720604,0.487774 0.725028,0.488870 0.730227,0.493037 0.733987,0.498958 0.736089,0.502905 0.738301,0.508168 0.740181,0.515186 0.741287,0.522203 0.741398,0.536457 0.740513,0.548299 0.737305,0.559703 0.733213,0.571983 0.726024,0.581851 0.717397,0.585579 0.710871,0.585360 0.707332,0.583386 0.703461,0.579658 0.698484,0.572860 0.695276,0.563211
46 0.510417,0.615776 0.513182,0.602399 0.519708,0.583321 0.524132,0.575645 0.527892,0.571260 0.531210,0.568847 0.535303,0.568189 0.539837,0.570602 0.543377,0.574330 0.547911,0.585514 0.552225,0.602619 0.554548,0.618408 0.554437,0.637706 0.552999,0.659635 0.548464,0.682465 0.540943,0.702860 0.536077,0.708123 0.530657,0.711412 0.525348,0.710754 0.519044,0.705491 0.514067,0.692333 0.510970,0.677860 0.508979,0.661851 0.508647,0.648694 0.508868,0.632905 0.509532,0.621940
15 0.326511,0.366345 0.326740,0.366090 0.326901,0.365328 0.328861,0.362488 0.343945,0.344951 0.358763,0.326506 0.377569,0.306074 0.388799,0.294875 0.398168,0.287893 0.408933,0.283940 0.432457,0.279198 0.447009,0.278276 0.497378,0.280794 0.507280,0.282770 0.511001,0.285932 0.504622,0.292388 0.483291,0.325853 0.483118,0.326439 0.470078,0.349321 0.460976,0.366558 0.459226,0.371585 0.432281,0.368868 0.391527,0.366521 0.326931,0.367527 0.326511,0.366345
66 0.539977,0.338189 0.540532,0.295621 0.544974,0.288281 0.550337,0.282648 0.556634,0.279291 0.557711,0.279099 0.565881,0.277646 0.574310,0.276905 0.582083,0.276171 0.592448,0.275986 0.597538,0.294701 0.603090,0.321490 0.608828,0.355801 0.611234,0.379104 0.550619,0.380390 0.539977,0.338189
72 0.261413,0.442770 0.262843,0.425136 0.263955,0.418523 0.265225,0.417894 0.265379,0.425887 0.265909,0.436355 0.268035,0.495666 0.267070,0.494957 0.264871,0.492275 0.263857,0.492275 0.263081,0.488430 0.261731,0.468277 0.261413,0.442770
47 0.487097,0.449547 0.487635,0.459147 0.489480,0.467833 0.493246,0.476671 0.496474,0.479262 0.500011,0.479598 0.503007,0.477433 0.504866,0.473952 0.506849,0.469662 0.507831,0.465831 0.508463,0.460976 0.508767,0.455033 0.508617,0.448480 0.506542,0.437661 0.503468,0.430042 0.500086,0.425166 0.496320,0.423032 0.493015,0.425318 0.489480,0.430652 0.487405,0.436442 0.486867,0.443452
21 0.699005,0.360896 0.699165,0.373807 0.698791,0.380686 0.699805,0.379839 0.702047,0.369680 0.702207,0.366187 0.701994,0.361213 0.698578,0.356874 0.695001,0.353382 0.698578,0.359520
27 0.681474,0.381057 0.682013,0.386042 0.623106,0.384795 0.621669,0.379454
16 0.445318,0.268677 0.458768,0.265445 0.463251,0.262751 0.462844,0.257364 0.460263,0.255748 0.457681,0.255748 0.455372,0.250899 0.452247,0.249822 0.447628,0.250899 0.442873,0.234721 0.440970,0.236606 0.446222,0.258100 0.446405,0.263906
39 0.304413,0.425181 0.306135,0.432495 0.308102,0.434934 0.310316,0.434690 0.313021,0.430789 0.315235,0.422742 0.316219,0.412746 0.315481,0.404456 0.313021,0.398360 0.310070,0.398116 0.307119,0.401530 0.305766,0.404943 0.304782,0.411283 0.304413,0.417378
37 0.380781,0.646369 0.399965,0.649295 0.418657,0.650026 0.421239,0.648563 0.422841,0.645391 0.419274,0.646123 0.402427,0.646611 0.391605,0.643928 0.381890,0.642709
54 0.597691,0.269328 0.600855,0.281878 0.613540,0.324991 0.623628,0.379507 0.621669,0.379454 0.621395,0.379511 0.617294,0.379666 0.614144,0.379307 0.605285,0.332170 0.603387,0.323264 0.603090,0.321490 0.597538,0.294701 0.596439,0.290660 0.593204,0.275484 0.592198,0.270296
