11 0.388049,0.352445 0.394531,0.347963 0.395134,0.352744 0.391667,0.366492 0.382774,0.407136 0.378553,0.433435 0.376594,0.458539 0.375087,0.497988 0.374936,0.506654 0.364686,0.494117 0.361672,0.496508 0.358959,0.501887 0.356547,0.517428 0.354135,0.555084 0.353231,0.584406 0.349915,0.579325 0.344790,0.573348 0.340268,0.570957 0.340569,0.550635 0.343433,0.526428 0.347654,0.503416 0.359109,0.474726 0.365741,0.444841 0.375991,0.416748 0.387421,0.358397
7 0.339460,0.594241 0.329511,0.618448 0.321824,0.650426 0.317905,0.674035 0.316096,0.704518 0.316398,0.727829 0.318960,0.758013 0.324236,0.787002 0.330265,0.804037 0.337651,0.819876 0.347147,0.833922 0.354080,0.842290 0.361165,0.846175 0.366892,0.847072 0.373826,0.842888 0.360110,0.828842 0.352875,0.816888 0.346242,0.795968 0.344434,0.782221 0.341419,0.727231 0.339158,0.654311 0.339460,0.621138
10 0.689015,0.339561 0.690824,0.335078 0.693691,0.333580 0.697154,0.345837 0.703636,0.366159 0.723834,0.410688 0.731521,0.429516 0.741921,0.462988 0.750212,0.481517 0.755789,0.497097 0.762421,0.522798 0.765888,0.541028 0.767244,0.552385 0.760009,0.557764 0.756846,0.520406 0.751570,0.493210 0.746898,0.480658 0.744938,0.477670 0.740718,0.487831 0.739361,0.488428 0.734689,0.460336 0.725042,0.421186 0.703638,0.373668 0.697609,0.356335 0.694745,0.349461 0.691881,0.344381
1 0.339158,0.654311 0.339460,0.621138 0.339460,0.594241 0.339225,0.594813 0.339536,0.591684 0.340774,0.571225 0.344790,0.573348 0.349915,0.579325 0.352700,0.583592 0.353432,0.591174 0.365269,0.607501 0.398979,0.629950 0.419308,0.637100 0.456364,0.660060 0.560068,0.661080 0.651420,0.655968 0.670205,0.652907 0.694137,0.636580 0.708033,0.622805 0.717039,0.622295 0.730420,0.614641 0.749205,0.594233 0.758984,0.576886 0.760528,0.561069 0.761139,0.556924 0.767243,0.552385 0.767631,0.553872 0.768918,0.566117 0.770976,0.606424 0.772006,0.656424 0.771491,0.716629 0.769947,0.757446 0.771234,0.779385 0.771234,0.799283 0.761455,0.819181 0.733406,0.843161 0.703915,0.854005 0.585029,0.867270 0.523012,0.869821 0.436035,0.863668 0.409015,0.859076 0.398722,0.855505 0.393061,0.857546 0.377106,0.842239 0.372654,0.841688 0.360110,0.828842 0.352875,0.816888 0.346242,0.795968 0.344434,0.782221 0.341419,0.727231 0.339158,0.654311
6 0.374965,0.505008 0.375087,0.497988 0.376594,0.458539 0.378553,0.433435 0.382774,0.407136 0.391667,0.366492 0.392674,0.362497 0.393964,0.366559 0.400898,0.368949 0.410695,0.370145 0.424562,0.369247 0.572730,0.362973 0.670102,0.357596 0.689094,0.355205 0.693616,0.353113 0.694399,0.348846 0.694745,0.349461 0.697609,0.356335 0.703638,0.373668 0.725042,0.421186 0.734689,0.460336 0.739081,0.486741 0.737026,0.493910 0.698289,0.544715 0.691355,0.549497 0.674624,0.554278 0.588105,0.562646 0.549367,0.564716 0.494200,0.565911 0.443102,0.564400 0.433305,0.561113 0.426220,0.555435 0.418382,0.546170 0.405118,0.535411 0.390347,0.520768 0.375575,0.507618 0.374965,0.505008
12 0.388598,0.352066 0.389432,0.346280 0.392845,0.333587 0.401377,0.292547 0.411829,0.250660 0.422495,0.218928 0.428894,0.205389 0.434654,0.197350 0.469637,0.188042 0.503980,0.182542 0.534270,0.180426 0.579065,0.180849 0.627913,0.189734 0.641779,0.200735 0.650951,0.215966 0.661403,0.240506 0.681668,0.294662 0.693826,0.331894 0.694520,0.336514 0.693691,0.333580 0.690824,0.335078 0.689340,0.338757 0.687427,0.336972 0.656284,0.241775 0.644765,0.210043 0.601889,0.204119 0.569040,0.203273 0.532990,0.203273 0.502273,0.206235 0.451079,0.213005 0.426335,0.220197 0.416949,0.253622 0.397751,0.347126 0.395016,0.351811 0.394531,0.347963 0.388598,0.352066
14 0.394542,0.366758 0.395405,0.358550 0.396862,0.348649 0.397751,0.347126 0.416949,0.253622 0.426335,0.220197 0.451079,0.213005 0.502273,0.206235 0.532990,0.203273 0.569040,0.203273 0.601889,0.204119 0.644765,0.210043 0.656284,0.241775 0.687427,0.336972 0.689340,0.338757 0.689015,0.339561 0.691881,0.344381 0.694399,0.348846 0.693616,0.353113 0.689094,0.355205 0.670102,0.357596 0.572730,0.362973 0.424562,0.369247 0.410695,0.370145 0.400898,0.368949 0.394542,0.366758
41 0.351249,0.351357 0.352956,0.339933 0.356795,0.336125 0.367461,0.330202 0.375993,0.327664 0.380473,0.330202 0.384099,0.336125 0.382393,0.362780 0.382479,0.368179 0.383672,0.368704 0.385578,0.367804 0.381592,0.388154 0.370447,0.384781 0.357222,0.375896 0.353382,0.364473 0.351249,0.351357
63 0.414646,0.635461 0.441559,0.615756 0.430307,0.561448 0.429910,0.558392 0.433305,0.561113 0.443102,0.564400 0.494200,0.565911 0.549367,0.564716 0.588105,0.562646 0.674624,0.554278 0.691355,0.549497 0.694526,0.547310 0.694101,0.551308 0.687054,0.595025 0.685463,0.607194 0.694782,0.611250 0.705580,0.619137 0.707851,0.622984 0.694137,0.636580 0.670205,0.652907 0.651420,0.655968 0.560068,0.661080 0.456364,0.660060 0.419308,0.637100 0.414646,0.635461
71 0.352700,0.583592 0.353231,0.584406 0.354135,0.555084 0.356547,0.517428 0.358959,0.501887 0.361672,0.496508 0.364686,0.494117 0.374936,0.506654 0.374965,0.505008 0.375575,0.507618 0.390347,0.520768 0.405118,0.535411 0.418382,0.546170 0.426220,0.555435 0.429910,0.558392 0.430307,0.561448 0.441559,0.615756 0.414646,0.635461 0.398979,0.629950 0.365269,0.607501 0.353432,0.591174 0.352700,0.583592
70 0.685463,0.607194 0.687054,0.595025 0.694101,0.551308 0.694526,0.547310 0.698289,0.544715 0.737026,0.493910 0.739081,0.486741 0.739361,0.488428 0.740718,0.487831 0.744938,0.477670 0.746898,0.480658 0.751570,0.493210 0.756846,0.520406 0.760009,0.557764 0.761139,0.556924 0.760528,0.561069 0.758984,0.576886 0.749205,0.594233 0.730420,0.614641 0.717039,0.622295 0.708033,0.622805 0.707851,0.622984 0.705580,0.619137 0.694782,0.611250 0.685463,0.607194
59 0.481348,0.690466 0.483051,0.682869 0.489650,0.682025 0.640575,0.679914 0.647600,0.678648 0.649516,0.682869 0.650154,0.754197 0.649516,0.771079 0.646961,0.771923 0.603748,0.769813 0.501571,0.774034 0.484328,0.773190 0.482838,0.755041 0.481348,0.716634 0.481348,0.690466
60 0.412591,0.738997 0.427705,0.742374 0.480071,0.744906 0.482440,0.744786 0.482838,0.755041 0.484328,0.773190 0.501571,0.774034 0.603748,0.769813 0.646961,0.771923 0.649516,0.771079 0.650154,0.754197 0.650020,0.739179 0.655052,0.739030 0.706353,0.733121 0.702309,0.802339 0.701457,0.826818 0.629507,0.838636 0.585869,0.842012 0.527754,0.843706 0.443457,0.839471 0.428769,0.836939 0.427492,0.834805 0.427279,0.819188 0.426215,0.804416 0.421957,0.778671 0.412591,0.738997
61 0.701497,0.825685 0.702309,0.802339 0.706473,0.733033 0.710926,0.732488 0.719866,0.729534 0.733064,0.721093 0.746049,0.709697 0.765207,0.686906 0.770316,0.676354 0.766272,0.737975 0.763292,0.760766 0.760950,0.768785 0.746262,0.791999 0.727955,0.813102 0.717099,0.821121 0.709223,0.824919 0.701923,0.827795
62 0.348731,0.694272 0.371083,0.714953 0.400246,0.733946 0.411528,0.737745 0.413413,0.739181 0.412591,0.738997 0.421957,0.778671 0.426215,0.804416 0.427279,0.819188 0.427492,0.834805 0.428769,0.836939 0.422814,0.838194 0.413661,0.835240 0.400889,0.826377 0.365339,0.794722 0.358311,0.784593 0.354692,0.772354 0.351712,0.751673 0.348731,0.704824 0.348731,0.694272
40 0.697100,0.345643 0.698098,0.347174 0.697939,0.341019 0.697303,0.330603 0.697144,0.321923 0.698178,0.317978 0.700724,0.315137 0.703748,0.313874 0.710590,0.313717 0.720138,0.315926 0.728731,0.321450 0.731516,0.324133 0.732869,0.328867 0.732710,0.339757 0.730402,0.351119 0.727617,0.357590 0.719263,0.364376 0.709397,0.367690 0.706999,0.373573 0.703636,0.366159 0.697154,0.345837 0.697100,0.345643
20 0.697946,0.332369 0.697097,0.324458 0.697522,0.320082 0.699644,0.315706 0.701851,0.314191 0.705757,0.313181 0.713057,0.313518 0.719000,0.315201 0.725537,0.319745 0.732247,0.326654 0.732247,0.338605 0.731143,0.343150 0.726899,0.345338 0.715183,0.354427 0.706354,0.357120 0.701430,0.356110 0.698629,0.336585
21 0.381477,0.366071 0.382665,0.355803 0.384193,0.336615 0.383344,0.333753 0.378166,0.328872 0.368403,0.330218 0.361527,0.333921 0.354396,0.339308 0.352783,0.342674 0.352358,0.348734 0.352783,0.356308 0.354565,0.360684 0.358810,0.365061 0.365262,0.368764 0.373582,0.371625 0.378760,0.371962 0.381137,0.367922
33 0.365627,0.723042 0.396019,0.744082 0.398396,0.751824 0.401113,0.768656 0.403150,0.779429 0.381842,0.767983 0.368513,0.752498 0.363929,0.740042 0.361892,0.729101 0.361043,0.712774 0.362825,0.717992
18 0.421487,0.704021 0.424119,0.703012 0.428109,0.704190 0.430825,0.706715 0.432438,0.712101 0.432948,0.719844 0.432014,0.725903 0.428533,0.730279 0.424543,0.731626 0.420893,0.730111 0.418176,0.723547 0.417837,0.713784 0.419280,0.707051
39 0.547475,0.594796 0.550786,0.586044 0.555201,0.579479 0.560634,0.575440 0.564624,0.575103 0.570991,0.577459 0.575915,0.583014 0.580838,0.592776 0.582961,0.602876 0.583046,0.618024 0.582197,0.628797 0.578292,0.640579 0.574471,0.647312 0.570397,0.650510 0.564199,0.650847 0.558427,0.649164 0.553078,0.643441 0.548749,0.633510 0.545862,0.620886 0.545353,0.613143 0.545438,0.604054 0.546372,0.597658
32 0.762468,0.697561 0.756356,0.706313 0.746508,0.719274 0.733689,0.729373 0.731057,0.733076 0.729614,0.738631 0.725794,0.764215 0.726049,0.767414 0.730548,0.764720 0.740396,0.753275 0.747866,0.745364 0.754658,0.735938 0.758902,0.723819 0.761025,0.712710 0.762213,0.701096
