7 0.318527,0.162741 0.277711,0.205427 0.244898,0.260919 0.214485,0.342023 0.203281,0.390045 0.196878,0.443403 0.196078,0.483955 0.210484,0.543715 0.268907,0.690983 0.298519,0.724065 0.336934,0.733669 0.408163,0.722997 0.541816,0.657901 0.621848,0.589603 0.721087,0.482888 0.784351,0.397027 0.814454,0.327435 0.815123,0.286395 0.809103,0.223941 0.798400,0.193606 0.712104,0.149889 0.598382,0.123123 0.428467,0.121338 0.350199,0.137398
4 1.000000,0.496761 0.955581,0.539447 1.000000,0.536310
10 0.000800,0.134995 0.023209,0.151002 0.060024,0.169144 0.148059,0.201159 0.176870,0.207562 0.264105,0.157405 0.340936,0.133928 0.428171,0.120055 0.491396,0.118988 0.596237,0.123256 0.705081,0.145667 0.761903,0.170211 0.831531,0.210763 0.866745,0.243845 0.900359,0.282262 0.922768,0.331352 0.930771,0.371903 0.932371,0.422060 0.913164,0.478619 0.870747,0.540514 0.949978,0.540514 0.997997,0.491425 1.000000,0.000000 0.000000,0.000000
57 0.312737,0.146334 0.266579,0.159717 0.200352,0.195405 0.181622,0.210572 0.173594,0.226631 0.141484,0.248044 0.106699,0.289085 0.088637,0.323881 0.077264,0.354215 0.075258,0.380981 0.077264,0.405963 0.086630,0.447896 0.104692,0.480907 0.132788,0.520164 0.176939,0.530870 0.168243,0.420238 0.174263,0.370275 0.188311,0.322988 0.235807,0.247152 0.259221,0.213249 0.291331,0.184698 0.323440,0.152579 0.344847,0.136520
57 0.824489,0.532654 0.833185,0.561204 0.843889,0.571019 0.861281,0.560306 0.858606,0.548707 0.860612,0.538001 0.870241,0.536374 0.906770,0.483577 0.928177,0.423800 0.928846,0.373837 0.920150,0.330120 0.898743,0.286402 0.864626,0.244469 0.833854,0.216811 0.801075,0.195398 0.811779,0.223056 0.818468,0.325659 0.822482,0.420231 0.824489,0.516588
1 0.000000,0.489833 0.027762,0.506785 0.067899,0.523737 0.137471,0.546042 0.154863,0.531766 0.132119,0.521060 0.102685,0.481804 0.083954,0.445224 0.075258,0.405075 0.074589,0.371171 0.081278,0.336376 0.095995,0.303365 0.117402,0.271246 0.146167,0.242695 0.173594,0.222175 0.178946,0.210576 0.156201,0.205223 0.077264,0.177565 0.029769,0.157045 0.000000,0.138309
46 0.632252,0.340956 0.601840,0.356963 0.565025,0.380441 0.519407,0.417791 0.476990,0.457276 0.428971,0.511701 0.400960,0.551185 0.378551,0.599207 0.369747,0.636558 0.375349,0.662170 0.392957,0.677110 0.414565,0.679244 0.456182,0.670707 0.501000,0.647229 0.576230,0.600275 0.661063,0.517037 0.697878,0.476485 0.734693,0.415657 0.754701,0.359098 0.753900,0.333486 0.746697,0.316411 0.729891,0.307874 0.713084,0.304673 0.684273,0.313210 0.651459,0.326016
32 0.002401,0.440201 0.040016,0.495693 0.020008,0.485022 0.000000,0.466936
19 0.557844,0.492251 0.576307,0.478823 0.584700,0.479569 0.583581,0.492997 0.572950,0.508663 0.548893,0.524329 0.538822,0.524329 0.536025,0.517615 0.540500,0.511647 0.540500,0.510155 0.552809,0.496727
51 0.998798,0.539447 0.860343,0.540514 0.861943,0.558656 0.849138,0.568260 0.913164,0.574663 0.999598,0.579999
