10 0.624249,0.000534 0.663464,0.013339 0.705081,0.035750 0.775509,0.107249 0.817125,0.164875 0.858742,0.258785 0.876349,0.351628 0.879550,0.489291 0.865945,0.559723 0.941175,0.553320 0.965741,0.418375 0.998798,0.162741 1.000000,0.000000
10 0.032813,0.000000 0.004802,0.064563 0.099240,0.056026 0.163265,0.060294 0.256902,0.085906 0.276110,0.096578 0.317727,0.060294 0.357742,0.030414 0.400960,0.008004 0.427370,0.000534
7 0.227291,0.356963 0.260104,0.289733 0.304921,0.223569 0.362544,0.168077 0.419367,0.137129 0.489795,0.129659 0.547418,0.126458 0.644257,0.154204 0.713084,0.222502 0.763504,0.301471 0.789915,0.372971 0.801919,0.458343 0.801119,0.550118 0.787514,0.615215 0.757102,0.694184 0.703480,0.769952 0.641055,0.820109 0.558622,0.854257 0.472188,0.856392 0.368147,0.822243 0.284913,0.745408 0.244097,0.681378 0.224089,0.621618 0.209684,0.551185 0.205682,0.470082 0.215286,0.401784
1 0.001601,0.075234 0.020008,0.066697 0.048019,0.061361 0.088835,0.059227 0.139255,0.059227 0.176870,0.067764 0.252901,0.089107 0.281712,0.100846 0.244097,0.137129 0.206482,0.196890 0.176870,0.268389 0.157663,0.330284 0.148059,0.420993 0.149660,0.518104 0.168067,0.615215 0.180430,0.630295 0.170008,0.640174 0.152061,0.639759 0.072829,0.619483 0.025610,0.590670 0.000000,0.571529
51 0.998798,0.554387 0.866745,0.560790 0.867546,0.581066 0.857942,0.618416 0.909962,0.619483 0.997997,0.607745
4 0.998798,0.183017 0.972387,0.371903 0.969186,0.413523 0.944376,0.554387 0.997997,0.547984
61 0.001195,0.404492 0.014936,0.430779 0.019118,0.451491 0.013741,0.470610 0.000000,0.485745
46 0.295480,0.479212 0.316104,0.414682 0.339901,0.370252 0.381149,0.323706 0.416845,0.294086 0.475544,0.272928 0.535037,0.270813 0.588184,0.286681 0.646090,0.322648 0.686545,0.381888 0.714308,0.452765 0.722240,0.521526 0.715895,0.594518 0.687338,0.668569 0.650849,0.718288 0.593736,0.766950 0.550902,0.788107 0.471578,0.790223 0.415258,0.768008 0.373217,0.734156 0.329589,0.681263 0.306585,0.631544 0.293894,0.567014 0.292307,0.515179
57 0.429682,0.008206 0.452621,0.053713 0.491784,0.093251 0.496820,0.117869 0.444229,0.128313 0.393316,0.143979 0.363104,0.161884 0.317786,0.204406 0.283098,0.242453 0.261837,0.278261 0.221555,0.358830 0.210365,0.405828 0.201973,0.472992 0.206449,0.557290 0.213722,0.605035 0.198616,0.645319 0.171761,0.645319 0.182951,0.633383 0.172320,0.612495 0.151620,0.514017 0.153298,0.420020 0.163369,0.330499 0.196378,0.226058 0.212603,0.192487 0.247850,0.140267 0.283098,0.102220 0.283116,0.094743 0.336267,0.048491 0.389977,0.017904
57 0.803933,0.552795 0.819598,0.586365 0.841418,0.617697 0.855405,0.618443 0.864357,0.580397 0.862678,0.561747 0.876106,0.481924 0.874987,0.475956 0.873868,0.394641 0.871630,0.342420 0.854845,0.260360 0.815682,0.170839 0.768126,0.108174 0.713840,0.054459 0.660689,0.022380 0.609217,0.003730 0.579005,0.082061 0.541519,0.102203 0.534806,0.120107 0.572850,0.125329 0.636072,0.145472 0.653416,0.156662 0.713840,0.217088 0.747409,0.266325 0.772026,0.308101 0.792727,0.370766 0.801678,0.449843
70 0.026573,0.001058 0.008329,0.047604 0.005156,0.068761 0.000000,0.078300 0.000000,0.000000
17 0.451423,0.523989 0.450323,0.524429 0.448233,0.526629 0.447022,0.529417 0.446032,0.535138 0.446142,0.536752 0.448012,0.541153 0.449003,0.542326 0.451753,0.544087 0.457144,0.545114 0.459455,0.544967 0.461545,0.544087 0.464956,0.541153 0.467156,0.538659 0.470457,0.532057 0.470567,0.528830 0.469797,0.527069 0.467266,0.524429 0.458685,0.521641 0.454504,0.521495 0.452413,0.521935
28 0.602851,0.350986 0.601861,0.354506 0.602081,0.355973 0.604391,0.361548 0.604722,0.363015 0.604391,0.371524 0.603841,0.376218 0.603841,0.377979 0.604281,0.379739 0.605712,0.382526 0.607802,0.384434 0.608902,0.385020 0.612203,0.385020 0.613193,0.384580 0.615284,0.382086 0.616054,0.380619 0.616934,0.377685 0.617264,0.373284 0.616714,0.367416 0.617264,0.364335 0.617924,0.363015 0.620125,0.361548 0.621005,0.360228 0.621885,0.357440 0.621885,0.355680 0.620345,0.352893 0.619024,0.351572 0.615614,0.349959 0.607472,0.348785 0.604281,0.349519 0.603181,0.350252
17 0.549122,0.518414 0.547802,0.518267 0.546042,0.518707 0.544171,0.525162 0.544171,0.529270 0.544722,0.530737 0.547252,0.533671 0.549563,0.535285 0.554734,0.535725 0.560455,0.532791 0.562765,0.530737 0.563535,0.527949 0.563645,0.525015 0.563535,0.523695 0.562545,0.522228 0.558584,0.519881 0.556274,0.519147 0.550333,0.518707
19 0.485533,0.531170 0.490704,0.524128 0.498626,0.519434 0.507317,0.518260 0.517880,0.520608 0.526351,0.526182 0.532072,0.538652 0.534273,0.547307 0.532622,0.559337 0.527671,0.570780 0.523927,0.575334 0.517106,0.580762 0.509625,0.583109 0.499833,0.582669 0.490921,0.578562 0.484870,0.570493 0.480799,0.558317 0.480579,0.543647 0.482779,0.534698
17 0.500603,0.477777 0.499503,0.478658 0.497412,0.481592 0.496642,0.484526 0.496642,0.487606 0.497962,0.490247 0.503243,0.493475 0.506324,0.494208 0.509845,0.493621 0.513255,0.491127 0.515456,0.488340 0.516226,0.486139 0.516556,0.484379 0.516226,0.481445 0.512925,0.478658 0.510615,0.477337 0.509295,0.476751 0.505004,0.476017 0.502473,0.476164
17 0.475406,0.585322 0.474085,0.586056 0.471665,0.588550 0.469904,0.591190 0.468694,0.594271 0.468694,0.597352 0.471225,0.601753 0.472215,0.602926 0.474305,0.604393 0.478046,0.605860 0.480026,0.605860 0.483327,0.604687 0.484537,0.603660 0.486518,0.600873 0.488388,0.596471 0.489928,0.592217 0.490258,0.589576 0.490038,0.588256 0.489158,0.586789 0.488058,0.585762 0.483767,0.583855 0.479146,0.583855 0.476396,0.584882
17 0.529096,0.583268 0.528106,0.583708 0.526016,0.587963 0.525355,0.589576 0.525245,0.592364 0.526236,0.593978 0.527226,0.596471 0.528326,0.598085 0.530306,0.600432 0.532287,0.601313 0.533387,0.602340 0.535367,0.602486 0.542629,0.597352 0.543729,0.595885 0.544829,0.593097 0.544939,0.590310 0.543839,0.587523 0.541199,0.584295 0.538228,0.582681 0.534377,0.581801 0.532287,0.581801
