67 0.241788,0.354053 0.242030,0.350993 0.244447,0.346322 0.251697,0.338914 0.269339,0.324902 0.272758,0.322688 0.288032,0.310284 0.299044,0.303273 0.315597,0.293425 0.327786,0.286762 0.299604,0.344465 0.283059,0.380532 0.272844,0.380305 0.264747,0.379500 0.263539,0.379017 0.261243,0.377889 0.256168,0.373863 0.247830,0.365327 0.243480,0.360012 0.242151,0.356952 0.241788,0.354053
15 0.164409,0.352618 0.165330,0.350691 0.170719,0.346486 0.175568,0.344712 0.177803,0.344082 0.181367,0.342323 0.198060,0.329571 0.227487,0.309691 0.266746,0.286212 0.284164,0.278121 0.285167,0.277622 0.286189,0.281707 0.287430,0.284648 0.276257,0.289796 0.237082,0.311306 0.225495,0.320131 0.223178,0.321675 0.212061,0.330050 0.170976,0.358578 0.170248,0.358847 0.165855,0.356121 0.164409,0.354545 0.164409,0.352618
46 0.292604,0.565328 0.296984,0.573575 0.300668,0.583490 0.302337,0.591644 0.302893,0.602949 0.302476,0.611567 0.301363,0.620663 0.298583,0.629095 0.294898,0.635396 0.288015,0.645404 0.278768,0.653743 0.270982,0.657913 0.259928,0.660044 0.246093,0.658098 0.237472,0.654207 0.226557,0.644010 0.220161,0.635578 0.215294,0.624922 0.213139,0.617509 0.210566,0.605828 0.210775,0.589056 0.212304,0.581729 0.215850,0.570702 0.220578,0.562362 0.226348,0.554753 0.232327,0.549564 0.239627,0.545024 0.249082,0.542429 0.256521,0.542151 0.264933,0.543634 0.271886,0.546229 0.281202,0.551788 0.287181,0.558097
35 0.512843,0.430096 0.546384,0.431674 0.550067,0.433778 0.550330,0.435356 0.549409,0.438161 0.548357,0.439388 0.545726,0.440264 0.511659,0.439738 0.508371,0.439212 0.506398,0.437109 0.507187,0.432551 0.507713,0.430973 0.508766,0.430096 0.511002,0.429921
26 0.635235,0.393971 0.664199,0.395258 0.664613,0.400589 0.492071,0.391228 0.490967,0.385713 0.496898,0.386265
7 0.193331,0.600568 0.193693,0.591388 0.196352,0.568498 0.200702,0.552876 0.211094,0.537737 0.220882,0.525175 0.235383,0.514223 0.250004,0.508264 0.263538,0.508747 0.278038,0.512290 0.288793,0.517444 0.300152,0.525175 0.310423,0.536126 0.320090,0.554165 0.325286,0.579641 0.324802,0.607020 0.319244,0.634722 0.308852,0.651955 0.296043,0.666611 0.283959,0.675308 0.270546,0.679173 0.246379,0.678207 0.228011,0.671442 0.216894,0.659685 0.206623,0.645512 0.198889,0.630695 0.194419,0.609436 0.193331,0.600568
17 0.814396,0.573071 0.814637,0.574468 0.815686,0.575758 0.817863,0.575650 0.818911,0.574791 0.819798,0.571889 0.819233,0.570492 0.818185,0.570062 0.815928,0.570170
47 0.179639,0.445868 0.184605,0.450831 0.190122,0.453772 0.194811,0.454140 0.201707,0.451566 0.208465,0.442926 0.211086,0.434654 0.211500,0.427301 0.210396,0.421419 0.206810,0.414801 0.203638,0.411124 0.199363,0.407999 0.195087,0.406161 0.190122,0.406712 0.185018,0.408735 0.180605,0.412043 0.176329,0.419397 0.174950,0.429323 0.175226,0.434654 0.176881,0.440537
3 0.273153,0.402125 0.299604,0.344465 0.327786,0.286762 0.335697,0.282149 0.354238,0.276877 0.402444,0.269628 0.448178,0.267651 0.464741,0.267333 0.478091,0.383972 0.491406,0.385703 0.490946,0.385949 0.497126,0.420216 0.500587,0.452505 0.502070,0.508883 0.502314,0.585636 0.499845,0.586010 0.382914,0.587996 0.370059,0.585031 0.360418,0.580088 0.352260,0.568556 0.335697,0.541538 0.296638,0.469380 0.275872,0.423212 0.273153,0.411680 0.273153,0.402125
35 0.304102,0.423258 0.333171,0.424485 0.337775,0.425362 0.339879,0.426414 0.340142,0.429219 0.339879,0.430621 0.338827,0.431848 0.336722,0.432900 0.331724,0.433251 0.301077,0.433075 0.297526,0.432199 0.296474,0.431147 0.296211,0.428167 0.297526,0.423959 0.298578,0.423258 0.302919,0.423258
17 0.263846,0.594116 0.264572,0.595513 0.265620,0.596588 0.266668,0.596588 0.267797,0.595191 0.268200,0.593794 0.268039,0.590892 0.266991,0.589710 0.265943,0.589388 0.264814,0.589818 0.263927,0.591215 0.263685,0.592612
46 0.792412,0.634413 0.795987,0.635472 0.808798,0.636663 0.818729,0.634281 0.828958,0.628060 0.835016,0.622236 0.840577,0.614956 0.845543,0.606088 0.850210,0.593778 0.852196,0.583454 0.852593,0.571277 0.851700,0.562938 0.848125,0.550486 0.844152,0.541750 0.839187,0.534999 0.833427,0.529572 0.826177,0.525337 0.820715,0.523087 0.812771,0.521896 0.806613,0.522160 0.800953,0.523881 0.794895,0.526925 0.788440,0.531028 0.782283,0.536588 0.775828,0.544397 0.770961,0.553530 0.766989,0.563854 0.765499,0.573649 0.764705,0.583576 0.765202,0.593768 0.767188,0.603827 0.771359,0.614416 0.777317,0.623284 0.784070,0.629373 0.789632,0.633211
54 0.464741,0.267333 0.479821,0.268659 0.480316,0.270957 0.494159,0.331254 0.501576,0.369474 0.504048,0.386278 0.492182,0.385290 0.491406,0.385703 0.478091,0.383972 0.464741,0.267333
1 0.857519,0.491584 0.857523,0.491588 0.871057,0.484808 0.881691,0.481103 0.888941,0.479171 0.899816,0.479010 0.899795,0.478955 0.901223,0.480117 0.913417,0.479756 0.925069,0.476503 0.927846,0.473253 0.927982,0.469551 0.928117,0.467214 0.933198,0.473444 0.935501,0.480758 0.936721,0.488162 0.936450,0.499900 0.933469,0.512631 0.929404,0.522126 0.924052,0.543525 0.923646,0.549665 0.924323,0.552464 0.928117,0.555804 0.929743,0.559055 0.930014,0.563660 0.929133,0.567994 0.923036,0.574043 0.918836,0.579384 0.909149,0.585523 0.900410,0.589948 0.890722,0.592837 0.878190,0.594643 0.880967,0.583086 0.882661,0.564034 0.882119,0.550581 0.879612,0.533320 0.875277,0.518512 0.867893,0.505962 0.857663,0.492780 0.857519,0.491584
14 0.602615,0.278171 0.605599,0.275425 0.606522,0.272963 0.605810,0.272330 0.608579,0.273420 0.645348,0.294484 0.671796,0.312109 0.700098,0.333089 0.723159,0.350392 0.736706,0.362106 0.742592,0.367694 0.745091,0.372960 0.744913,0.374599 0.741760,0.373339 0.736806,0.369473 0.733052,0.366452 0.722750,0.357362 0.707050,0.345052 0.655259,0.308295 0.628617,0.291711 0.611922,0.282526 0.602615,0.278171
17 0.251349,0.613889 0.251107,0.615394 0.251591,0.616898 0.252639,0.617866 0.253687,0.618188 0.254735,0.617866 0.255784,0.616898 0.256670,0.615501 0.257074,0.614104 0.256912,0.612707 0.255945,0.611310 0.254897,0.610880 0.253848,0.610880 0.251672,0.612492
71 0.878307,0.437941 0.879636,0.433753 0.882536,0.431337 0.889424,0.430210 0.902596,0.429888 0.903320,0.429688 0.909812,0.430140 0.915612,0.432717 0.918249,0.435646 0.919441,0.437536 0.923512,0.449383 0.927749,0.465659 0.928097,0.467564 0.927982,0.469551 0.927846,0.473253 0.925069,0.476503 0.913417,0.479756 0.901223,0.480117 0.899795,0.478955 0.895829,0.468863 0.878790,0.441645 0.878307,0.437941
62 0.928313,0.521173 0.912611,0.531086 0.907984,0.538355 0.906000,0.546285 0.906827,0.553995 0.909471,0.558401 0.913273,0.558842 0.919388,0.556639 0.923520,0.552233 0.924181,0.538135 0.927486,0.528442
21 0.675647,0.386618 0.685439,0.385699 0.694818,0.383493 0.698542,0.381287 0.699921,0.376508 0.699783,0.367868 0.698266,0.365478 0.685025,0.359963 0.673440,0.359228 0.670957,0.363640 0.668475,0.370809 0.667647,0.375037 0.668337,0.386067
11 0.713286,0.402441 0.719141,0.403091 0.730019,0.401773 0.735952,0.400455 0.740896,0.397819 0.741638,0.396501 0.742132,0.392548 0.739907,0.387605 0.735952,0.382992 0.726063,0.374426 0.733183,0.366737 0.736806,0.369473 0.741760,0.373339 0.746594,0.375271 0.753240,0.376238 0.763995,0.382358 0.794204,0.391699 0.833718,0.399448 0.874803,0.412977 0.898487,0.425539 0.902596,0.429888 0.889424,0.430210 0.882536,0.431337 0.879636,0.433753 0.878307,0.437941 0.878790,0.441645 0.895829,0.468863 0.899816,0.479010 0.888941,0.479171 0.881691,0.481103 0.871057,0.484808 0.857523,0.491588 0.848581,0.484179 0.840968,0.480153 0.825743,0.476775 0.811605,0.476614 0.799038,0.479352 0.789975,0.483056 0.780066,0.489659 0.768586,0.498517 0.755898,0.514000 0.745869,0.531394 0.738498,0.555069 0.734994,0.572463 0.734269,0.586797 0.717593,0.586314 0.716675,0.585801 0.720605,0.556996 0.723324,0.512845 0.725302,0.462433 0.721841,0.431791 0.718133,0.415975 0.713286,0.402441
66 0.313920,0.325896 0.331511,0.291242 0.358372,0.283915 0.378795,0.280484 0.397844,0.278311 0.431739,0.276132 0.450357,0.275329 0.460569,0.274872 0.462027,0.297403 0.471724,0.384686 0.319927,0.377947 0.313920,0.325896
17 0.801898,0.592200 0.801576,0.594994 0.802624,0.596283 0.804881,0.596713 0.805930,0.596068 0.806575,0.593274 0.806252,0.591877 0.805204,0.590588 0.804075,0.589943 0.803027,0.589943 0.802059,0.591340
17 0.242722,0.601961 0.243206,0.603465 0.244254,0.604433 0.246431,0.604863 0.247559,0.604433 0.248608,0.603251 0.249333,0.600457 0.248850,0.599059 0.247721,0.598092 0.245624,0.597770 0.244576,0.597877 0.242722,0.600779
9 0.079864,0.403542 0.080710,0.391462 0.083852,0.380189 0.089048,0.378739 0.148379,0.366952 0.170976,0.358578 0.212061,0.330050 0.223178,0.321675 0.229946,0.317816 0.245655,0.316527 0.269339,0.324902 0.251697,0.338914 0.244447,0.346322 0.242030,0.350993 0.241788,0.354053 0.242151,0.356952 0.243480,0.360012 0.247830,0.365327 0.256168,0.373863 0.261243,0.377889 0.263539,0.379017 0.264747,0.379500 0.272844,0.380305 0.283059,0.380532 0.273153,0.402125 0.273153,0.411680 0.275872,0.423212 0.296638,0.469380 0.335697,0.541538 0.352260,0.568556 0.360418,0.580088 0.370059,0.585031 0.382409,0.587880 0.381598,0.588488 0.336163,0.589132 0.332658,0.565289 0.327825,0.550472 0.321662,0.536621 0.312841,0.521482 0.301361,0.509725 0.292298,0.502619 0.282873,0.497144 0.271756,0.491507 0.264264,0.489091 0.256410,0.487963 0.246860,0.487958 0.237073,0.488602 0.228614,0.491018 0.217255,0.496817 0.206259,0.504386 0.200338,0.510023 0.198163,0.513405 0.178708,0.507607 0.144027,0.494392 0.130252,0.490527 0.125298,0.487950 0.118410,0.478287 0.123727,0.472167 0.125781,0.466691 0.125298,0.461698 0.122397,0.454773 0.110918,0.432364 0.101494,0.418198 0.095936,0.411433 0.089169,0.406118 0.084214,0.404025 0.079864,0.403542
50 0.700581,0.355020 0.704208,0.356983 0.725876,0.374406 0.726063,0.374426 0.735952,0.382992 0.739907,0.387605 0.742132,0.392548 0.741638,0.396501 0.740896,0.397819 0.735952,0.400455 0.730019,0.401773 0.719141,0.403091 0.713286,0.402441 0.712941,0.401478 0.711171,0.394824 0.710819,0.392874 0.709596,0.388903 0.700581,0.355020
56 0.184769,0.539464 0.186872,0.531405 0.190553,0.522646 0.196730,0.515113 0.197977,0.513350 0.198163,0.513405 0.200338,0.510023 0.206259,0.504386 0.217255,0.496817 0.228614,0.491018 0.237073,0.488602 0.246860,0.487958 0.256410,0.487963 0.264264,0.489091 0.271756,0.491507 0.282873,0.497144 0.292298,0.502619 0.301361,0.509725 0.312841,0.521482 0.321662,0.536621 0.327825,0.550472 0.332658,0.565289 0.336163,0.589132 0.335638,0.590065 0.333066,0.596180 0.324963,0.597950 0.325286,0.579641 0.320090,0.554165 0.310423,0.536126 0.300152,0.525175 0.288793,0.517444 0.278038,0.512290 0.263538,0.508747 0.250004,0.508264 0.235383,0.514223 0.220882,0.525175 0.212406,0.536053 0.206384,0.535260 0.198480,0.538658 0.189046,0.540188 0.186241,0.539508 0.184769,0.539464
6 0.731455,0.355231 0.738101,0.355231 0.762752,0.361029 0.784745,0.368115 0.828246,0.380857 0.851689,0.391165 0.898574,0.415001 0.914404,0.428046 0.918512,0.435938 0.915612,0.432717 0.909812,0.430140 0.903320,0.429688 0.901367,0.428385 0.898788,0.425858 0.898487,0.425539 0.874803,0.412977 0.833718,0.399448 0.794204,0.391699 0.763995,0.382358 0.753240,0.376238 0.754777,0.375202 0.760698,0.376168 0.766015,0.375041 0.766981,0.372464 0.766619,0.370853 0.764081,0.368115 0.762148,0.366505 0.749823,0.361029 0.737618,0.358452 0.731455,0.355231
17 0.803591,0.567590 0.803591,0.568987 0.804317,0.570385 0.805365,0.570385 0.807542,0.568343 0.808107,0.566946 0.808187,0.565549 0.807058,0.564474 0.806010,0.564474 0.804962,0.564904 0.803995,0.566301
58 0.734271,0.586749 0.734994,0.572463 0.738498,0.555069 0.745869,0.531394 0.755898,0.514000 0.768586,0.498517 0.780066,0.489659 0.789975,0.483056 0.799038,0.479352 0.811605,0.476614 0.825743,0.476775 0.840968,0.480153 0.848581,0.484179 0.857519,0.491584 0.857663,0.492780 0.867893,0.505962 0.875277,0.518512 0.879612,0.533320 0.882119,0.550581 0.882661,0.564034 0.880967,0.583086 0.878320,0.594099 0.876077,0.594764 0.868930,0.588792 0.868846,0.585751 0.869985,0.563934 0.867913,0.545821 0.863991,0.532469 0.857553,0.516962 0.847815,0.503154 0.839941,0.496664 0.829581,0.491969 0.809275,0.488517 0.793320,0.491002 0.776847,0.501220 0.763379,0.514200 0.751776,0.532565 0.747114,0.544039 0.741623,0.558952 0.739551,0.577455 0.739915,0.589892 0.734271,0.586749
41 0.702018,0.361885 0.705696,0.376242 0.710819,0.392874 0.712526,0.402328 0.690984,0.403028 0.674433,0.401628 0.664712,0.399527 0.664055,0.393224 0.664712,0.375191 0.665500,0.369064 0.669966,0.360660 0.664843,0.333523 0.697552,0.358209
12 0.225495,0.320131 0.237082,0.311306 0.276257,0.289796 0.287430,0.284648 0.286189,0.281707 0.285085,0.277294 0.301362,0.270308 0.317363,0.265528 0.329237,0.260726 0.352823,0.256560 0.411435,0.249842 0.468412,0.249372 0.508055,0.250599 0.527521,0.251924 0.559846,0.255434 0.579596,0.261021 0.602473,0.269365 0.606522,0.272963 0.605599,0.275425 0.602615,0.278171 0.611922,0.282526 0.628617,0.291711 0.655259,0.308295 0.707050,0.345052 0.722750,0.357362 0.733052,0.366452 0.725876,0.374406 0.704208,0.356983 0.700581,0.355020 0.671657,0.330932 0.644464,0.312810 0.611338,0.293370 0.589583,0.284145 0.566098,0.277555 0.540141,0.272942 0.513442,0.269977 0.479821,0.268659 0.464741,0.267333 0.448178,0.267651 0.402444,0.269628 0.354238,0.276877 0.335697,0.282149 0.327786,0.286762 0.315597,0.293425 0.299044,0.303273 0.288032,0.310284 0.272758,0.322688 0.268938,0.324760 0.245655,0.316527 0.229946,0.317816 0.225582,0.320304 0.225495,0.320131
0 0.074623,0.512141 0.075283,0.501805 0.078569,0.485162 0.080803,0.466592 0.085272,0.469745 0.094079,0.473424 0.109720,0.475176 0.118410,0.478287 0.125298,0.487950 0.130252,0.490527 0.144027,0.494392 0.178708,0.507607 0.197977,0.513350 0.196730,0.515113 0.190553,0.522646 0.186872,0.531405 0.184769,0.539464 0.180169,0.540690 0.176357,0.542793 0.173334,0.546647 0.172151,0.549800 0.172151,0.560136 0.173334,0.581860 0.175175,0.602363 0.160717,0.600611 0.129171,0.594480 0.112083,0.588173 0.099071,0.581165 0.091973,0.573282 0.086189,0.562595 0.081063,0.549982 0.076726,0.534040 0.075017,0.523703 0.074623,0.512141
7 0.739551,0.577455 0.741623,0.558952 0.747114,0.544039 0.751776,0.532565 0.763379,0.514200 0.776847,0.501220 0.793320,0.491002 0.809275,0.488517 0.829581,0.491969 0.839941,0.496664 0.847815,0.503154 0.857553,0.516962 0.863991,0.532469 0.867913,0.545821 0.869985,0.563934 0.868846,0.585751 0.865116,0.602045 0.854860,0.621248 0.846053,0.635608 0.834346,0.648036 0.824919,0.653559 0.813730,0.656597 0.789383,0.655630 0.774464,0.654388 0.763793,0.645688 0.753226,0.630913 0.746285,0.619294 0.740276,0.602172 0.739551,0.577455
17 0.795851,0.579519 0.795287,0.580916 0.795448,0.582420 0.796577,0.583603 0.797625,0.583388 0.799721,0.581776 0.800124,0.580379 0.799318,0.577477 0.798189,0.577692 0.797141,0.578552
52 0.335463,0.591659 0.337611,0.589457 0.352982,0.589236 0.617396,0.586292 0.713787,0.586000 0.717149,0.586065 0.717593,0.586314 0.733474,0.586774 0.733781,0.591891 0.732294,0.597839 0.708328,0.598279 0.699238,0.594094 0.692462,0.592772 0.684859,0.596517 0.670811,0.597618 0.507516,0.603323 0.335463,0.606639 0.335463,0.591659
13 0.078315,0.403422 0.079235,0.390283 0.082653,0.378020 0.086596,0.373290 0.095797,0.366282 0.111044,0.360326 0.129840,0.354370 0.161649,0.349289 0.170193,0.344909 0.177422,0.344033 0.170719,0.346486 0.165330,0.350691 0.164409,0.352618 0.164409,0.354545 0.165855,0.356121 0.170248,0.358847 0.148379,0.366952 0.089048,0.378739 0.083852,0.380189 0.080710,0.391462 0.079933,0.402560 0.078315,0.403422
17 0.813428,0.589728 0.814476,0.591125 0.815524,0.591877 0.816573,0.591985 0.817701,0.591447 0.818346,0.589943 0.818427,0.588546 0.817863,0.587041 0.816734,0.585537 0.815686,0.585429 0.813589,0.586182 0.813186,0.587686 0.813347,0.589083
29 0.734980,0.445953 0.746979,0.445770 0.749324,0.442828 0.749875,0.441358 0.749737,0.438416 0.748358,0.435475 0.747255,0.434372 0.737738,0.434005 0.733325,0.434740 0.731118,0.436578 0.730428,0.439703 0.730842,0.442828 0.731669,0.444299 0.733876,0.445770
19 0.802519,0.584247 0.804534,0.586504 0.807759,0.587041 0.809856,0.586504 0.811952,0.585107 0.813403,0.580808 0.813484,0.578014 0.812839,0.575113 0.811871,0.573716 0.809372,0.572426 0.806147,0.571996 0.804051,0.572641 0.802196,0.575328 0.801712,0.576725 0.801551,0.581238 0.801954,0.582743
16 0.318535,0.256838 0.319881,0.259786 0.319978,0.265170 0.323632,0.264272 0.329018,0.262221 0.320458,0.254787 0.313342,0.245045 0.272083,0.185678 0.267178,0.178115 0.266120,0.176961 0.265062,0.177346 0.264966,0.178756 0.298146,0.225927 0.304397,0.235926 0.316708,0.253615
5 0.480316,0.270957 0.494159,0.331254 0.501576,0.369474 0.504048,0.386278 0.492182,0.385290 0.490946,0.385949 0.497126,0.420216 0.500587,0.452505 0.502070,0.508883 0.502317,0.586642 0.716649,0.585991 0.720605,0.556996 0.723324,0.512845 0.725302,0.462433 0.721841,0.431791 0.718133,0.415975 0.712941,0.401478 0.700581,0.355020 0.671657,0.330932 0.644464,0.312810 0.611338,0.293370 0.589583,0.284145 0.566098,0.277555 0.540141,0.272942 0.513442,0.269977 0.479821,0.268659
43 0.172151,0.549800 0.173334,0.546647 0.176357,0.542793 0.180169,0.540690 0.184769,0.539464 0.186241,0.539508 0.189046,0.540188 0.198480,0.538658 0.206384,0.535260 0.212406,0.536053 0.211094,0.537737 0.200702,0.552876 0.196352,0.568498 0.193693,0.591388 0.193519,0.595809 0.191850,0.598132 0.185476,0.605948 0.181524,0.605948 0.176679,0.603229 0.175133,0.601893 0.173334,0.581860 0.172151,0.560136 0.172151,0.549800
28 0.270639,0.642387 0.268234,0.645079 0.267946,0.646617 0.268619,0.648155 0.269869,0.648924 0.271023,0.649052 0.273235,0.647386 0.273524,0.644566 0.272466,0.643156 0.271408,0.642771
69 0.485711,0.276461 0.486054,0.275089 0.487084,0.273945 0.488114,0.274078 0.505705,0.274993 0.537111,0.277624 0.558134,0.281970 0.583277,0.288381 0.603013,0.296501 0.626611,0.308967 0.651839,0.325220 0.665067,0.334708 0.669966,0.360660 0.665500,0.369064 0.664712,0.375191 0.664055,0.393224 0.664232,0.394919 0.654756,0.394986 0.589712,0.391792 0.529989,0.388590 0.509223,0.386532 0.497553,0.327159 0.486226,0.279778 0.485711,0.276461
17 0.263846,0.609698 0.264008,0.611310 0.264814,0.612707 0.266991,0.613030 0.268039,0.612277 0.268442,0.610880 0.268523,0.608086 0.267878,0.606582 0.266830,0.605830 0.265782,0.605722 0.264653,0.606152 0.263927,0.607549 0.263766,0.608946
73 0.077515,0.432962 0.078023,0.405881 0.078861,0.403131 0.079933,0.402560 0.079864,0.403542 0.084214,0.404025 0.089169,0.406118 0.095936,0.411433 0.101494,0.418198 0.110918,0.432364 0.122397,0.454773 0.125298,0.461698 0.125781,0.466691 0.123727,0.472167 0.118410,0.478287 0.109720,0.475176 0.094079,0.473424 0.085272,0.469745 0.080803,0.466592 0.080393,0.463879 0.078192,0.451015 0.077515,0.432962
17 0.250785,0.588958 0.251833,0.590247 0.254010,0.590462 0.256187,0.589173 0.256348,0.587776 0.255945,0.586379 0.255058,0.584982 0.252962,0.584337 0.251833,0.584552 0.250785,0.585304 0.250543,0.586701 0.250704,0.588098
28 0.822936,0.537515 0.823705,0.534182 0.823224,0.532644 0.822166,0.531875 0.820051,0.531875 0.819474,0.533285 0.821301,0.537515 0.822359,0.537643
19 0.252397,0.604325 0.253203,0.605722 0.255380,0.607657 0.258606,0.608086 0.260702,0.607442 0.261750,0.606582 0.263363,0.603680 0.264330,0.599489 0.264088,0.598092 0.262798,0.595298 0.260621,0.593471 0.258444,0.592612 0.255300,0.592827 0.254252,0.593471 0.252155,0.595943 0.251430,0.598845 0.251430,0.601746
24 0.478140,0.386265 0.490278,0.386265 0.491243,0.391412 0.283255,0.381485 0.286013,0.376338 0.293599,0.377073
Мелкие 0.729113,0.356884 0.733644,0.356408 0.733718,0.356413 0.737618,0.358452 0.749823,0.361029 0.762148,0.366505 0.764081,0.368115 0.766619,0.370853 0.766981,0.372464 0.766015,0.375041 0.760698,0.376168 0.754777,0.375202 0.753124,0.375150 0.747060,0.374339 0.745558,0.371562 0.742592,0.367694 0.736706,0.362106 0.729229,0.357660
