9 0.659772,0.325032 0.667628,0.325032 0.691200,0.379138 0.701675,0.397172 0.723280,0.428294 0.740084,0.446909 0.745103,0.456798 0.748813,0.471632 0.746195,0.467851 0.741394,0.465524 0.728552,0.465704 0.702800,0.467000 0.709532,0.437601 0.709532,0.432948 0.685090,0.379720 0.678107,0.366340 0.667413,0.341908
8 0.252338,0.474827 0.253865,0.467264 0.257794,0.457957 0.281363,0.432942 0.292711,0.416072 0.303622,0.393094 0.315407,0.361390 0.325663,0.336667 0.331774,0.337248 0.320862,0.364008 0.313879,0.386113 0.309176,0.392181 0.301003,0.410255 0.291217,0.431618 0.288037,0.440545 0.289813,0.452801 0.294238,0.472791 0.260412,0.472500 0.255611,0.473081 0.252338,0.474827
13 0.287454,0.440078 0.290634,0.431152 0.300420,0.409789 0.308593,0.391715 0.310115,0.389751 0.310452,0.390174 0.314837,0.390517 0.394298,0.389465 0.468848,0.387599 0.506561,0.387248 0.600142,0.384680 0.673113,0.384446 0.686519,0.383634 0.708949,0.432481 0.708949,0.437135 0.702402,0.465058 0.695916,0.495281 0.689514,0.526286 0.684339,0.546275 0.683901,0.550390 0.684339,0.555534 0.690128,0.579147 0.678726,0.602642 0.668289,0.615267 0.661536,0.622068 0.656624,0.625341 0.652590,0.627211 0.636189,0.628731 0.587250,0.631781 0.525680,0.634006 0.466129,0.635177 0.389124,0.633539 0.355883,0.632253 0.342289,0.629674 0.335185,0.626051 0.329572,0.620323 0.323082,0.612725 0.315364,0.601152 0.307032,0.585469 0.309575,0.579741 0.312294,0.567584 0.314048,0.557180 0.313346,0.552484 0.309750,0.537287 0.302296,0.508414 0.295104,0.476825 0.293631,0.472324 0.293655,0.472324 0.289230,0.452335 0.287454,0.440078
0 0.248428,0.642873 0.248746,0.628465 0.250970,0.614066 0.251605,0.590139 0.249699,0.577011 0.250334,0.571294 0.252400,0.576799 0.258595,0.579552 0.265427,0.581458 0.282426,0.584210 0.305144,0.585693 0.307617,0.585938 0.315947,0.601618 0.323665,0.613191 0.330155,0.620789 0.335768,0.626517 0.342872,0.630141 0.356466,0.632720 0.389707,0.634005 0.466712,0.635643 0.526264,0.634472 0.587833,0.632248 0.636772,0.629197 0.653173,0.627678 0.657207,0.625807 0.662119,0.622534 0.668872,0.615734 0.679309,0.603109 0.690711,0.579613 0.718523,0.576200 0.731074,0.574082 0.742036,0.570482 0.746166,0.567730 0.750297,0.563495 0.750456,0.570271 0.748390,0.582764 0.749026,0.599280 0.751727,0.628289 0.751727,0.646711 0.750615,0.669579 0.746325,0.696943 0.743465,0.708589 0.741718,0.718541 0.735204,0.731034 0.724401,0.743103 0.710421,0.751573 0.695328,0.756871 0.649574,0.763012 0.600801,0.767459 0.504208,0.770406 0.391410,0.766595 0.296089,0.760445 0.278613,0.751340 0.267492,0.740541 0.259390,0.728472 0.257642,0.716402 0.257483,0.705366 0.249858,0.671063 0.248428,0.642873
12 0.325791,0.335997 0.335534,0.315147 0.348295,0.291372 0.360713,0.275826 0.364965,0.271763 0.370868,0.267448 0.376961,0.265418 0.391623,0.262119 0.417519,0.257297 0.449889,0.254505 0.481878,0.252475 0.521674,0.251714 0.572323,0.253744 0.622021,0.261606 0.629637,0.265667 0.638396,0.274296 0.649440,0.290538 0.662959,0.314901 0.667216,0.325032 0.660058,0.325032 0.657227,0.320312 0.650391,0.304688 0.640847,0.286529 0.630487,0.285066 0.609355,0.280576 0.586783,0.278015 0.555154,0.276457 0.483388,0.276177 0.439409,0.278458 0.399409,0.281662 0.370319,0.286234 0.359479,0.288612 0.353441,0.290623 0.332721,0.335814 0.331392,0.337212 0.325791,0.336679 0.325791,0.335997
39 0.479405,0.471355 0.480429,0.476130 0.482988,0.482269 0.485888,0.486589 0.489129,0.489545 0.493223,0.491819 0.498341,0.492729 0.502777,0.492729 0.506871,0.490000 0.511307,0.485907 0.515060,0.479996 0.517106,0.473401 0.517277,0.464533 0.515741,0.457485 0.513182,0.451800 0.510453,0.448162 0.506700,0.444752 0.503458,0.442933 0.499535,0.442251 0.493223,0.442478 0.484863,0.448162 0.481622,0.452937 0.479234,0.461577 0.478893,0.467038
15 0.314301,0.390896 0.314431,0.384367 0.320862,0.364008 0.331774,0.337248 0.332721,0.335814 0.353441,0.290623 0.359479,0.288612 0.370319,0.286234 0.399409,0.281662 0.439409,0.278458 0.483388,0.276177 0.555154,0.276457 0.586783,0.278015 0.609355,0.280576 0.630487,0.285066 0.640847,0.286529 0.650391,0.304688 0.657227,0.320312 0.659772,0.325032 0.667413,0.341908 0.672184,0.352808 0.681520,0.379336 0.681976,0.384411 0.673696,0.384913 0.600725,0.385146 0.507144,0.387715 0.469431,0.388065 0.394881,0.389932 0.315420,0.390984 0.314301,0.390896
73 0.683901,0.550390 0.684339,0.546275 0.689514,0.526286 0.695916,0.495281 0.702800,0.467000 0.728552,0.465704 0.741394,0.465524 0.746120,0.467815 0.748521,0.472248 0.749229,0.477552 0.751628,0.493295 0.752735,0.505348 0.752920,0.523797 0.749982,0.563817 0.746166,0.567730 0.742036,0.570482 0.731074,0.574082 0.718523,0.576200 0.690711,0.579613 0.690128,0.579147 0.684339,0.555534 0.683901,0.550390
59 0.404690,0.506641 0.404456,0.549257 0.405083,0.560523 0.406323,0.566365 0.408424,0.569165 0.410991,0.571031 0.420560,0.571654 0.577630,0.568862 0.590466,0.567618 0.593267,0.565129 0.595134,0.560152 0.595600,0.503228
72 0.246619,0.520949 0.246842,0.504868 0.249002,0.488885 0.251683,0.476973 0.252524,0.474727 0.255611,0.473081 0.260412,0.472500 0.293782,0.472787 0.295104,0.476825 0.302296,0.508414 0.309750,0.537287 0.313346,0.552484 0.314048,0.557180 0.312294,0.567584 0.309575,0.579741 0.307032,0.585469 0.305144,0.585693 0.282426,0.584210 0.265427,0.581458 0.258595,0.579552 0.252400,0.576799 0.250334,0.571294 0.246619,0.520949
16 0.495056,0.235684 0.495056,0.248631 0.491779,0.262064 0.492022,0.263521 0.493114,0.264653 0.494207,0.265139 0.496393,0.265139 0.499671,0.263359 0.500279,0.261902 0.500157,0.258665 0.497729,0.248955 0.497850,0.230991 0.497243,0.156521 0.497243,0.132881 0.497000,0.131425 0.495907,0.131101 0.495057,0.132720 0.494936,0.134176 0.495300,0.147447
