4 0.518337,0.173217 0.502939,0.224583 0.490962,0.271098 0.481551,0.315616 0.496950,0.316472 0.491176,0.331311 0.486043,0.349906 0.481765,0.377301 0.478557,0.408406 0.477916,0.474371 0.475991,0.502052 0.477060,0.525452 0.478557,0.538864 0.258697,0.510607 0.253564,0.481499 0.252709,0.464947 0.247576,0.424710 0.245437,0.378480 0.245861,0.362215 0.247786,0.343095 0.249283,0.337388 0.257838,0.316271 0.266179,0.284541 0.269815,0.273126 0.270741,0.262820 0.286925,0.250582 0.307670,0.234030 0.339323,0.212627 0.375681,0.193793 0.387872,0.188656 0.428935,0.178073 0.459519,0.174648 0.505715,0.173221
17 0.159368,0.483240 0.160346,0.484219 0.161324,0.484328 0.164259,0.483675 0.164911,0.482370 0.165237,0.479977 0.164992,0.478781 0.164096,0.477693 0.163117,0.477258 0.160427,0.478237 0.159449,0.479651 0.158960,0.482153
13 0.881786,0.261015 0.889167,0.264030 0.899712,0.269457 0.914776,0.272070 0.951532,0.280512 0.965993,0.285738 0.990660,0.299612 0.997891,0.306647 0.999699,0.309662 0.999971,0.337604 0.977851,0.331449 0.927067,0.320112 0.908709,0.315053 0.897444,0.308123 0.899072,0.307652 0.905399,0.304436 0.911876,0.298004 0.912931,0.290969 0.911575,0.284738 0.907357,0.279311 0.896360,0.269663 0.885514,0.264328 0.881389,0.262885 0.881786,0.261015
40 0.268959,0.274952 0.263364,0.282417 0.263248,0.286305 0.263947,0.291127 0.258236,0.316010 0.271290,0.316477 0.273039,0.318499 0.283645,0.320365 0.287375,0.320054 0.291571,0.318654 0.293903,0.316010 0.295651,0.312589 0.303693,0.267020 0.309405,0.240736 0.298099,0.248824 0.270474,0.270286
53 0.481551,0.315616 0.490962,0.271098 0.502939,0.224583 0.518337,0.173217 0.518253,0.173029 0.521340,0.173323 0.535601,0.174451 0.532237,0.192339 0.512988,0.314821 0.511064,0.317123 0.496950,0.316472 0.481551,0.315616
15 0.752776,0.204234 0.760611,0.194062 0.763364,0.188410 0.763364,0.184172 0.762145,0.180647 0.765257,0.182543 0.804419,0.206072 0.821824,0.217379 0.852284,0.239380 0.874040,0.257104 0.881737,0.261244 0.881389,0.262885 0.885514,0.264328 0.896360,0.269663 0.907357,0.279311 0.911575,0.284738 0.912931,0.290969 0.911876,0.298004 0.905399,0.304436 0.899072,0.307652 0.897444,0.308123 0.892047,0.304802 0.866905,0.285499 0.841962,0.265379 0.831313,0.256844 0.830783,0.256709 0.776506,0.219129 0.752776,0.204234
51 0.241024,0.512709 0.242196,0.510096 0.546871,0.548818 0.652210,0.565619 0.663866,0.567670 0.663968,0.567132 0.664023,0.567139 0.661951,0.584187 0.243095,0.522845 0.241024,0.512709
7 0.109934,0.464679 0.111367,0.450503 0.117216,0.433141 0.125573,0.419761 0.139659,0.407496 0.153593,0.399532 0.165845,0.394627 0.174596,0.393426 0.175755,0.393875 0.186876,0.401295 0.199709,0.411568 0.214893,0.429832 0.223662,0.444956 0.231789,0.460937 0.238205,0.482340 0.239146,0.489143 0.238951,0.498440 0.236092,0.524870 0.230783,0.540401 0.223635,0.551027 0.209954,0.563561 0.196068,0.569010 0.185023,0.569337 0.176633,0.568625 0.169185,0.567536 0.159923,0.564106 0.148322,0.557309 0.138481,0.547757 0.132559,0.540493 0.125054,0.529367 0.122350,0.523631 0.117336,0.511047 0.112202,0.495119 0.110054,0.481261 0.109934,0.464679
17 0.170291,0.476605 0.170454,0.477802 0.171025,0.478998 0.172003,0.479651 0.173796,0.480086 0.175590,0.479868 0.176486,0.479216 0.176976,0.478019 0.177057,0.476823 0.176486,0.474430 0.175590,0.473668 0.173796,0.472907 0.172818,0.472907 0.171758,0.473668 0.170454,0.476061
70 0.064691,0.370152 0.064799,0.366676 0.065667,0.363345 0.065321,0.363279 0.066990,0.356066 0.069932,0.336333 0.073705,0.327977 0.074660,0.326567 0.078563,0.326104 0.092464,0.330099 0.096100,0.332668 0.097597,0.336092 0.097169,0.342370 0.084123,0.368053 0.080102,0.379350 0.077935,0.380282 0.070989,0.378399 0.067947,0.376669 0.065450,0.373917 0.064691,0.370152
17 0.741867,0.568880 0.742111,0.570403 0.742764,0.571708 0.743660,0.572796 0.745454,0.573340 0.747247,0.573231 0.748144,0.572578 0.749122,0.570186 0.749122,0.568989 0.748633,0.567793 0.746595,0.566161 0.744801,0.566161 0.742111,0.568119
72 0.937261,0.449573 0.937889,0.447150 0.939007,0.444540 0.942918,0.438482 0.952697,0.424596 0.967382,0.405293 0.978767,0.392619 0.985891,0.385815 0.998005,0.378310 0.999550,0.377851 0.999679,0.457894 0.995214,0.460873 0.985137,0.463899 0.972667,0.465747 0.952514,0.467260 0.946719,0.466924 0.946201,0.467461 0.941591,0.461316 0.938238,0.455724 0.937261,0.452741 0.937261,0.449573
35 0.672993,0.381069 0.715304,0.382314 0.719966,0.384024 0.720899,0.386513 0.721016,0.389001 0.719617,0.392734 0.718568,0.393822 0.715770,0.394444 0.670779,0.390712 0.668914,0.389934 0.667282,0.386202 0.667282,0.384957 0.668214,0.382469 0.669147,0.381380 0.671944,0.380914
6 0.074974,0.325642 0.082942,0.315215 0.091216,0.308468 0.105926,0.299881 0.130442,0.287614 0.150668,0.278815 0.175337,0.269410 0.218700,0.256939 0.244289,0.250805 0.260378,0.248352 0.265434,0.248556 0.260225,0.250396 0.252561,0.251424 0.246891,0.254900 0.243523,0.256537 0.235862,0.259400 0.229886,0.262466 0.220999,0.267987 0.212878,0.275551 0.212418,0.278209 0.213797,0.280254 0.222475,0.281928 0.220454,0.282841 0.214893,0.286836 0.205483,0.289975 0.186235,0.294541 0.131484,0.305100 0.090206,0.317942 0.079940,0.321937 0.075383,0.325629 0.074974,0.325642
17 0.176323,0.499338 0.175427,0.499773 0.174693,0.500970 0.174041,0.503471 0.175590,0.505756 0.177465,0.506082 0.178443,0.505864 0.179340,0.505212 0.179910,0.502710 0.179829,0.501514 0.179176,0.500317 0.177383,0.499121
68 0.295846,0.311482 0.303693,0.267020 0.309405,0.240736 0.310519,0.239385 0.344211,0.217776 0.361150,0.208587 0.381439,0.198155 0.398192,0.192443 0.413456,0.188220 0.445100,0.183005 0.471718,0.180769 0.490705,0.179776 0.510064,0.180272 0.491822,0.246339 0.476186,0.315386 0.295846,0.311482
48 0.975147,0.573530 0.979565,0.572268 0.983082,0.570641 0.987508,0.567426 0.990890,0.564079 0.992967,0.561407 0.994678,0.556107 0.994651,0.561886 0.993965,0.565990 0.991455,0.569877 0.989521,0.572871 0.985297,0.576751 0.980249,0.578508 0.977726,0.577556 0.975970,0.575507 0.975147,0.573530
1 0.057961,0.380579 0.058396,0.372469 0.061000,0.366821 0.064148,0.363056 0.065667,0.363345 0.064799,0.366676 0.064691,0.370152 0.065450,0.373917 0.067947,0.376669 0.070989,0.378399 0.077935,0.380282 0.080267,0.379279 0.080154,0.379594 0.089137,0.380736 0.115871,0.398441 0.116376,0.398118 0.114512,0.401019 0.110822,0.405509 0.107131,0.412460 0.103767,0.420280 0.101488,0.430418 0.099860,0.440410 0.099425,0.454168 0.100077,0.465898 0.103007,0.481394 0.106046,0.492400 0.109085,0.497903 0.106914,0.499641 0.101596,0.498338 0.092262,0.492835 0.083796,0.485304 0.073486,0.473404 0.069904,0.467177 0.068167,0.461963 0.068164,0.455450 0.069466,0.452120 0.071854,0.449947 0.073048,0.447485 0.072397,0.441258 0.070226,0.431845 0.061760,0.413453 0.059155,0.398247 0.057961,0.380579
55 0.664364,0.565047 0.668202,0.544818 0.673694,0.529101 0.681065,0.513367 0.689592,0.501411 0.702166,0.487622 0.715824,0.477769 0.725797,0.472273 0.733529,0.469188 0.743573,0.466199 0.756436,0.464270 0.768866,0.464559 0.788377,0.466973 0.802107,0.472951 0.817427,0.482304 0.833397,0.497846 0.832853,0.499203 0.837891,0.505253 0.847716,0.523909 0.851872,0.537186 0.854644,0.550295 0.855147,0.564413 0.854770,0.584077 0.853762,0.588615 0.854140,0.595505 0.853510,0.600211 0.852101,0.603702 0.848085,0.597411 0.848639,0.585350 0.841813,0.574274 0.843658,0.557290 0.836419,0.554502 0.829502,0.531849 0.818247,0.511306 0.801918,0.495019 0.789078,0.485923 0.772749,0.481269 0.758482,0.479789 0.742312,0.481269 0.726459,0.485288 0.707752,0.497768 0.691899,0.517229 0.682229,0.535420 0.677632,0.554034 0.676825,0.565726 0.664364,0.565047
17 0.178606,0.488896 0.178606,0.490093 0.179340,0.492703 0.181133,0.494226 0.183089,0.493791 0.183986,0.492812 0.184231,0.491507 0.183986,0.489005 0.183171,0.487809 0.180399,0.487047
17 0.163199,0.494008 0.161406,0.496293 0.161324,0.498686 0.162139,0.499991 0.163933,0.501078 0.167112,0.500535 0.167764,0.499338 0.167764,0.496836 0.167112,0.495640 0.165318,0.493682 0.164340,0.493682
8 0.605855,0.557464 0.620138,0.557744 0.627196,0.555747 0.641098,0.547756 0.650508,0.537173 0.684941,0.486092 0.703120,0.457522 0.725363,0.418997 0.743970,0.385006 0.749103,0.371879 0.750814,0.362747 0.751028,0.357611 0.743009,0.329971 0.748759,0.330184 0.759666,0.329899 0.767579,0.327901 0.776562,0.323335 0.786400,0.315630 0.795383,0.307355 0.798377,0.303645 0.799660,0.299935 0.799660,0.296796 0.798377,0.292801 0.789822,0.281101 0.776562,0.267974 0.807360,0.259698 0.831313,0.256844 0.841962,0.265379 0.866905,0.285499 0.892047,0.304802 0.908709,0.315053 0.927067,0.320112 0.977851,0.331449 0.999800,0.337706 0.999800,0.377777 0.998005,0.378310 0.985891,0.385815 0.978767,0.392619 0.967382,0.405293 0.952697,0.424596 0.942918,0.438482 0.939007,0.444540 0.937889,0.447150 0.937261,0.449573 0.937261,0.452741 0.938238,0.455724 0.941591,0.461316 0.946201,0.467461 0.941793,0.473150 0.935001,0.478164 0.920403,0.482696 0.899736,0.486167 0.882392,0.489927 0.868373,0.493984 0.852186,0.496876 0.833397,0.497846 0.817427,0.482304 0.802107,0.472951 0.788377,0.466973 0.768866,0.464559 0.756436,0.464270 0.743573,0.466199 0.733529,0.469188 0.725797,0.472273 0.715824,0.477769 0.702166,0.487622 0.689592,0.501411 0.681065,0.513367 0.673694,0.529101 0.668202,0.544818 0.663866,0.567670 0.605855,0.557464
29 0.224430,0.349479 0.234569,0.349609 0.235447,0.349999 0.236324,0.350650 0.237689,0.354162 0.237689,0.357674 0.237299,0.358845 0.236422,0.360016 0.234667,0.361057 0.225015,0.361447 0.222383,0.360536 0.221505,0.359495 0.220725,0.357154 0.220530,0.354682 0.221310,0.352211 0.222968,0.349999
17 0.766159,0.578996 0.766241,0.581606 0.767708,0.585196 0.769664,0.585631 0.771621,0.584326 0.772518,0.581715 0.772273,0.579213 0.771621,0.578017 0.769746,0.576929 0.767056,0.577582
20 0.263248,0.286305 0.263364,0.282417 0.267249,0.277233 0.271014,0.274228 0.275723,0.271587 0.282890,0.269766 0.286712,0.269766 0.287804,0.270221 0.286166,0.271951 0.284118,0.275321 0.280433,0.283608 0.279204,0.289800 0.279272,0.293352 0.281525,0.303734 0.283709,0.319033 0.282071,0.319762 0.277020,0.318578 0.272993,0.317212 0.270604,0.314571 0.267874,0.308469 0.264667,0.293716 0.263910,0.291286 0.263947,0.291127 0.263248,0.286305
0 0.833397,0.497846 0.852186,0.496876 0.868373,0.493984 0.882392,0.489927 0.899736,0.486167 0.920403,0.482696 0.935001,0.478164 0.941793,0.473150 0.946201,0.467461 0.946719,0.466924 0.952514,0.467260 0.972667,0.465747 0.985137,0.463899 0.995214,0.460873 0.999748,0.457848 0.999622,0.550818 0.997355,0.550986 0.995591,0.555020 0.995465,0.559389 0.993072,0.569810 0.986648,0.577709 0.977579,0.585944 0.965613,0.591995 0.951506,0.598045 0.936769,0.600398 0.916489,0.602751 0.857289,0.605253 0.851746,0.604581 0.853510,0.600211 0.854140,0.595505 0.853762,0.588615 0.854770,0.584077 0.855147,0.564413 0.854644,0.550295 0.851872,0.537186 0.847716,0.523909 0.837891,0.505253 0.832853,0.499203
7 0.676522,0.570110 0.677632,0.554034 0.682229,0.535420 0.691899,0.517229 0.707752,0.497768 0.726459,0.485288 0.742312,0.481269 0.758482,0.479789 0.772749,0.481269 0.789078,0.485923 0.801918,0.495019 0.818247,0.511306 0.829502,0.531849 0.836478,0.554694 0.838063,0.576481 0.832990,0.610325 0.825698,0.627882 0.815076,0.644381 0.801918,0.656649 0.789395,0.665533 0.775761,0.669975 0.764030,0.671456 0.750555,0.671456 0.734385,0.667014 0.722178,0.661726 0.711081,0.654745 0.699984,0.644169 0.691424,0.630420 0.685241,0.618786 0.680168,0.602076 0.677790,0.588301 0.676522,0.570110
10 0.073857,0.326662 0.079846,0.321811 0.090112,0.317815 0.131389,0.304974 0.186140,0.294415 0.205389,0.289849 0.214799,0.286710 0.220360,0.282715 0.233620,0.276722 0.239608,0.272442 0.246238,0.283000 0.232550,0.295743 0.230337,0.299990 0.230148,0.303859 0.231695,0.306401 0.238325,0.310681 0.246880,0.313820 0.254579,0.314962 0.257658,0.316355 0.249189,0.337262 0.247691,0.342969 0.245767,0.362089 0.245342,0.378354 0.247481,0.424584 0.252614,0.464821 0.253470,0.481373 0.258418,0.509432 0.241747,0.508505 0.238111,0.482214 0.231695,0.460811 0.223568,0.444830 0.214799,0.429706 0.199614,0.412648 0.186691,0.401531 0.175299,0.394473 0.162400,0.388612 0.149782,0.386044 0.138447,0.386615 0.126470,0.391466 0.115776,0.398315 0.089042,0.380610 0.080060,0.379468 0.084123,0.368053 0.097169,0.342370 0.097597,0.336092 0.096100,0.332668 0.092464,0.330099 0.078563,0.326104 0.073857,0.326662
2 0.475991,0.502052 0.477916,0.474371 0.478557,0.408406 0.481765,0.377301 0.486043,0.349906 0.491176,0.331311 0.496950,0.316472 0.511064,0.317123 0.512988,0.314821 0.532237,0.192339 0.535601,0.174451 0.566333,0.176209 0.592761,0.179498 0.624628,0.184349 0.656709,0.191198 0.681732,0.199188 0.697130,0.205467 0.700552,0.207750 0.740762,0.322225 0.751028,0.357611 0.750814,0.362747 0.749103,0.371879 0.743970,0.385006 0.725363,0.418997 0.703120,0.457522 0.684941,0.486092 0.650508,0.537173 0.641098,0.547756 0.627196,0.555747 0.620138,0.557744 0.605595,0.557459 0.478542,0.538726 0.477060,0.525452 0.475991,0.502052
24 0.496836,0.316804 0.495335,0.322997 0.742745,0.330103 0.740425,0.323000
12 0.239595,0.272367 0.259456,0.256875 0.265428,0.252320 0.279092,0.240856 0.327019,0.207553 0.345652,0.196642 0.382607,0.176880 0.383229,0.174668 0.383539,0.171905 0.386541,0.167486 0.389957,0.164033 0.402926,0.158052 0.431091,0.149857 0.458622,0.144488 0.489541,0.140250 0.511989,0.139967 0.588651,0.140908 0.626347,0.144581 0.669760,0.150546 0.701526,0.157893 0.739010,0.169196 0.757011,0.176543 0.762094,0.180499 0.763364,0.184172 0.763364,0.188410 0.760611,0.194062 0.752776,0.204234 0.776506,0.219129 0.830783,0.256709 0.807275,0.259510 0.776784,0.267703 0.769327,0.259879 0.755713,0.247390 0.728295,0.224417 0.713925,0.214956 0.700471,0.207571 0.700468,0.207562 0.697046,0.205279 0.681647,0.199001 0.656624,0.191010 0.624544,0.184161 0.592677,0.179310 0.582224,0.178266 0.579579,0.177612 0.565965,0.175846 0.521340,0.173323 0.518253,0.173029 0.505631,0.173033 0.459435,0.174460 0.428851,0.177885 0.387788,0.188469 0.375597,0.193605 0.339239,0.212440 0.307586,0.233842 0.286840,0.250394 0.270657,0.262632 0.270651,0.262700 0.269667,0.263309 0.246072,0.282683 0.239595,0.272367
65 0.700468,0.207562 0.700471,0.207571 0.713925,0.214956 0.728295,0.224417 0.755713,0.247390 0.769327,0.259879 0.776667,0.268076 0.789822,0.281101 0.798377,0.292801 0.799660,0.296796 0.799660,0.299935 0.798377,0.303645 0.795383,0.307355 0.786400,0.315630 0.776562,0.323335 0.767579,0.327901 0.759666,0.329899 0.748759,0.330184 0.743009,0.329971 0.740762,0.322225 0.700552,0.207750
17 0.755317,0.593897 0.755236,0.596399 0.755480,0.597704 0.756132,0.598901 0.758823,0.599227 0.759882,0.598574 0.760779,0.597378 0.761268,0.594876 0.760779,0.592483 0.759882,0.591613 0.758007,0.591069 0.757111,0.591287 0.756132,0.592157
26 0.294288,0.317671 0.295380,0.315030 0.295311,0.311752 0.496106,0.316952 0.494946,0.322963 0.489077,0.323145
17 0.757926,0.566922 0.758252,0.568336 0.759230,0.569315 0.762165,0.570403 0.763143,0.570077 0.763958,0.568771 0.764284,0.566379 0.763795,0.563986 0.763225,0.562680 0.762328,0.561810 0.758823,0.562789
35 0.428686,0.367061 0.426938,0.369239 0.426239,0.371727 0.426355,0.372971 0.427054,0.375460 0.427987,0.376548 0.429852,0.377326 0.467617,0.379814 0.471347,0.379037 0.473212,0.377170 0.473678,0.375926 0.473678,0.372194 0.472163,0.370016 0.471230,0.369239 0.468781,0.368546 0.450716,0.368617
49 0.230148,0.303859 0.230337,0.299990 0.232550,0.295743 0.246238,0.283000 0.269667,0.263309 0.270651,0.262700 0.270657,0.262632 0.270741,0.262820 0.269966,0.271448 0.269677,0.272742 0.268959,0.274952 0.263364,0.282417 0.263248,0.286305 0.263947,0.291127 0.260501,0.306141 0.257838,0.316271 0.257658,0.316355 0.254579,0.314962 0.246880,0.313820 0.238325,0.310681 0.231695,0.306401 0.230148,0.303859
57 0.099425,0.453921 0.099860,0.440163 0.101488,0.430171 0.103767,0.420034 0.107131,0.412213 0.110822,0.405262 0.114512,0.400773 0.116376,0.397871 0.115871,0.398194 0.114292,0.397149 0.114325,0.397107 0.115776,0.398068 0.126470,0.391219 0.138447,0.386368 0.149782,0.385797 0.162400,0.388366 0.172858,0.393502 0.165845,0.394380 0.153593,0.399285 0.139659,0.407249 0.125573,0.419514 0.117216,0.432894 0.111367,0.450256 0.109934,0.464433 0.110054,0.481014 0.112202,0.494872 0.112430,0.495578 0.111045,0.495886 0.106720,0.493373 0.106046,0.492153 0.103007,0.481147 0.100077,0.465652 0.099425,0.453921
64 0.517705,0.316504 0.529354,0.241539 0.535587,0.207860 0.540484,0.182022 0.570237,0.184002 0.596131,0.187071 0.617203,0.190140 0.648663,0.196382 0.665357,0.201035 0.694665,0.211841 0.712027,0.259164 0.699562,0.322148 0.517705,0.316504
46 0.135522,0.518946 0.138388,0.523653 0.141254,0.528948 0.150915,0.539332 0.157790,0.543657 0.163743,0.546893 0.169034,0.548658 0.175428,0.549835 0.184688,0.550423 0.188215,0.549247 0.196153,0.543363 0.203208,0.534538 0.205853,0.530125 0.210263,0.518652 0.211145,0.509238 0.210042,0.491587 0.204751,0.475702 0.201444,0.468347 0.188215,0.449225 0.175207,0.438635 0.165286,0.433928 0.149853,0.433339 0.139711,0.438635 0.132432,0.445110 0.128463,0.453935 0.127140,0.459819 0.124274,0.473939 0.125376,0.484824 0.127140,0.493944 0.128904,0.502181 0.132211,0.513065
46 0.701669,0.565889 0.705196,0.555004 0.712692,0.539118 0.720850,0.530587 0.727464,0.525292 0.731653,0.522644 0.740913,0.518820 0.752157,0.516172 0.756126,0.516172 0.763622,0.515584 0.771339,0.517937 0.785449,0.524703 0.790740,0.528528 0.797575,0.535294 0.807276,0.550297 0.811686,0.565889 0.813670,0.578244 0.814621,0.588574 0.812788,0.602073 0.807276,0.616782 0.802833,0.624988 0.794048,0.633550 0.785163,0.641022 0.774866,0.646200 0.760355,0.649727 0.745764,0.648554 0.733430,0.644827 0.724598,0.638257 0.712251,0.624725 0.705592,0.614514 0.702330,0.602073 0.700566,0.586481 0.700346,0.573832
61 0.064481,0.418385 0.069655,0.425288 0.073858,0.433629 0.078600,0.446284 0.080217,0.453331 0.080325,0.456782 0.080001,0.457933 0.078277,0.458220 0.075583,0.456351 0.073858,0.452612 0.072996,0.449017 0.072888,0.443408 0.070517,0.434060 0.067930,0.426582 0.065344,0.421118
16 0.733262,0.153269 0.719405,0.163679 0.730584,0.167718 0.732447,0.167874 0.733029,0.162747 0.734310,0.156998 0.759578,0.126390 0.769126,0.115825 0.769126,0.112873 0.766565,0.113028 0.737920,0.147520
17 0.740726,0.585196 0.740563,0.587589 0.740807,0.588785 0.742193,0.591178 0.743090,0.592157 0.744068,0.592266 0.744965,0.592157 0.745861,0.591287 0.746758,0.588894 0.746839,0.587589 0.746839,0.586392 0.746106,0.583999 0.744312,0.583020 0.742519,0.583020 0.741622,0.583782
23 0.265856,0.246184 0.255144,0.248980 0.219512,0.272597 0.218813,0.280676 0.222074,0.279433 0.238376,0.264362 0.254445,0.250534 0.261315,0.248670 0.265507,0.248359 0.266439,0.250223 0.268302,0.248980 0.267836,0.246494
