52 0.280338,0.772206 0.280763,0.767426 0.284161,0.767174 0.379861,0.840658 0.431958,0.881414 0.436488,0.894245 0.434931,0.895000 0.362448,0.841161 0.282462,0.779250 0.280338,0.772206
63 0.608057,0.643396 0.617718,0.636529 0.628060,0.625016 0.671931,0.557741 0.697731,0.515932 0.731373,0.453907 0.758991,0.397086 0.768879,0.373455 0.771363,0.365830 0.775834,0.374872 0.786964,0.408437 0.794216,0.402743 0.795880,0.402045 0.796458,0.430100 0.795876,0.446306 0.785204,0.473547 0.752218,0.546012 0.710889,0.622562 0.673828,0.682956 0.657723,0.696059 0.630883,0.715138 0.642610,0.677319 0.643638,0.671533 0.643124,0.669706 0.610220,0.643515 0.608057,0.643396
7 0.232898,0.696299 0.233886,0.693287 0.235499,0.693287 0.256203,0.728352 0.265666,0.746675 0.266390,0.747761 0.267500,0.749630 0.278518,0.766572 0.278094,0.770337 0.282613,0.776360 0.305212,0.796691 0.305494,0.803719 0.303799,0.808990 0.298432,0.815516 0.294195,0.818025 0.289675,0.819280 0.285156,0.817523 0.280212,0.813257 0.276399,0.806731 0.264394,0.781882 0.257191,0.766828 0.247022,0.743486 0.237276,0.718386 0.233604,0.703326 0.232898,0.696299
41 0.327949,0.570255 0.306394,0.531574 0.302168,0.524798 0.309247,0.560475 0.316643,0.592396 0.318651,0.599156 0.318651,0.600658 0.317805,0.603662 0.316220,0.606666 0.315270,0.607417 0.312734,0.597653 0.310620,0.591645 0.302590,0.585261 0.295617,0.584134 0.291601,0.584697 0.280296,0.595588 0.267511,0.614177 0.260748,0.628260 0.258952,0.634269 0.259375,0.638963 0.266454,0.651356 0.274379,0.662434 0.276175,0.663936 0.279450,0.663373 0.296039,0.653233 0.324568,0.630701 0.340100,0.634456
12 0.198121,0.511227 0.198673,0.507421 0.199787,0.482708 0.202669,0.467804 0.209156,0.450573 0.222128,0.429033 0.254363,0.382204 0.274412,0.358778 0.291446,0.338053 0.322895,0.305316 0.334885,0.292043 0.363844,0.263272 0.397979,0.236022 0.418944,0.223098 0.442141,0.216114 0.459766,0.215066 0.467759,0.215648 0.485252,0.218563 0.511001,0.225782 0.537863,0.236040 0.578615,0.254786 0.578943,0.262587 0.554308,0.251176 0.516570,0.234987 0.461010,0.217866 0.457604,0.220194 0.444762,0.233700 0.405975,0.277957 0.367778,0.323854 0.324930,0.378018 0.292564,0.419834 0.277102,0.441024 0.276315,0.442538 0.276577,0.444051 0.290140,0.465860 0.338754,0.551582 0.349564,0.569862 0.349816,0.572128 0.342809,0.583653 0.338894,0.589633 0.329844,0.572423 0.309202,0.533271 0.302537,0.520098 0.282433,0.482698 0.271000,0.464090 0.262497,0.453723 0.257442,0.449543 0.250498,0.446050 0.243029,0.444886 0.235691,0.445119 0.230973,0.446517 0.223635,0.450360 0.216625,0.456065 0.209745,0.465389 0.204766,0.476450 0.202669,0.491004 0.200835,0.511030 0.200424,0.513603 0.198121,0.511227
67 0.200424,0.513603 0.200835,0.511030 0.202669,0.491004 0.203338,0.487414 0.206507,0.520539 0.212854,0.574923 0.211026,0.580491 0.210372,0.580088 0.206417,0.569797 0.202321,0.555491 0.200767,0.546957 0.200485,0.514077
66 0.205387,0.488527 0.208967,0.477215 0.213476,0.469203 0.219974,0.462840 0.225676,0.459069 0.228726,0.458127 0.236948,0.532124 0.249148,0.590333 0.219443,0.575957 0.208569,0.529061 0.205387,0.488527
3 0.203338,0.487414 0.205038,0.476226 0.209234,0.466652 0.216651,0.456294 0.223688,0.450495 0.226688,0.448740 0.229177,0.447626 0.238014,0.533018 0.250822,0.593476 0.254600,0.594663 0.257626,0.638857 0.266225,0.674232 0.282150,0.724323 0.324148,0.800955 0.323701,0.800788 0.318034,0.795148 0.282898,0.766529 0.265443,0.739740 0.232122,0.679484 0.220448,0.653904 0.211834,0.631143 0.205033,0.604153 0.209680,0.584591 0.212854,0.574923 0.206507,0.520539
27 0.253834,0.594531 0.254400,0.598557 0.254542,0.603337 0.270681,0.609375 0.272521,0.606104 0.275352,0.603337
60 0.665579,0.805504 0.676197,0.791384 0.687947,0.773774 0.718384,0.721924 0.722336,0.713793 0.726312,0.725207 0.729002,0.729484 0.731550,0.731497 0.734947,0.731497 0.741460,0.722188 0.781807,0.644953 0.819605,0.556610 0.821446,0.550068 0.821729,0.543779 0.815160,0.522810 0.815358,0.522402 0.831214,0.480891 0.838434,0.514351 0.846503,0.547057 0.833620,0.585548 0.826766,0.603130 0.812102,0.637909 0.760854,0.751918 0.734240,0.801982 0.718563,0.833123 0.701820,0.858588 0.697149,0.853808 0.676904,0.825882 0.665579,0.805504
33 0.568930,0.886688 0.572611,0.891720 0.576008,0.894487 0.582804,0.897758 0.589882,0.899267 0.600500,0.896500 0.607295,0.893733 0.610834,0.891720 0.614656,0.889204 0.623858,0.882915 0.628813,0.878638 0.654012,0.859518 0.654720,0.856499 0.653446,0.853731 0.642687,0.842410 0.639289,0.840649 0.635184,0.843165 0.628672,0.848448 0.618762,0.855744 0.607012,0.863543 0.583228,0.877128 0.569779,0.885430
69 0.235622,0.454356 0.241987,0.453178 0.249148,0.453649 0.253259,0.455063 0.258961,0.458834 0.267183,0.467553 0.276201,0.482636 0.296358,0.520577 0.303996,0.534015 0.309247,0.560475 0.316643,0.592396 0.318651,0.599156 0.318651,0.600658 0.317805,0.603662 0.316220,0.606666 0.315270,0.607417 0.312734,0.597653 0.310620,0.591645 0.302590,0.585261 0.295617,0.584134 0.291601,0.584697 0.280296,0.595588 0.275231,0.602952 0.261348,0.596460 0.245170,0.523169 0.237876,0.475330 0.235622,0.454356
58 0.396890,0.781678 0.397567,0.778067 0.398380,0.776382 0.401360,0.773252 0.409488,0.774937 0.419647,0.781678 0.423641,0.785925 0.420269,0.787308 0.416314,0.798602 0.415184,0.804124 0.415326,0.815921 0.417303,0.832236 0.424224,0.858088 0.432985,0.881442 0.426246,0.873699 0.423982,0.865452 0.410842,0.836083 0.405017,0.821398 0.399870,0.804788 0.397567,0.790825 0.396890,0.785289 0.396890,0.781678
9 0.190457,0.578605 0.192293,0.567059 0.194694,0.558023 0.197378,0.549992 0.198225,0.529387 0.197943,0.511567 0.200485,0.514077 0.200767,0.546957 0.202321,0.555491 0.206417,0.569797 0.210372,0.580088 0.211026,0.580491 0.209680,0.584591 0.205033,0.604153 0.211834,0.631143 0.220448,0.653904 0.232122,0.679484 0.265443,0.739740 0.281973,0.765109 0.278590,0.765625 0.265878,0.746549 0.256415,0.728227 0.235371,0.692585 0.225908,0.679534 0.222659,0.677777 0.221812,0.678279 0.221247,0.680789 0.222518,0.688068 0.226473,0.700588 0.220541,0.686030 0.209807,0.645620 0.203592,0.632820 0.198225,0.618764 0.192293,0.599688 0.190598,0.590402 0.190457,0.578605
1 0.440197,0.804448 0.446469,0.812484 0.458796,0.806225 0.470717,0.798040 0.488869,0.791299 0.495101,0.791299 0.498081,0.789374 0.504989,0.788411 0.504989,0.787502 0.508667,0.789521 0.521473,0.788141 0.542817,0.778831 0.557370,0.771245 0.575438,0.762549 0.598931,0.746747 0.622409,0.727437 0.628618,0.716748 0.657723,0.696059 0.673828,0.682956 0.710889,0.622562 0.752218,0.546012 0.785204,0.473547 0.795876,0.446306 0.796458,0.430100 0.795876,0.401825 0.798398,0.397342 0.799951,0.385274 0.793547,0.364240 0.787920,0.349413 0.798204,0.359068 0.805384,0.366998 0.814503,0.382860 0.824981,0.408721 0.833130,0.430790 0.836623,0.454237 0.835847,0.465271 0.836041,0.471478 0.845937,0.490098 0.852922,0.510787 0.857385,0.526304 0.858355,0.538717 0.856221,0.554924 0.849041,0.580440 0.805734,0.693985 0.778569,0.754673 0.750434,0.807775 0.717060,0.868831 0.697269,0.901243 0.670880,0.933311 0.664865,0.949173 0.627416,0.972619 0.598893,0.985722 0.573863,0.987446 0.556788,0.983998 0.545922,0.979170 0.536996,0.968136 0.536516,0.968307 0.536508,0.968274 0.524503,0.943175 0.515040,0.924099 0.491453,0.878670 0.473233,0.850558 0.451200,0.818431 0.447280,0.813587 0.446526,0.812787 0.440200,0.804683 0.440197,0.804448
46 0.486726,0.979335 0.492984,0.987415 0.498815,0.993783 0.504485,0.997110 0.510475,0.998821 0.513203,0.996160 0.514434,0.989886 0.513899,0.977244 0.510475,0.963651 0.504912,0.944829 0.496461,0.921816 0.486566,0.899383 0.478275,0.883889 0.467630,0.865429 0.458377,0.852312 0.444041,0.837093 0.440618,0.834241 0.437890,0.832815 0.435643,0.832815 0.431257,0.836237 0.429653,0.841560 0.429599,0.848024 0.430508,0.859146 0.435376,0.877492 0.446983,0.909637 0.455167,0.928363 0.469877,0.954905 0.479024,0.968118
6 0.365631,0.585218 0.375405,0.579361 0.384384,0.572898 0.394499,0.562395 0.402909,0.552498 0.440754,0.506016 0.497127,0.430455 0.542248,0.364985 0.568843,0.323376 0.595325,0.276277 0.598052,0.268804 0.597712,0.265775 0.595779,0.262745 0.682612,0.266384 0.699092,0.269615 0.717959,0.274867 0.736712,0.283350 0.745918,0.288424 0.751828,0.295695 0.759897,0.312056 0.767174,0.337504 0.770925,0.356691 0.771379,0.365780 0.768879,0.373455 0.758991,0.397086 0.731373,0.453907 0.697731,0.515932 0.671931,0.557741 0.628060,0.625016 0.617718,0.636529 0.608057,0.643396 0.575097,0.655717 0.511336,0.683782 0.507472,0.679137 0.454509,0.645407 0.379042,0.604002 0.369836,0.596933 0.367676,0.592085 0.365631,0.585218
7 0.415184,0.804124 0.416314,0.798602 0.420269,0.787308 0.423641,0.785925 0.432438,0.794739 0.446526,0.812787 0.447280,0.813587 0.451200,0.818431 0.473233,0.850558 0.491453,0.878670 0.515040,0.924099 0.524503,0.943175 0.536508,0.968274 0.539050,0.979318 0.539192,0.991366 0.534813,0.999649 0.492583,0.999398 0.488487,0.993374 0.480437,0.980573 0.457273,0.937904 0.433828,0.883689 0.424224,0.858088 0.417303,0.832236 0.415326,0.815921 0.415184,0.804124
21 0.272313,0.657964 0.283780,0.648152 0.312377,0.621736 0.316766,0.615698 0.313509,0.602113 0.310395,0.592553 0.303033,0.585509 0.295247,0.584251 0.291142,0.584754 0.280524,0.595572 0.271888,0.609661 0.262120,0.626516 0.259574,0.633554 0.259657,0.637742 0.260707,0.640850 0.266936,0.653932 0.270617,0.658964
11 0.338908,0.590005 0.341214,0.587103 0.347716,0.576751 0.350155,0.571937 0.355031,0.579881 0.359095,0.584695 0.361940,0.585899 0.364785,0.585899 0.365733,0.590954 0.367494,0.596010 0.370745,0.599621 0.382530,0.606843 0.383479,0.606843 0.392826,0.611898 0.404746,0.619361 0.414093,0.623694 0.468279,0.654267 0.496455,0.672562 0.504177,0.679062 0.506479,0.680025 0.507292,0.681710 0.507292,0.683395 0.506615,0.685080 0.505667,0.685803 0.499571,0.687488 0.497268,0.688932 0.474104,0.695697 0.470311,0.698586 0.468279,0.701475 0.466924,0.704845 0.465976,0.711826 0.466247,0.716882 0.467060,0.720252 0.470040,0.724585 0.479793,0.746492 0.500655,0.780707 0.504989,0.786725 0.504989,0.788411 0.498081,0.789374 0.495101,0.791299 0.488869,0.791299 0.470717,0.798040 0.458796,0.806225 0.446469,0.812484 0.432381,0.794436 0.419647,0.781678 0.409488,0.774937 0.401360,0.773252 0.398380,0.776382 0.397567,0.778067 0.396890,0.781678 0.396890,0.785289 0.397567,0.790825 0.399870,0.804788 0.405017,0.821398 0.410842,0.836083 0.423982,0.865452 0.426692,0.875322 0.416412,0.866791 0.361878,0.735873 0.342449,0.670179 0.341971,0.643294 0.340425,0.634196 0.342972,0.634300 0.346765,0.632615 0.350558,0.629726 0.352454,0.627078 0.352861,0.625152 0.351777,0.616726 0.348661,0.608301
35 0.263494,0.659455 0.264658,0.663204 0.267194,0.667147 0.270575,0.670151 0.273956,0.671278 0.277337,0.671466 0.278182,0.671278 0.278816,0.669776 0.278288,0.666771 0.276703,0.664142 0.274907,0.663391 0.270575,0.663204 0.268884,0.662077 0.266982,0.655881 0.264235,0.655129 0.263390,0.656444 0.263178,0.657946
50 0.329844,0.572423 0.338894,0.589633 0.338908,0.590005 0.348661,0.608301 0.351777,0.616726 0.352861,0.625152 0.352454,0.627078 0.350558,0.629726 0.346765,0.632615 0.342972,0.634300 0.340429,0.634196 0.337236,0.619323 0.327949,0.570255
54 0.230973,0.446517 0.231613,0.446582 0.232305,0.450867 0.244567,0.527560 0.258520,0.595027 0.254600,0.594663 0.250822,0.593476 0.238014,0.533018 0.229177,0.447626
29 0.354630,0.690154 0.360010,0.691161 0.362700,0.694179 0.364540,0.698959 0.365814,0.705249 0.365248,0.708520 0.359444,0.706255 0.354914,0.702482 0.353639,0.698205 0.353498,0.693676
62 0.547147,0.887946 0.547288,0.883669 0.552243,0.880650 0.565409,0.875619 0.567816,0.874109 0.604199,0.853228 0.635344,0.832095 0.653748,0.817252 0.665579,0.805504 0.676904,0.825882 0.697149,0.853808 0.701567,0.858328 0.697068,0.868323 0.681070,0.886688 0.662525,0.902286 0.605898,0.938011 0.604907,0.938011 0.600660,0.941030 0.590467,0.945306 0.586644,0.945055 0.580415,0.942036 0.564984,0.922916 0.547147,0.887946
46 0.254926,0.757462 0.266159,0.782176 0.275840,0.799286 0.279371,0.804514 0.281243,0.804800 0.282527,0.802048 0.282099,0.796345 0.278355,0.782942 0.272150,0.763836 0.256905,0.730091 0.245940,0.712115 0.243105,0.709359 0.241714,0.709264 0.240645,0.710119 0.240270,0.712115 0.240912,0.716963 0.243907,0.727895 0.249898,0.744529
25 0.214336,0.575663 0.211788,0.580443 0.230769,0.591595 0.254259,0.602582 0.253268,0.594280
35 0.220174,0.627332 0.218378,0.626018 0.216582,0.627332 0.216476,0.631839 0.217321,0.636345 0.217955,0.637847 0.219752,0.639725 0.224084,0.640852 0.224929,0.640476 0.225669,0.638974 0.225774,0.637472 0.224189,0.632965 0.223344,0.631839 0.221653,0.631088 0.220914,0.629585
39 0.714752,0.533278 0.711834,0.520686 0.711626,0.508465 0.713710,0.501059 0.717878,0.494393 0.722879,0.490319 0.729965,0.489949 0.737259,0.496244 0.744136,0.508095 0.747261,0.526612 0.746845,0.542166 0.742468,0.552535 0.738509,0.557720 0.731632,0.558461 0.724755,0.554017 0.718503,0.545129
5 0.231613,0.446582 0.232370,0.446246 0.235459,0.445497 0.243108,0.445226 0.250552,0.446507 0.257528,0.449656 0.262558,0.454152 0.271120,0.464674 0.282470,0.483671 0.305720,0.527253 0.326582,0.569703 0.340436,0.634226 0.342028,0.643597 0.342506,0.670482 0.361934,0.736176 0.416239,0.866976 0.324192,0.801036 0.282150,0.724323 0.266225,0.674232 0.257626,0.638857 0.254600,0.594663 0.258520,0.595027 0.244567,0.527560 0.232305,0.450867 0.231613,0.446582
30 0.451546,0.474365 0.436074,0.485622 0.418775,0.500994 0.404156,0.516365 0.369193,0.563777 0.364198,0.575251 0.366391,0.578932 0.373578,0.568323 0.385639,0.554468 0.431201,0.497097 0.443262,0.486488
59 0.717251,0.650739 0.710598,0.662564 0.709465,0.665834 0.709324,0.673382 0.713429,0.688225 0.726312,0.725207 0.729002,0.729484 0.731550,0.731497 0.734947,0.731497 0.741460,0.722188 0.781807,0.644953 0.819605,0.556610 0.821446,0.550068 0.821729,0.543779 0.814084,0.519376 0.808988,0.501010 0.805732,0.492457 0.804174,0.488431 0.799927,0.487928 0.798795,0.488431 0.795255,0.494721 0.757881,0.574220
20 0.550736,0.241238 0.554275,0.232433 0.560504,0.224634 0.565459,0.220357 0.571405,0.217589 0.576360,0.218093 0.580041,0.224885 0.580324,0.237213 0.578483,0.247024 0.576218,0.252308
22 0.511850,0.379502 0.494307,0.405481 0.483221,0.424316 0.455201,0.469131 0.463485,0.465667 0.501860,0.407213 0.517575,0.381667 0.543646,0.351791 0.516357,0.376904
14 0.276315,0.442538 0.277102,0.441024 0.292564,0.419834 0.324930,0.378018 0.367778,0.323854 0.405975,0.277957 0.444762,0.233700 0.457604,0.220194 0.461010,0.217866 0.516570,0.234987 0.554308,0.251176 0.578757,0.262501 0.580931,0.265101 0.588261,0.270439 0.592707,0.274924 0.593219,0.280023 0.568843,0.323376 0.542248,0.364985 0.497127,0.430455 0.440754,0.506016 0.402909,0.552498 0.394499,0.562395 0.384384,0.572898 0.375405,0.579361 0.365631,0.585218 0.364785,0.585899 0.361940,0.585899 0.359095,0.584695 0.355031,0.579881 0.350000,0.571852 0.349564,0.569862 0.338754,0.551582 0.290140,0.465860 0.276577,0.444051 0.276315,0.442538
18 0.665943,0.763777 0.665106,0.770230 0.665199,0.771719 0.665944,0.779329 0.667154,0.782307 0.668830,0.784292 0.670505,0.784954 0.675160,0.784292 0.678232,0.780983 0.680374,0.773208 0.681025,0.768410 0.681025,0.762123 0.680746,0.760469 0.678884,0.755837 0.675346,0.753520 0.673671,0.753520 0.671064,0.754678 0.668457,0.756664 0.666037,0.762620
16 0.252627,0.328687 0.259144,0.337124 0.264823,0.345231 0.272829,0.359955 0.276553,0.355157 0.277112,0.351849 0.274412,0.348540 0.271805,0.347216 0.270502,0.349532 0.263985,0.339606 0.253651,0.325378 0.252814,0.325378 0.251976,0.326371 0.251976,0.327860
23 0.555463,0.337060 0.564600,0.328617 0.572884,0.316493 0.579341,0.304802 0.574346,0.303287 0.562041,0.321040 0.544620,0.339225 0.526469,0.361957 0.515261,0.374297 0.507586,0.385338 0.510388,0.390101 0.516601,0.382307 0.518672,0.374514 0.525128,0.367153 0.538773,0.353730 0.552174,0.339442
56 0.221247,0.680789 0.221812,0.678279 0.222659,0.677777 0.225908,0.679534 0.235371,0.692585 0.235455,0.692729 0.235499,0.693287 0.233886,0.693287 0.232898,0.696299 0.233604,0.703326 0.237276,0.718386 0.238593,0.721778 0.235385,0.717198 0.227947,0.702647 0.225012,0.695963 0.222518,0.688068 0.221247,0.680789
71 0.465976,0.711826 0.466924,0.704845 0.468279,0.701475 0.470311,0.698586 0.474104,0.695697 0.497268,0.688932 0.499571,0.687488 0.505667,0.685803 0.506615,0.685080 0.507292,0.683395 0.511336,0.683782 0.575097,0.655717 0.608057,0.643396 0.610220,0.643515 0.643124,0.669706 0.643638,0.671533 0.642610,0.677319 0.630883,0.715138 0.628618,0.716748 0.622409,0.727437 0.598931,0.746747 0.575438,0.762549 0.557370,0.771245 0.542817,0.778831 0.521473,0.788141 0.508667,0.789521 0.504989,0.787502 0.504989,0.786725 0.500655,0.780707 0.479793,0.746492 0.470040,0.724585 0.467060,0.720252 0.466247,0.716882 0.465976,0.711826
70 0.749773,0.293168 0.753573,0.295154 0.764872,0.309539 0.777520,0.329019 0.785784,0.346401 0.789100,0.352521 0.793547,0.364240 0.799951,0.385274 0.798398,0.397342 0.795876,0.401825 0.795880,0.402045 0.794216,0.402743 0.786964,0.408437 0.775834,0.374872 0.771363,0.365830 0.771379,0.365780 0.770925,0.356691 0.767174,0.337504 0.759897,0.312056 0.751828,0.295695 0.749773,0.293168
61 0.835097,0.466982 0.838069,0.478303 0.842600,0.492643 0.845573,0.506732 0.848043,0.522943 0.848121,0.534657 0.847696,0.542456 0.846625,0.547882 0.838434,0.514351 0.831214,0.480891
40 0.549832,0.241546 0.553567,0.233187 0.560929,0.224131 0.567299,0.219602 0.572396,0.217589 0.576926,0.218847 0.578766,0.223627 0.581739,0.233942 0.581739,0.244005 0.577492,0.254572 0.553308,0.243145 0.549832,0.241546
19 0.468700,0.907821 0.467001,0.908073 0.466859,0.909582 0.467284,0.914362 0.471814,0.924677 0.473938,0.925935 0.474787,0.926186 0.475353,0.924677 0.475353,0.921406 0.474929,0.919897 0.473655,0.916123 0.469832,0.908827
31 0.529636,0.382317 0.519403,0.384049 0.463241,0.465916 0.433882,0.494493 0.410126,0.510514 0.412928,0.514627 0.417801,0.509648 0.428765,0.504669 0.444724,0.491029 0.466165,0.468297 0.481271,0.450743 0.497231,0.429094
