4 0.601279,0.170601 0.597686,0.176654 0.594845,0.186387 0.591732,0.200369 0.590072,0.223822 0.590072,0.264866 0.588826,0.372661 0.596298,0.436706 0.603355,0.463768 0.606053,0.487221 0.606261,0.572509 0.605430,0.626632 0.602525,0.691579 0.618091,0.613552 0.628884,0.551310 0.633657,0.416905 0.633035,0.400217 0.629506,0.345192 0.622657,0.318130 0.621204,0.324896 0.616638,0.271194 0.609166,0.211208 0.602317,0.176882
2 0.603147,0.167879 0.610827,0.163820 0.618506,0.170134 0.625355,0.195392 0.637809,0.269360 0.645903,0.290107 0.649224,0.316266 0.651092,0.350093 0.649846,0.397902 0.640299,0.483597 0.629067,0.546141 0.633657,0.416905 0.633035,0.400217 0.629506,0.345192 0.622657,0.318130 0.622657,0.314462 0.623903,0.309501 0.614770,0.228768 0.603147,0.167879
8 0.631777,0.210397 0.635883,0.228651 0.639006,0.240542 0.644868,0.252430 0.647212,0.264742 0.648971,0.285122 0.648775,0.304652 0.647730,0.304496 0.645903,0.290107 0.637809,0.269360 0.635124,0.253415 0.635294,0.243938 0.631973,0.223559 0.631777,0.210397
10 0.525299,0.632921 0.535262,0.591736 0.573374,0.432598 0.574155,0.422415 0.573374,0.413929 0.576107,0.407140 0.576693,0.396957 0.577074,0.392115 0.587820,0.393389 0.587820,0.427780 0.589188,0.436271 0.591337,0.439668 0.594463,0.437120 0.595803,0.432461 0.596298,0.436706 0.603355,0.463768 0.606053,0.487221 0.606261,0.572509 0.605430,0.626632 0.602834,0.684670 0.600910,0.700429 0.603255,0.624430 0.602083,0.609145 0.598957,0.612964 0.597198,0.620181 0.594072,0.639713 0.591141,0.664338 0.589382,0.683446 0.567501,0.697457 0.551870,0.719959 0.551870,0.709345 0.555388,0.677075 0.557145,0.622307 0.556364,0.617636 0.552652,0.610843 0.548501,0.611385 0.540929,0.618486 0.525299,0.633770
1 0.178359,0.742680 0.178749,0.715101 0.181092,0.701523 0.182654,0.688370 0.183045,0.676066 0.187340,0.658245 0.189098,0.651060 0.194174,0.685003 0.201399,0.707915 0.212137,0.715552 0.224829,0.741010 0.231662,0.751193 0.247673,0.760528 0.280085,0.775378 0.349008,0.797866 0.393525,0.807624 0.415784,0.810595 0.451515,0.791926 0.455224,0.788107 0.473188,0.787258 0.503647,0.769438 0.527272,0.747799 0.547578,0.727433 0.551870,0.717040 0.551870,0.719959 0.567501,0.697457 0.589320,0.683485 0.589364,0.685003 0.584287,0.728706 0.580187,0.769862 0.571010,0.882300 0.569839,0.903940 0.567886,0.913698 0.557733,0.942975 0.556190,0.948006 0.551678,0.957400 0.540354,0.974372 0.526101,0.990071 0.516924,0.998133 0.361699,0.999406 0.288676,0.979888 0.214090,0.937451 0.201008,0.921752 0.193393,0.910720 0.187536,0.889505 0.183240,0.858532 0.181678,0.834771 0.185193,0.822467 0.184802,0.791493 0.180311,0.770259 0.178359,0.742680
7 0.554999,0.951885 0.557733,0.942975 0.567886,0.913698 0.569839,0.903940 0.571010,0.882300 0.580187,0.769862 0.584287,0.728706 0.589364,0.685003 0.589320,0.683485 0.589382,0.683446 0.591141,0.664338 0.592415,0.653634 0.595026,0.655303 0.598931,0.668880 0.599907,0.707067 0.598736,0.767741 0.589559,0.918366 0.579992,0.951461 0.575501,0.960371 0.567886,0.959098 0.554999,0.951885
12 0.303169,0.343679 0.322499,0.291915 0.347686,0.233362 0.370531,0.187114 0.385174,0.166324 0.399623,0.152746 0.410752,0.143836 0.425786,0.137896 0.460541,0.130683 0.550161,0.129834 0.579644,0.135774 0.603855,0.147230 0.614399,0.155292 0.618304,0.164627 0.626895,0.190509 0.631819,0.213207 0.631898,0.218553 0.630019,0.216391 0.625507,0.195384 0.620932,0.179081 0.618506,0.170134 0.610827,0.163820 0.603147,0.167879 0.600143,0.171834 0.598010,0.176109 0.597686,0.176654 0.594845,0.186387 0.593717,0.191454 0.593507,0.192206 0.593495,0.192452 0.591732,0.200369 0.590072,0.223822 0.590072,0.264866 0.588885,0.367578 0.588040,0.374653 0.587845,0.391150 0.576715,0.390725 0.580035,0.208278 0.579449,0.204460 0.529074,0.195600 0.387127,0.184568 0.376583,0.184568 0.373459,0.190084 0.359206,0.222331 0.306098,0.353014 0.303169,0.343679
6 0.203351,0.551246 0.210185,0.530456 0.226781,0.490996 0.243377,0.459174 0.293559,0.370888 0.297073,0.367070 0.295316,0.372161 0.296097,0.376828 0.300392,0.380647 0.311522,0.385739 0.366973,0.400165 0.421448,0.410785 0.521612,0.421396 0.551680,0.423517 0.574077,0.412183 0.573374,0.413929 0.574155,0.422415 0.573374,0.432598 0.535262,0.591736 0.525547,0.631896 0.522783,0.637446 0.513606,0.644235 0.450540,0.703212 0.440385,0.707867 0.364433,0.699776 0.325383,0.689169 0.249040,0.663260 0.225805,0.650531 0.219166,0.641621 0.211747,0.619133 0.203742,0.566945 0.203351,0.551246
35 0.644287,0.321551 0.645792,0.318644 0.646126,0.315011 0.647129,0.314284 0.647965,0.315374 0.648802,0.321188 0.648634,0.327365 0.647464,0.330999 0.645792,0.333179 0.643775,0.328098
7 0.630408,0.563243 0.634087,0.543258 0.637765,0.516368 0.639437,0.500977 0.641470,0.481053 0.647963,0.414809 0.648467,0.415714 0.648300,0.458955 0.646126,0.518185 0.644621,0.546165 0.641611,0.559246 0.637096,0.566513 0.631578,0.566513 0.630408,0.563243
14 0.301041,0.380944 0.302351,0.363049 0.306098,0.353014 0.359206,0.222331 0.373459,0.190084 0.376583,0.184568 0.387127,0.184568 0.529074,0.195600 0.579449,0.204460 0.580035,0.208278 0.576715,0.390725 0.577074,0.392115 0.576693,0.396957 0.576107,0.407140 0.574077,0.412183 0.551680,0.423517 0.521612,0.421396 0.421448,0.410785 0.366973,0.400165 0.311522,0.385739 0.301041,0.380944
40 0.601647,0.414987 0.595961,0.430975 0.588938,0.368475 0.590109,0.299408 0.601479,0.382984 0.603821,0.383348 0.603486,0.372810 0.604322,0.364452 0.613017,0.345193 0.619873,0.343740 0.640608,0.348464 0.647965,0.353188 0.651644,0.360455 0.651811,0.373900 0.648969,0.390978 0.645624,0.398973 0.638936,0.403333 0.622214,0.408057
53 0.603147,0.167879 0.614770,0.228768 0.623903,0.309501 0.622657,0.314462 0.622657,0.318130 0.622657,0.318130 0.621204,0.324896 0.616638,0.271194 0.609166,0.211208 0.602317,0.176882 0.601279,0.170601
69 0.590920,0.305373 0.591799,0.258822 0.591934,0.222994 0.592610,0.210954 0.593691,0.198913 0.597070,0.187166 0.600854,0.179824 0.601935,0.183055 0.609368,0.224169 0.613557,0.259997 0.619638,0.328716 0.616800,0.336351 0.614689,0.344839 0.613017,0.345193 0.604322,0.364452 0.603486,0.372810 0.603821,0.383348 0.601479,0.382984 0.590920,0.305373
66 0.605989,0.172776 0.610989,0.171308 0.615989,0.173657 0.619908,0.180412 0.627611,0.218002 0.632882,0.268807 0.629368,0.286427 0.624233,0.305809 0.620314,0.273506 0.616395,0.232392 0.612070,0.206549 0.608757,0.189124 0.605448,0.173657
49 0.587845,0.391150 0.588040,0.374653 0.588885,0.367578 0.589167,0.373188 0.595803,0.432461 0.595803,0.432461 0.594463,0.437120 0.591337,0.439668 0.589188,0.436271 0.587820,0.427780 0.587820,0.393389
71 0.189347,0.652724 0.190945,0.642307 0.191132,0.625221 0.194127,0.597559 0.197309,0.578032 0.199743,0.567862 0.202177,0.561353 0.203583,0.560556 0.203742,0.566945 0.211747,0.619133 0.219166,0.641621 0.223299,0.647167 0.223143,0.654511 0.223705,0.674445 0.226326,0.702921 0.211162,0.712277 0.208780,0.713165 0.201399,0.707915 0.194174,0.685003 0.189347,0.652724
46 0.574993,0.833500 0.580187,0.769862 0.584287,0.728706 0.587945,0.697215 0.589092,0.697215 0.590403,0.700632 0.592107,0.706613 0.595383,0.728827 0.596169,0.757306 0.595252,0.799170 0.593155,0.846730 0.588175,0.887170 0.583195,0.907390 0.580574,0.911377 0.578346,0.905966 0.576118,0.886031 0.575463,0.847015 0.574993,0.833500
57 0.592415,0.653634 0.594072,0.639713 0.597198,0.620181 0.598957,0.612964 0.602083,0.609145 0.603255,0.624430 0.601254,0.689284 0.599710,0.699355 0.598931,0.668880 0.595026,0.655303 0.592415,0.653634
63 0.208780,0.713165 0.211162,0.712277 0.226326,0.702921 0.223705,0.674445 0.223143,0.654511 0.223299,0.647167 0.225805,0.650531 0.249040,0.663260 0.325383,0.689169 0.364433,0.699776 0.440385,0.707867 0.448106,0.704328 0.447786,0.707814 0.432061,0.767207 0.450594,0.784293 0.454404,0.788951 0.451515,0.791926 0.415784,0.810595 0.393525,0.807624 0.349008,0.797866 0.280085,0.775378 0.247673,0.760528 0.231662,0.751193 0.224829,0.741010 0.212137,0.715552 0.208780,0.713165
70 0.432061,0.767207 0.447786,0.707814 0.448106,0.704328 0.450540,0.703212 0.513606,0.644235 0.522783,0.637446 0.525547,0.631896 0.525299,0.632921 0.525299,0.633770 0.540929,0.618486 0.548501,0.611385 0.552652,0.610843 0.556364,0.617636 0.557145,0.622307 0.555388,0.677075 0.551870,0.709345 0.551870,0.717040 0.547578,0.727433 0.527272,0.747799 0.503647,0.769438 0.473188,0.787258 0.455224,0.788107 0.454404,0.788951 0.450594,0.784293 0.432061,0.767207
59 0.245982,0.790428 0.264328,0.795716 0.282861,0.803446 0.303640,0.809141 0.354559,0.826227 0.375713,0.832736 0.384699,0.834363 0.386571,0.837617 0.386571,0.908808 0.385447,0.917351 0.380393,0.919385 0.244484,0.877484 0.240366,0.866907 0.239991,0.853889 0.242425,0.797344 0.243361,0.792869
67 0.630019,0.216391 0.631898,0.218553 0.631898,0.218553 0.631973,0.223559 0.635294,0.243938 0.635124,0.253415 0.625355,0.195392
60 0.199930,0.822470 0.201990,0.822849 0.229321,0.840343 0.240409,0.844192 0.239991,0.853889 0.240366,0.866907 0.244484,0.877484 0.380393,0.919385 0.385447,0.917351 0.386571,0.908808 0.386571,0.894932 0.389940,0.896102 0.407163,0.899763 0.448534,0.903018 0.441234,0.973802 0.441046,0.990888 0.341642,0.966479 0.297462,0.950614 0.250849,0.932308 0.210039,0.909933 0.203674,0.882678 0.199930,0.822470
41 0.289525,0.310278 0.291958,0.302549 0.303378,0.297667 0.310678,0.298481 0.317418,0.303363 0.318043,0.303848 0.303169,0.343679 0.303282,0.344039 0.301693,0.347704 0.298323,0.353806 0.294205,0.348111 0.290461,0.331025 0.289525,0.310278
61 0.441051,0.990475 0.441234,0.973802 0.448410,0.904225 0.452278,0.904645 0.477363,0.894475 0.503759,0.879016 0.535396,0.855828 0.548500,0.841997 0.549436,0.841590 0.550372,0.843624 0.550185,0.851760 0.544569,0.903831 0.541574,0.919697 0.539889,0.925799 0.536519,0.933528 0.530342,0.940851 0.513493,0.955496 0.479423,0.981124 0.457520,0.992108 0.445165,0.993735 0.441051,0.990475
51 0.599585,0.732218 0.600521,0.703335 0.634966,0.519459 0.637025,0.517425 0.637212,0.524748 0.602018,0.724489 0.599585,0.732218
21 0.316485,0.304988 0.310869,0.300106 0.304317,0.298479 0.297016,0.300106 0.290838,0.304174 0.288779,0.309869 0.292523,0.337939 0.303006,0.341193
62 0.184938,0.810266 0.186061,0.798876 0.191303,0.810266 0.199743,0.822470 0.203487,0.882678 0.209852,0.909933 0.204969,0.905865 0.199540,0.896509 0.193736,0.872101 0.188120,0.835488 0.184938,0.810266
26 0.614750,0.342822 0.618681,0.327363 0.621302,0.322075 0.624484,0.325736 0.620553,0.343636
20 0.605111,0.390225 0.620836,0.390225 0.646669,0.386971 0.650601,0.383309 0.651350,0.364190 0.650414,0.358494 0.647793,0.352799 0.640492,0.348324 0.628324,0.345883 0.620087,0.345477 0.609978,0.347511 0.605859,0.354019 0.603051,0.362969 0.602677,0.373139
29 0.603143,0.495005 0.600710,0.499480 0.600522,0.505989 0.601271,0.510464 0.603143,0.512905 0.605015,0.510464 0.605951,0.505582 0.606139,0.501107 0.605390,0.496632
24 0.634780,0.265529 0.637027,0.268783 0.628228,0.314346 0.625046,0.324516 0.621302,0.320041 0.633283,0.272038
18 0.199781,0.810417 0.198468,0.804234 0.197811,0.792819 0.198577,0.787111 0.200437,0.785209 0.202188,0.785209 0.204815,0.789251 0.206347,0.793532 0.207113,0.799953 0.207222,0.805661 0.206456,0.811844 0.205690,0.813746 0.204815,0.814697 0.202954,0.814935 0.202079,0.814697
32 0.477887,0.906272 0.473207,0.935562 0.473207,0.937596 0.473769,0.940851 0.478449,0.940037 0.510835,0.918070 0.524688,0.904238 0.528619,0.896509 0.535545,0.877796 0.537043,0.867219 0.534048,0.867219 0.517948,0.881050 0.497543,0.895288 0.483316,0.902611
39 0.302541,0.747367 0.305277,0.763301 0.309545,0.771624 0.313376,0.775667 0.317644,0.777332 0.321474,0.776618 0.326180,0.773289 0.330229,0.765916 0.333402,0.755453 0.334387,0.740708 0.334278,0.721208 0.330776,0.711933 0.327383,0.705274 0.323225,0.700280 0.317315,0.699329 0.312500,0.700756 0.307247,0.708841 0.303636,0.718829 0.302432,0.731671 0.302213,0.741659
