8 0.346391,0.323551 0.330537,0.330518 0.325550,0.379290 0.319138,0.411805 0.314863,0.419159 0.307916,0.447416 0.301503,0.487672 0.300434,0.522569 0.295803,0.544245 0.294734,0.561664 0.297228,0.654175 0.309341,0.660369 0.310409,0.652240 0.306847,0.629402 0.307559,0.598049 0.310944,0.569018 0.315041,0.541536 0.317534,0.532633 0.320384,0.529923 0.324659,0.528375 0.364381,0.526052 0.356722,0.485796 0.344609,0.429670 0.343362,0.411090 0.343184,0.386317
2 0.298119,0.473367 0.302216,0.439691 0.306313,0.421885 0.314684,0.398660 0.317534,0.386274 0.323056,0.349501 0.335525,0.255441 0.339444,0.238023 0.341403,0.243055 0.340869,0.253506 0.338375,0.279053 0.330601,0.328983 0.329895,0.336800 0.325550,0.379290 0.319138,0.411805 0.314863,0.419159 0.307916,0.447416 0.301503,0.487672 0.300589,0.517535 0.299900,0.516719 0.299722,0.488076 0.298119,0.473367
15 0.343184,0.386317 0.346667,0.324275 0.346969,0.320386 0.349666,0.270372 0.351102,0.267643 0.372625,0.260566 0.400899,0.255389 0.449268,0.250553 0.501686,0.248654 0.545924,0.250035 0.559903,0.251415 0.574913,0.255558 0.577392,0.257638 0.591564,0.290657 0.605408,0.325855 0.623399,0.376950 0.625553,0.381848 0.625977,0.385848 0.627152,0.388226 0.578667,0.395725 0.394681,0.410526 0.381192,0.411858 0.346032,0.413505 0.343461,0.412561 0.343362,0.411090 0.343184,0.386317
9 0.605408,0.325855 0.608258,0.319662 0.613958,0.335919 0.633195,0.392820 0.658133,0.436947 0.665436,0.451269 0.670245,0.457462 0.675945,0.466752 0.681645,0.486106 0.660270,0.491525 0.662586,0.451656 0.634977,0.403271 0.623399,0.376950 0.605408,0.325855
7 0.301884,0.757921 0.304908,0.781533 0.309183,0.810177 0.318980,0.859336 0.323790,0.875206 0.333230,0.887592 0.345521,0.898818 0.309005,0.896882 0.306690,0.892237 0.304734,0.879851 0.303487,0.865916 0.302418,0.824499 0.301884,0.757921
0 0.297135,0.655454 0.309586,0.660710 0.310000,0.652174 0.315999,0.658159 0.320836,0.662714 0.333735,0.667969 0.375655,0.667269 0.379041,0.679882 0.391456,0.708963 0.398873,0.717021 0.406450,0.721256 0.421606,0.722657 0.479166,0.716701 0.567682,0.701285 0.623468,0.686208 0.633626,0.677799 0.640881,0.664135 0.652813,0.624543 0.677159,0.613681 0.684898,0.605973 0.683447,0.615083 0.685059,0.618587 0.685704,0.647317 0.686510,0.659930 0.690057,0.686558 0.690218,0.704777 0.688767,0.764060 0.684898,0.791039 0.680706,0.805754 0.675869,0.816265 0.663131,0.827477 0.641688,0.842193 0.451757,0.895450 0.407418,0.899654 0.345940,0.898652 0.333410,0.887595 0.323150,0.873941 0.319323,0.860130 0.316688,0.846383 0.308744,0.806906 0.302124,0.758428 0.301005,0.740496 0.297135,0.655454
13 0.343461,0.412561 0.346032,0.413505 0.381192,0.411858 0.394681,0.410526 0.578667,0.395725 0.628282,0.388051 0.634977,0.403271 0.662586,0.451656 0.660819,0.482077 0.648534,0.595703 0.652323,0.622380 0.653602,0.624191 0.652813,0.624543 0.640881,0.664135 0.633626,0.677799 0.623468,0.686208 0.567682,0.701285 0.479166,0.716701 0.421606,0.722657 0.406450,0.721256 0.398873,0.717021 0.391456,0.708963 0.379041,0.679882 0.375655,0.667269 0.375390,0.667273 0.377706,0.655625 0.381041,0.643769 0.382556,0.629278 0.381647,0.620056 0.365431,0.527786 0.364339,0.526055 0.364381,0.526052 0.356722,0.485796 0.344609,0.429670 0.343461,0.412561
12 0.330601,0.328983 0.338375,0.279053 0.340869,0.253506 0.341403,0.243055 0.341141,0.242383 0.341216,0.242366 0.341275,0.235463 0.340436,0.231947 0.341875,0.226346 0.348348,0.219052 0.369992,0.212422 0.398288,0.205728 0.436110,0.202609 0.493704,0.204636 0.533747,0.212108 0.543633,0.215844 0.559822,0.227675 0.575367,0.247772 0.589479,0.275169 0.602874,0.306769 0.608130,0.319940 0.605513,0.325626 0.591564,0.290657 0.577392,0.257638 0.574913,0.255558 0.559903,0.251415 0.545924,0.250035 0.501686,0.248654 0.449268,0.250553 0.400899,0.255389 0.372625,0.260566 0.351102,0.267643 0.349666,0.270372 0.346969,0.320386 0.346273,0.323603 0.330537,0.330518
35 0.301309,0.431158 0.301786,0.425971 0.303218,0.421821 0.303696,0.421648 0.304094,0.426144 0.303696,0.430639 0.302582,0.432714 0.301309,0.431158
59 0.451569,0.565818 0.452659,0.637223 0.454023,0.641667 0.455932,0.642852 0.472020,0.641371 0.547145,0.630704 0.584640,0.624482 0.588594,0.622112 0.589548,0.620038 0.589548,0.615594 0.589685,0.611149 0.589276,0.573521 0.587912,0.553374 0.586412,0.549226 0.584367,0.548633 0.455250,0.561374 0.452250,0.562559
16 0.461936,0.216420 0.456025,0.218649 0.455707,0.223018 0.456840,0.228186 0.462573,0.236492 0.470217,0.234069 0.473333,0.231884 0.474167,0.228261 0.473333,0.222826 0.470833,0.219203 0.469167,0.219203 0.468462,0.217180 0.471045,0.169941 0.472767,0.150999 0.471476,0.149128 0.470507,0.151233 0.464911,0.212035 0.463082,0.215777
40 0.283645,0.337242 0.283963,0.330845 0.290090,0.323583 0.299956,0.319260 0.306640,0.319606 0.313085,0.323064 0.314756,0.328251 0.314596,0.345023 0.320882,0.345541 0.319609,0.365598 0.317859,0.365425 0.314199,0.362313 0.296455,0.362313 0.288578,0.360584 0.286828,0.358855 0.284918,0.350556 0.283645,0.337242
35 0.301468,0.462446 0.298285,0.464521 0.297490,0.469881 0.297967,0.477316 0.300354,0.484578 0.301627,0.483886 0.302821,0.466423
39 0.509450,0.510109 0.509235,0.498650 0.510311,0.491635 0.513539,0.484151 0.516983,0.478773 0.520642,0.476434 0.525808,0.477370 0.529251,0.479474 0.534094,0.486958 0.537107,0.497247 0.536892,0.511512 0.533986,0.526011 0.528713,0.534664 0.523332,0.536769 0.516337,0.532793 0.512786,0.526245 0.510311,0.517359 0.509558,0.512682
73 0.648534,0.595703 0.660270,0.491525 0.680501,0.486396 0.682200,0.487234 0.685159,0.509636 0.687259,0.533282 0.687354,0.558587 0.686877,0.583892 0.685445,0.602975 0.684713,0.606157 0.677159,0.613681 0.653602,0.624191 0.652323,0.622380 0.648534,0.595703
38 0.383972,0.651412 0.407001,0.650944 0.419700,0.649307 0.420560,0.650711 0.421529,0.656323 0.420991,0.660065 0.419592,0.664040 0.416256,0.665911 0.383649,0.666379
72 0.306847,0.629402 0.307559,0.598049 0.310944,0.569018 0.315041,0.541536 0.317534,0.532633 0.320384,0.529923 0.324659,0.528375 0.364339,0.526055 0.365431,0.527786 0.381647,0.620056 0.382556,0.629278 0.381041,0.643769 0.377706,0.655625 0.375390,0.667273 0.333735,0.667969 0.320836,0.662714 0.315999,0.658159 0.310370,0.652543 0.310409,0.652240 0.306847,0.629402
