8 0.573656,0.640279 0.601885,0.598737 0.615508,0.571894 0.631501,0.535183 0.636832,0.520578 0.635352,0.512683 0.629009,0.497453 0.642384,0.497230 0.644071,0.495356 0.655598,0.484115 0.656722,0.479244 0.655598,0.475122 0.641259,0.460883 0.664875,0.452265 0.669095,0.454895 0.699458,0.477378 0.709298,0.482999 0.737975,0.490118 0.760466,0.492741 0.763277,0.494989 0.766089,0.508854 0.758217,0.515973 0.752313,0.523842 0.737975,0.549323 0.736850,0.552320 0.736850,0.557566 0.740220,0.564308 0.734879,0.572552 0.699736,0.586416 0.689053,0.592032 0.680057,0.583413 0.670779,0.577418 0.661501,0.574046 0.645195,0.574420 0.634793,0.577418 0.626921,0.580790 0.618768,0.586786 0.611177,0.594655 0.603868,0.604772 0.597964,0.617887 0.592622,0.639620 0.576316,0.640744 0.573656,0.640279
10 0.178216,0.528720 0.184964,0.521226 0.196772,0.514106 0.234726,0.506987 0.290954,0.494246 0.307260,0.485628 0.312883,0.492373 0.307822,0.496869 0.302481,0.503614 0.301360,0.506985 0.306139,0.510358 0.317385,0.513355 0.321424,0.512957 0.321413,0.513473 0.314897,0.526499 0.312824,0.550973 0.313416,0.576631 0.316970,0.623210 0.320428,0.640491 0.309794,0.642631 0.306135,0.617526 0.300794,0.615278 0.294328,0.600290 0.280552,0.583053 0.267057,0.574060 0.256092,0.569563 0.244847,0.567315 0.237256,0.567315 0.227135,0.570688 0.220669,0.574060 0.215889,0.578182 0.207174,0.573311 0.183839,0.568065 0.190586,0.557198 0.197053,0.544083 0.197053,0.542959 0.199302,0.538837 0.199302,0.536589 0.197615,0.533591 0.185807,0.529469 0.178216,0.528720
4 0.321413,0.513473 0.314897,0.526499 0.312824,0.550973 0.313416,0.576631 0.316970,0.623210 0.320524,0.640974 0.439288,0.639789 0.476013,0.640974 0.474828,0.622421 0.475420,0.570315 0.476901,0.536762 0.478678,0.521367 0.482825,0.502420 0.473347,0.502025 0.492302,0.415972 0.474828,0.415577 0.452023,0.417156 0.431291,0.420709 0.407598,0.427814 0.380943,0.440841 0.347772,0.463341 0.327632,0.478341 0.322005,0.485446
7 0.206920,0.616539 0.210856,0.600801 0.217041,0.585063 0.226600,0.575320 0.239436,0.568439 0.244003,0.568065 0.256092,0.569563 0.267057,0.574060 0.280552,0.583053 0.294328,0.600290 0.299328,0.611880 0.299415,0.622529 0.298572,0.648758 0.291825,0.667494 0.278892,0.685105 0.269333,0.689602 0.256963,0.689602 0.242063,0.685855 0.228287,0.678360 0.219009,0.665620 0.211980,0.653255 0.208607,0.643518 0.206920,0.632276 0.206920,0.616539
2 0.474828,0.622421 0.475420,0.570315 0.476901,0.536762 0.478678,0.521367 0.482825,0.502420 0.493191,0.500841 0.496152,0.454656 0.500595,0.416367 0.519846,0.415972 0.575229,0.423472 0.602477,0.433735 0.635352,0.512683 0.636832,0.520578 0.631501,0.535183 0.615508,0.571894 0.601885,0.598737 0.573452,0.640579 0.476043,0.641084 0.474828,0.622421
13 0.691409,0.461020 0.706028,0.462145 0.722615,0.467393 0.744263,0.477514 0.759726,0.486510 0.763100,0.493633 0.762874,0.494667 0.760466,0.492741 0.737975,0.490118 0.709298,0.482999 0.704933,0.480505 0.706028,0.473390 0.703498,0.470392 0.693658,0.463269 0.691409,0.461020
7 0.592674,0.639410 0.597964,0.617887 0.603868,0.604772 0.611177,0.594655 0.618768,0.586786 0.626921,0.580790 0.632672,0.578327 0.646426,0.580974 0.667512,0.591470 0.682131,0.609463 0.689159,0.634578 0.687191,0.658569 0.676508,0.682185 0.663294,0.694180 0.647269,0.697179 0.621686,0.692306 0.611283,0.687433 0.602287,0.672813 0.596664,0.652571 0.592674,0.639410
6 0.194133,0.515697 0.184906,0.519263 0.209672,0.503800 0.244463,0.485979 0.269623,0.477069 0.321121,0.463440 0.324462,0.464489 0.310703,0.468682 0.295568,0.477593 0.288492,0.483096 0.284954,0.487290 0.285347,0.490435 0.293826,0.492728 0.290954,0.494246 0.234726,0.506987 0.196772,0.514106 0.194133,0.515697
1 0.166845,0.571646 0.169321,0.565482 0.170477,0.558659 0.172458,0.564162 0.180713,0.567904 0.183839,0.568065 0.207174,0.573311 0.215351,0.577881 0.215051,0.579570 0.208448,0.585293 0.203000,0.593437 0.200853,0.604003 0.199533,0.614349 0.200358,0.629537 0.203990,0.639663 0.206797,0.649568 0.196891,0.647587 0.179722,0.641864 0.174109,0.632839 0.170477,0.595198 0.166845,0.586394 0.166845,0.571646
0 0.687584,0.593244 0.688606,0.591603 0.689053,0.592032 0.699736,0.586416 0.734879,0.572552 0.740220,0.564308 0.743506,0.564679 0.749326,0.563146 0.758179,0.559712 0.762370,0.556182 0.763694,0.570889 0.766121,0.580302 0.765459,0.595009 0.762812,0.612069 0.756635,0.623835 0.750458,0.632365 0.701703,0.648543 0.703027,0.641778 0.702806,0.618541 0.697732,0.619717 0.696629,0.608246 0.690894,0.595892 0.687584,0.593244
15 0.624519,0.427808 0.624673,0.421030 0.636534,0.427397 0.683206,0.458820 0.692294,0.463338 0.694712,0.464032 0.703498,0.470392 0.706028,0.473390 0.704933,0.480505 0.699458,0.477378 0.669095,0.454895 0.665000,0.452222 0.663644,0.450810 0.647316,0.440541 0.624519,0.427808
12 0.320443,0.474460 0.371546,0.438732 0.402362,0.421634 0.402553,0.418316 0.400831,0.412957 0.407338,0.408108 0.435665,0.400197 0.474137,0.396880 0.508014,0.396369 0.551845,0.398666 0.585340,0.405812 0.623429,0.420358 0.624649,0.422101 0.624519,0.427808 0.647316,0.440541 0.663644,0.450810 0.665000,0.452222 0.664875,0.452265 0.641888,0.460653 0.618838,0.442564 0.605822,0.435418 0.602500,0.433333 0.575229,0.423472 0.519846,0.415972 0.504460,0.416287 0.496349,0.415730 0.491573,0.415955 0.474828,0.415577 0.452023,0.417156 0.431291,0.420709 0.407598,0.427814 0.380943,0.440841 0.347772,0.463341 0.328611,0.479483 0.323337,0.483764 0.312880,0.492376 0.312883,0.492373 0.307260,0.485628
40 0.322802,0.486423 0.321578,0.512521 0.334306,0.513337 0.337243,0.515457 0.342873,0.515294 0.347646,0.514479 0.350216,0.507301 0.350828,0.495720 0.347768,0.485933 0.350950,0.469459 0.351929,0.461140
35 0.593417,0.531352 0.616548,0.529721 0.619974,0.529884 0.620831,0.530536 0.621076,0.531678 0.620709,0.534125 0.620097,0.535267 0.618261,0.536735 0.593540,0.536408 0.592561,0.536245 0.592071,0.534940 0.591949,0.533799 0.592438,0.532657
35 0.442886,0.535913 0.463324,0.534609 0.470055,0.534609 0.470912,0.535750 0.471279,0.538034 0.470544,0.540318 0.469688,0.541296 0.460509,0.541949 0.442274,0.541622 0.440438,0.540318 0.440193,0.539176 0.440560,0.536892 0.441540,0.536566
53 0.473347,0.499840 0.492302,0.415972 0.496349,0.415730 0.500595,0.416367 0.496152,0.454656 0.491554,0.500595 0.482961,0.500781
14 0.300187,0.487782 0.308142,0.477339 0.316953,0.470322 0.326254,0.465100 0.335311,0.460205 0.399684,0.414515 0.401058,0.413665 0.402553,0.418316 0.402362,0.421634 0.371546,0.438732 0.320443,0.474460 0.307260,0.485628 0.300523,0.489189 0.300187,0.487782
49 0.301667,0.506667 0.302481,0.503614 0.307822,0.496869 0.312880,0.492376 0.321667,0.485556 0.321436,0.512360 0.320779,0.513020 0.317385,0.513355 0.306139,0.510923 0.304167,0.510000 0.302500,0.508889
68 0.347768,0.485933 0.350950,0.469459 0.351529,0.464540 0.355805,0.460632 0.386122,0.443380 0.421207,0.426582 0.460721,0.419772 0.487972,0.418864 0.471274,0.499621 0.351657,0.506742 0.350146,0.507498 0.350216,0.507301 0.350828,0.495720 0.347768,0.485933
64 0.502309,0.419352 0.529644,0.421406 0.561810,0.424556 0.589659,0.431815 0.604354,0.439487 0.606820,0.459895 0.603943,0.495780 0.558418,0.497150 0.494330,0.499345
65 0.604878,0.434826 0.605822,0.435418 0.618838,0.442564 0.641259,0.460883 0.655598,0.475122 0.656722,0.479244 0.655598,0.484115 0.644071,0.495356 0.642384,0.497230 0.629009,0.497453 0.603705,0.434847
44 0.298940,0.669128 0.299528,0.649641 0.299528,0.629818 0.299278,0.626816 0.299415,0.622529 0.299365,0.616377 0.301532,0.615589 0.306135,0.617526 0.308395,0.633031 0.307763,0.657705 0.307090,0.671928 0.301376,0.672152 0.298940,0.669128
42 0.686249,0.619180 0.692719,0.618956 0.696837,0.619852 0.697732,0.619717 0.702806,0.618541 0.703027,0.641778 0.701703,0.648543 0.702415,0.648307 0.701122,0.651771 0.696164,0.668458 0.694316,0.670138 0.692467,0.664314 0.689358,0.650091 0.688686,0.645275 0.689862,0.634188 0.688518,0.627692 0.686249,0.619180
57 0.199533,0.614349 0.200853,0.604003 0.203000,0.593437 0.208448,0.585293 0.215051,0.579570 0.215889,0.578182 0.220669,0.574060 0.227135,0.570688 0.239408,0.568454 0.226600,0.575320 0.217041,0.585063 0.210856,0.600801 0.206920,0.616539 0.206920,0.632276 0.208607,0.643518 0.210148,0.647966 0.206626,0.648966 0.203990,0.639663 0.200358,0.629537 0.199533,0.614349
55 0.632672,0.578327 0.634793,0.577418 0.645195,0.574420 0.661501,0.574046 0.670779,0.577418 0.680057,0.583413 0.687251,0.591289 0.690894,0.595892 0.696629,0.608246 0.697732,0.619717 0.696837,0.619852 0.692719,0.618956 0.686249,0.619180 0.682131,0.609463 0.667512,0.591470 0.646426,0.580974 0.632672,0.578327
46 0.272398,0.611449 0.276742,0.617703 0.280044,0.625037 0.282767,0.633375 0.283288,0.643335 0.282882,0.650438 0.279523,0.660011 0.275468,0.666892 0.266663,0.673532 0.257453,0.675925 0.245810,0.674767 0.235963,0.668128 0.229069,0.660793 0.223682,0.650371 0.221134,0.641106 0.220902,0.629515 0.222524,0.620945 0.227332,0.611140 0.233472,0.604037 0.238569,0.600872 0.245173,0.599637 0.254093,0.600332 0.260581,0.602262 0.267127,0.605659 0.271066,0.609519
70 0.169866,0.555075 0.171863,0.543368 0.177053,0.531927 0.181408,0.530524 0.190076,0.530959 0.195891,0.532989 0.197978,0.534236 0.199149,0.536318 0.199302,0.537945 0.199302,0.538837 0.197053,0.542959 0.197053,0.544083 0.194255,0.549757 0.191626,0.553745 0.186204,0.564256 0.183839,0.568065 0.180713,0.567904 0.172458,0.564162 0.170477,0.558659 0.170245,0.560026 0.169866,0.555075
46 0.623363,0.676231 0.629039,0.681790 0.634832,0.685187 0.641088,0.687349 0.652789,0.685187 0.661015,0.679937 0.669761,0.671831 0.674453,0.661640 0.675843,0.652761 0.676133,0.639791 0.674106,0.632997 0.670225,0.624883 0.665533,0.618629 0.659856,0.614074 0.653484,0.611912 0.646070,0.611295 0.638539,0.612762 0.631588,0.616004 0.623131,0.625037 0.618613,0.634456 0.616006,0.644107 0.615774,0.655456 0.617049,0.663408 0.619250,0.670434 0.621915,0.674911
51 0.310088,0.642572 0.313495,0.641886 0.463803,0.640580 0.476013,0.640974 0.476043,0.641084 0.573452,0.640579 0.576316,0.640744 0.584043,0.640212 0.592157,0.640329 0.591558,0.652302 0.540054,0.654113 0.313278,0.652826 0.310088,0.642572
72 0.736850,0.552320 0.737975,0.549323 0.752313,0.523842 0.758217,0.515973 0.765116,0.509734 0.766386,0.513966 0.766186,0.532058 0.765188,0.544563 0.763391,0.555206 0.762380,0.556285 0.762370,0.556182 0.759165,0.558882 0.746822,0.563720 0.741832,0.564252 0.740096,0.564059 0.736850,0.557566 0.736850,0.552320
26 0.349914,0.512220 0.350461,0.508031 0.351417,0.507303 0.470836,0.500563 0.483134,0.500747 0.482450,0.504207
20 0.341989,0.483993 0.335431,0.484721 0.330238,0.486907 0.327506,0.490913 0.327916,0.495102 0.331741,0.503296 0.333654,0.509124 0.339530,0.510217 0.347864,0.509488 0.349641,0.508578 0.350461,0.496923 0.346361,0.484357
24 0.483134,0.505118 0.483270,0.501111 0.605012,0.496202 0.626737,0.495291 0.628514,0.498023
29 0.304686,0.537374 0.297307,0.536828 0.296078,0.537192 0.294985,0.538103 0.294438,0.539560 0.294438,0.542109 0.295121,0.543384 0.298400,0.544477 0.305505,0.545023 0.307418,0.543566 0.307555,0.542109 0.306872,0.539560 0.305915,0.538467
19 0.248735,0.641581 0.249588,0.642604 0.251550,0.643400 0.254109,0.643514 0.255047,0.642945 0.255900,0.641809 0.256582,0.638284 0.256326,0.637034 0.255644,0.635897 0.253853,0.634192 0.251977,0.633624 0.251124,0.633737 0.249418,0.634874 0.248053,0.637148 0.248122,0.640268
19 0.642425,0.645708 0.641487,0.647186 0.641317,0.650142 0.641572,0.652757 0.642511,0.654348 0.644558,0.655257 0.648311,0.655030 0.650443,0.653211 0.651079,0.650886 0.651125,0.648096 0.650272,0.645595 0.649334,0.644230 0.646861,0.643321 0.645837,0.643321 0.642937,0.645140
Мелкие 0.284954,0.487290 0.288492,0.483096 0.295568,0.477593 0.310703,0.468682 0.323179,0.464880 0.324283,0.465051 0.324748,0.465946 0.316953,0.470322 0.308142,0.477339 0.300187,0.487782 0.300518,0.489168 0.300487,0.489208 0.295720,0.491728 0.292903,0.492478 0.285347,0.490435 0.284954,0.487290
