9 0.135953,0.429999 0.138080,0.419435 0.140399,0.414025 0.144459,0.412479 0.172682,0.407583 0.211537,0.401915 0.255611,0.372028 0.262764,0.372028 0.294853,0.378244 0.286347,0.384685 0.275135,0.396795 0.273589,0.400659 0.274169,0.406070 0.279001,0.411738 0.288280,0.420756 0.296206,0.426166 0.308123,0.426897 0.298788,0.448852 0.298595,0.453232 0.299948,0.459931 0.303235,0.471010 0.314640,0.498063 0.336484,0.543951 0.357361,0.584401 0.367026,0.598829 0.377465,0.607847 0.390833,0.611862 0.350912,0.610925 0.345113,0.582568 0.339700,0.567109 0.334094,0.557319 0.326942,0.547528 0.318436,0.538253 0.298139,0.524583 0.287120,0.520976 0.265856,0.520203 0.255804,0.523294 0.247492,0.527674 0.239373,0.533858 0.233767,0.539784 0.226228,0.537722 0.183700,0.520976 0.169396,0.511958 0.166109,0.505259 0.167849,0.503706 0.170749,0.500614 0.172875,0.496492 0.172875,0.493916 0.171522,0.489278 0.162630,0.470964 0.147358,0.445973 0.136533,0.437986 0.135953,0.429999
7 0.723594,0.627138 0.726300,0.610391 0.731906,0.590294 0.741571,0.570713 0.752783,0.558862 0.766121,0.551390 0.777720,0.550102 0.796278,0.549586 0.809229,0.553451 0.825081,0.563242 0.834939,0.576897 0.841705,0.595447 0.846538,0.613998 0.846731,0.627653 0.844218,0.643112 0.838419,0.663981 0.825854,0.680470 0.812709,0.692322 0.793378,0.697990 0.758582,0.695671 0.742924,0.683304 0.733646,0.667073 0.725527,0.643369 0.723594,0.627138
7 0.226350,0.609473 0.228090,0.583966 0.234663,0.565158 0.249354,0.547638 0.269651,0.534241 0.283570,0.533468 0.303094,0.537332 0.315466,0.544546 0.328224,0.555368 0.336730,0.570311 0.342142,0.587058 0.345235,0.613853 0.340016,0.645543 0.330544,0.665125 0.313726,0.682129 0.289176,0.684190 0.273324,0.682644 0.258826,0.679037 0.245982,0.667305 0.235629,0.648635 0.229057,0.630085 0.227704,0.624159
12 0.301770,0.344676 0.315688,0.338492 0.313755,0.329474 0.342558,0.315561 0.367495,0.307832 0.416595,0.303710 0.469948,0.301651 0.506870,0.302682 0.538766,0.305782 0.565249,0.308874 0.593472,0.318183 0.607777,0.325397 0.608744,0.327974 0.607149,0.332188 0.604373,0.335489 0.598498,0.340598 0.598498,0.341886 0.618796,0.353223 0.655524,0.377209 0.704625,0.415598 0.717222,0.426186 0.708339,0.434180 0.693371,0.421075 0.688572,0.416791 0.687828,0.415793 0.645337,0.382499 0.608558,0.357717 0.576524,0.343480 0.548446,0.336097 0.522345,0.331879 0.484977,0.329746 0.471413,0.329787 0.440290,0.330046 0.425599,0.330303 0.387130,0.333395 0.372246,0.336745 0.356866,0.341869 0.346811,0.344683 0.330186,0.352155 0.295059,0.377960 0.262764,0.372028 0.255611,0.372028
11 0.694932,0.459740 0.698703,0.460054 0.708369,0.459023 0.719000,0.456447 0.722287,0.453871 0.723253,0.450264 0.719967,0.444853 0.714554,0.439128 0.707982,0.434491 0.717454,0.426246 0.724993,0.431914 0.734852,0.435264 0.742197,0.440932 0.760562,0.448146 0.811788,0.461286 0.857725,0.476235 0.878989,0.486798 0.883699,0.490951 0.868235,0.491724 0.860309,0.493785 0.857989,0.499195 0.859922,0.506925 0.868814,0.520580 0.878673,0.537327 0.865722,0.537327 0.857603,0.539131 0.830733,0.548921 0.823000,0.542480 0.814688,0.537069 0.805796,0.533978 0.794971,0.533205 0.786272,0.533720 0.775640,0.535266 0.762688,0.539131 0.749350,0.548406 0.736012,0.562061 0.724800,0.582415 0.719961,0.594043 0.715829,0.594179 0.714929,0.594921 0.713395,0.608200 0.711075,0.630100 0.699922,0.629019 0.701889,0.581290 0.705053,0.532779 0.704262,0.511160 0.701889,0.482686 0.694932,0.459740
6 0.721068,0.396921 0.739819,0.401301 0.783314,0.414183 0.829901,0.432734 0.858897,0.448708 0.885574,0.466228 0.902392,0.482202 0.906258,0.495599 0.898719,0.492508 0.887700,0.490446 0.882729,0.490096 0.878989,0.486798 0.857725,0.476235 0.811788,0.461286 0.760562,0.448146 0.742197,0.440932 0.735484,0.435752 0.738080,0.435310 0.750258,0.434795 0.753931,0.431446 0.755477,0.427323 0.755864,0.422943 0.754124,0.417275 0.748712,0.412637 0.743106,0.408257 0.735953,0.403877 0.727254,0.400013 0.711790,0.395375
15 0.209046,0.395868 0.210399,0.391488 0.214652,0.387108 0.229150,0.380152 0.230435,0.379632 0.275850,0.350541 0.305675,0.333015 0.312860,0.329581 0.313772,0.329551 0.315688,0.338492 0.301770,0.344676 0.255611,0.372028 0.211537,0.401915 0.211471,0.401925 0.210399,0.400248 0.209046,0.395868
41 0.659988,0.395057 0.687538,0.416448 0.694493,0.459050 0.680316,0.458693 0.668948,0.456733 0.653702,0.456198 0.646881,0.454950 0.645677,0.449424 0.645677,0.435699 0.649288,0.426964 0.657580,0.418052 0.661860,0.416626
0 0.128822,0.534262 0.129789,0.525502 0.135781,0.511589 0.136554,0.493296 0.138681,0.496903 0.141967,0.500510 0.150473,0.502829 0.166110,0.505261 0.169396,0.511958 0.183700,0.520976 0.226228,0.537722 0.233767,0.539784 0.234002,0.539536 0.233402,0.541734 0.229922,0.544053 0.224703,0.552040 0.217744,0.570075 0.216972,0.575228 0.212333,0.574713 0.210398,0.575228 0.209238,0.582699 0.208852,0.600219 0.209238,0.611556 0.211945,0.617739 0.168644,0.604342 0.147380,0.595324 0.139261,0.584761 0.135781,0.572909 0.133268,0.561315 0.130369,0.546887 0.128822,0.534262
66 0.336279,0.380644 0.348348,0.349556 0.361232,0.345218 0.380217,0.340699 0.408539,0.337049 0.429444,0.335277 0.454125,0.335277 0.468772,0.335098 0.468907,0.361126 0.473518,0.435774 0.430122,0.431797 0.339805,0.424746 0.336279,0.380644
69 0.489384,0.335104 0.499827,0.335827 0.532509,0.338538 0.553800,0.342876 0.576990,0.350287 0.596246,0.358239 0.612384,0.367107 0.632455,0.380663 0.650491,0.393676 0.657678,0.398918 0.660259,0.401564 0.661860,0.416445 0.657580,0.417871 0.649288,0.426784 0.645677,0.435518 0.645677,0.449244 0.646468,0.452872 0.634353,0.451334 0.564378,0.444466 0.507014,0.437419
1 0.831298,0.548715 0.857603,0.539131 0.865722,0.537327 0.877248,0.537327 0.879955,0.538530 0.891941,0.538015 0.910885,0.533892 0.913398,0.528224 0.919004,0.533892 0.924416,0.541106 0.925190,0.568417 0.920744,0.573312 0.917457,0.583876 0.917457,0.591605 0.919970,0.614793 0.917844,0.621234 0.906052,0.631282 0.891361,0.642103 0.871257,0.648029 0.853086,0.648287 0.856565,0.632313 0.856952,0.609125 0.855792,0.594439 0.851346,0.580268 0.846706,0.568417 0.840327,0.558626 0.832595,0.550382 0.831298,0.548715
54 0.471413,0.329787 0.484977,0.329746 0.501667,0.438889 0.491667,0.437778 0.490937,0.438255 0.477792,0.436967 0.471413,0.329787
67 0.273589,0.400486 0.275135,0.396621 0.286347,0.384512 0.294853,0.378071 0.295059,0.377786 0.330186,0.352850 0.345833,0.345556 0.308647,0.425490 0.308123,0.426723 0.296206,0.425993 0.288280,0.420582 0.279001,0.411564 0.274169,0.405896 0.273589,0.400486
13 0.141775,0.410812 0.146801,0.405401 0.172704,0.389685 0.183143,0.385820 0.217552,0.380925 0.229150,0.380152 0.214652,0.387108 0.210399,0.391488 0.209046,0.395868 0.210399,0.400248 0.211471,0.401925 0.172682,0.407583 0.144459,0.412479 0.140399,0.414025
56 0.216972,0.575228 0.217744,0.570075 0.224703,0.552040 0.229922,0.544053 0.232226,0.541449 0.234002,0.539536 0.239373,0.533858 0.247492,0.527674 0.255804,0.523294 0.265856,0.520203 0.287120,0.520976 0.298139,0.524583 0.318436,0.538253 0.326942,0.547528 0.334094,0.557319 0.339700,0.567109 0.345113,0.582568 0.350912,0.610925 0.344911,0.615819 0.345235,0.613853 0.342142,0.587058 0.336730,0.570311 0.328224,0.555368 0.315466,0.544546 0.303094,0.537332 0.283570,0.533468 0.269651,0.534241 0.249354,0.547638 0.234663,0.565158 0.230844,0.576085 0.228224,0.575217 0.217292,0.575794 0.216979,0.575256 0.216972,0.575300
45 0.708338,0.643617 0.710033,0.633885 0.711075,0.630100 0.713395,0.608200 0.714622,0.599630 0.715083,0.595347 0.715885,0.594579 0.720074,0.594261 0.724507,0.595998 0.724116,0.611987 0.723887,0.615989 0.723594,0.627138 0.724450,0.634332 0.723986,0.637708 0.720987,0.665863 0.718248,0.671250 0.713815,0.670381 0.709512,0.656825 0.708338,0.643617
43 0.208852,0.600291 0.209238,0.582772 0.210398,0.575300 0.212333,0.574785 0.216972,0.575300 0.216979,0.575256 0.217292,0.575794 0.228224,0.575217 0.230867,0.576092 0.228090,0.584038 0.226350,0.609545 0.226828,0.614729 0.226546,0.615774 0.222650,0.627387 0.221243,0.643185 0.214688,0.643066 0.214315,0.641670 0.214315,0.620751 0.211897,0.617702 0.209238,0.611628 0.208852,0.600291
71 0.857989,0.499195 0.860309,0.493785 0.868235,0.491724 0.883699,0.490951 0.887700,0.490446 0.898719,0.492508 0.906045,0.495512 0.908310,0.502444 0.910755,0.512833 0.912642,0.529929 0.910885,0.533892 0.891941,0.538015 0.879955,0.538530 0.878673,0.537327 0.868814,0.520580 0.859922,0.506925 0.857989,0.499195
14 0.598498,0.340598 0.604373,0.335489 0.607149,0.332188 0.608744,0.327974 0.607933,0.325813 0.641402,0.349493 0.667892,0.369069 0.701595,0.391279 0.718119,0.404562 0.732806,0.419594 0.735429,0.425187 0.735954,0.430431 0.735691,0.434451 0.735140,0.435486 0.734852,0.435264 0.724993,0.431914 0.717454,0.426246 0.704625,0.415598 0.655524,0.377209 0.618796,0.353223 0.598498,0.341886 0.598498,0.340598
58 0.720547,0.592978 0.724800,0.582415 0.736012,0.562061 0.749350,0.548406 0.762688,0.539131 0.775640,0.535266 0.786272,0.533720 0.794971,0.533205 0.805796,0.533978 0.814688,0.537069 0.823000,0.542480 0.830733,0.548921 0.831298,0.548715 0.832595,0.550382 0.840327,0.558626 0.846706,0.568417 0.851346,0.580268 0.855792,0.594439 0.856952,0.609125 0.856565,0.632313 0.853574,0.646043 0.844779,0.639660 0.846731,0.627653 0.846538,0.613998 0.841705,0.595447 0.834939,0.576897 0.825081,0.563242 0.809229,0.553451 0.796278,0.549586 0.777720,0.550102 0.766121,0.551390 0.752783,0.558862 0.741571,0.570713 0.731906,0.590294 0.726300,0.610391 0.723819,0.625744 0.723632,0.625677 0.723887,0.615989 0.724116,0.611987 0.724507,0.595998 0.720074,0.594261
46 0.745460,0.637078 0.747905,0.651949 0.754630,0.663357 0.765635,0.674153 0.778932,0.678839 0.794827,0.677820 0.809347,0.669468 0.817753,0.658875 0.822797,0.647264 0.826007,0.635652 0.826771,0.623430 0.824325,0.609578 0.821421,0.601429 0.818212,0.594503 0.811792,0.587781 0.803233,0.582281 0.793757,0.578614 0.781224,0.578614 0.770220,0.582077 0.759980,0.590022 0.753407,0.598374 0.748517,0.608763 0.746071,0.619763 0.745001,0.628726
46 0.249412,0.635446 0.255067,0.646854 0.261028,0.653780 0.270810,0.661928 0.281050,0.664373 0.292513,0.663762 0.304740,0.658669 0.313299,0.649502 0.319413,0.635650 0.322011,0.622205 0.321094,0.607538 0.317273,0.595112 0.310090,0.581463 0.303518,0.574336 0.294348,0.569040 0.285483,0.566391 0.275243,0.566391 0.264697,0.569651 0.255526,0.578614 0.250635,0.585744 0.246356,0.597151 0.245439,0.608763 0.245897,0.623430
73 0.135111,0.465794 0.135569,0.450923 0.136574,0.438016 0.147358,0.445973 0.162630,0.470964 0.171522,0.489278 0.172875,0.493916 0.172875,0.496492 0.170749,0.500614 0.167849,0.503706 0.166109,0.505259 0.166110,0.505261 0.150473,0.502829 0.141967,0.500510 0.138681,0.496903 0.136554,0.493296 0.135569,0.481276 0.135111,0.465794
35 0.321735,0.465166 0.353833,0.468909 0.355438,0.471761 0.355171,0.474078 0.352763,0.477287 0.339924,0.474613 0.319863,0.475504 0.317322,0.473544 0.317188,0.469087 0.319194,0.466235
50 0.693371,0.421075 0.708333,0.434444 0.714554,0.439128 0.719967,0.444853 0.723253,0.450264 0.722287,0.453871 0.719000,0.456447 0.708369,0.459023 0.698703,0.460054 0.694932,0.459740 0.694375,0.457903 0.689955,0.418125
35 0.509374,0.479263 0.516462,0.479976 0.526091,0.481402 0.538529,0.482294 0.542007,0.483720 0.542542,0.487641 0.540669,0.489424 0.534651,0.488711 0.520742,0.488354 0.511915,0.489067 0.507368,0.488711 0.504693,0.487106 0.503489,0.484254 0.504158,0.480689
52 0.350549,0.613683 0.351916,0.610949 0.390833,0.611862 0.499460,0.617553 0.583115,0.620141 0.699936,0.628689 0.699922,0.629019 0.711075,0.630100 0.710033,0.633885 0.708443,0.643014 0.681471,0.640992 0.352209,0.626774 0.350825,0.623640 0.350549,0.613683
5 0.485748,0.329790 0.522345,0.331879 0.548446,0.336097 0.576524,0.343480 0.608558,0.357717 0.645337,0.382499 0.687828,0.415793 0.688572,0.416791 0.689694,0.417793 0.694654,0.459459 0.694967,0.459854 0.701889,0.482686 0.704262,0.511160 0.705053,0.532779 0.701889,0.581290 0.699936,0.628689 0.583115,0.620141 0.499460,0.617553 0.499637,0.559922 0.497872,0.498727 0.495577,0.466736 0.492048,0.442979 0.491338,0.438009 0.502104,0.438950 0.487500,0.345556 0.485000,0.330000
3 0.298595,0.453401 0.298788,0.449021 0.308123,0.427066 0.307557,0.427031 0.313438,0.419399 0.346534,0.344977 0.346811,0.344853 0.356866,0.342038 0.372246,0.336914 0.387130,0.333564 0.425599,0.330473 0.440290,0.330215 0.471413,0.329956 0.471667,0.332222 0.477500,0.436667 0.492397,0.438193 0.492428,0.438274 0.491338,0.438179 0.492048,0.443148 0.495577,0.466906 0.497872,0.498896 0.499637,0.560092 0.499462,0.617304 0.389268,0.611561 0.377465,0.608016 0.367026,0.598998 0.357361,0.584570 0.336484,0.544120 0.314640,0.498232 0.303235,0.471179 0.299948,0.460100 0.298595,0.453401
19 0.779673,0.633988 0.781981,0.635932 0.783683,0.637065 0.787207,0.637227 0.790002,0.635284 0.790731,0.634150 0.791581,0.631559 0.791460,0.627024 0.790123,0.624756 0.788422,0.622975 0.784412,0.621679 0.782346,0.622975 0.779673,0.626538 0.779308,0.629939
21 0.679325,0.444441 0.685283,0.441342 0.684121,0.431270 0.682377,0.426040 0.673657,0.419842 0.664792,0.418679 0.657961,0.420035 0.650985,0.426427 0.648079,0.435144 0.650404,0.443473 0.661885,0.445216 0.675110,0.445023
29 0.713871,0.490209 0.722134,0.491504 0.727238,0.493286 0.727845,0.495877 0.726752,0.499440 0.724174,0.500179 0.712777,0.498145 0.711927,0.496687 0.711683,0.493934 0.712170,0.491504
62 0.920747,0.573693 0.910786,0.578856 0.897090,0.582544 0.892801,0.585125 0.891418,0.588260 0.891833,0.615550 0.893217,0.621450 0.898474,0.620897 0.913968,0.613890 0.916874,0.610387 0.917427,0.599876 0.916459,0.589735
19 0.277955,0.619913 0.280021,0.622667 0.282937,0.623315 0.285611,0.623153 0.287312,0.621533 0.288770,0.619104 0.289256,0.614245 0.287920,0.610682 0.286218,0.608900 0.285368,0.608414 0.281965,0.608414 0.279292,0.610196 0.278563,0.611330 0.278077,0.612625 0.277591,0.615864
33 0.912021,0.582478 0.908862,0.585070 0.896953,0.587985 0.896345,0.589119 0.896224,0.591710 0.898654,0.599808 0.903515,0.599970 0.908375,0.598998 0.911899,0.596083 0.912750,0.593654 0.912750,0.582478
47 0.214003,0.466318 0.214293,0.473679 0.217200,0.480071 0.220688,0.485107 0.224903,0.487625 0.229263,0.488400 0.234930,0.488400 0.239872,0.484720 0.243069,0.479877 0.244813,0.474647 0.245249,0.467480 0.244522,0.461282 0.241906,0.455471 0.239000,0.451984 0.235076,0.448498 0.230280,0.446948 0.224757,0.447529 0.220688,0.449660 0.216619,0.454309 0.214439,0.460120
25 0.472119,0.436371 0.491197,0.437505 0.491197,0.442202 0.308070,0.426970 0.310257,0.422597
27 0.634345,0.454200 0.646010,0.455010 0.645889,0.452581 0.491926,0.437350 0.491804,0.442370
16 0.324617,0.274470 0.347462,0.308320 0.347097,0.316256 0.365082,0.311721 0.364839,0.307672 0.360829,0.304433 0.356940,0.300384 0.354267,0.298764 0.346247,0.301842 0.326925,0.273984 0.325224,0.271879 0.324252,0.271717 0.323766,0.273012
Мелкие 0.709313,0.397483 0.709798,0.396404 0.720733,0.398057 0.727254,0.400013 0.735953,0.403877 0.743106,0.408257 0.748712,0.412637 0.754124,0.417275 0.755864,0.422943 0.755477,0.427323 0.753931,0.431446 0.750258,0.434795 0.738080,0.435310 0.735484,0.435752 0.735140,0.435486 0.735691,0.434451 0.735954,0.430431 0.735429,0.425187 0.732806,0.419594 0.718119,0.404562 0.709313,0.397483
