8 0.390131,0.382508 0.397310,0.383729 0.388298,0.414265 0.385854,0.431365 0.386160,0.440526 0.390284,0.457627 0.362943,0.458237 0.361263,0.456202 0.369511,0.439508 0.381272,0.412637 0.386312,0.390854
9 0.612708,0.390310 0.610166,0.393133 0.617791,0.412895 0.624993,0.444512 0.622028,0.462580 0.643632,0.463144 0.648715,0.464838 0.642785,0.450723 0.627958,0.427574 0.622451,0.414588
7 0.356015,0.637126 0.370690,0.638498 0.387683,0.638498 0.390258,0.631635 0.391287,0.645705 0.385366,0.650852 0.360906,0.652568 0.357302,0.646734
7 0.604002,0.635781 0.606061,0.643674 0.610696,0.650194 0.617133,0.651223 0.635928,0.651910 0.640047,0.642301 0.641334,0.635438 0.625886,0.635438 0.615073,0.634066
13 0.385854,0.431365 0.388298,0.414265 0.388842,0.412421 0.402921,0.413395 0.413734,0.413052 0.446947,0.412366 0.615073,0.416827 0.618563,0.416280 0.624993,0.444512 0.623131,0.455857 0.609666,0.507763 0.610181,0.511881 0.613013,0.521490 0.611726,0.528696 0.605547,0.540706 0.599625,0.549285 0.588039,0.553403 0.427122,0.551344 0.415536,0.549972 0.408070,0.542422 0.400861,0.531441 0.396484,0.520803 0.400603,0.507763 0.401118,0.502616 0.391335,0.458692 0.390209,0.457317 0.386160,0.440526 0.385854,0.431365
12 0.390247,0.381977 0.391539,0.378366 0.400603,0.352292 0.409872,0.336850 0.415536,0.333762 0.445145,0.327585 0.471922,0.324496 0.489299,0.323758 0.552316,0.327591 0.577998,0.332389 0.587524,0.336164 0.596278,0.347831 0.604774,0.368764 0.612423,0.390284 0.610465,0.392459 0.609218,0.390200 0.598864,0.361214 0.595895,0.355912 0.561715,0.349640 0.510027,0.346115 0.476813,0.346115 0.426608,0.347145 0.408327,0.349890 0.403178,0.363959 0.397447,0.383182 0.390247,0.381977
40 0.376357,0.390569 0.378509,0.389015 0.382813,0.386984 0.387476,0.386506 0.388233,0.386657 0.386312,0.390854 0.382925,0.405495 0.379226,0.404791 0.377164,0.402281 0.376536,0.397381 0.376357,0.390569
15 0.388782,0.412327 0.389619,0.410375 0.391161,0.404565 0.397310,0.383729 0.397447,0.383182 0.403178,0.363959 0.408327,0.349890 0.426608,0.347145 0.476813,0.346115 0.510027,0.346115 0.561715,0.349640 0.595895,0.355912 0.598864,0.361214 0.609218,0.390200 0.610166,0.393133 0.617791,0.412895 0.618563,0.416280 0.615073,0.416827 0.446947,0.412366 0.413734,0.413052 0.402921,0.413395 0.388782,0.412327
43 0.620099,0.631409 0.631128,0.629258 0.638750,0.625792 0.643771,0.620892 0.646820,0.614438 0.649152,0.604399 0.649421,0.608224 0.649062,0.631648 0.647627,0.634875 0.624403,0.635233 0.620727,0.634516 0.620189,0.632365 0.620099,0.631409
0 0.351758,0.529861 0.353826,0.511597 0.356412,0.516766 0.361583,0.518833 0.395195,0.520901 0.396524,0.520901 0.400861,0.531441 0.408070,0.542422 0.415536,0.549972 0.427122,0.551344 0.588039,0.553403 0.599625,0.549285 0.605547,0.540706 0.611726,0.528696 0.612387,0.524997 0.613935,0.525033 0.641083,0.523310 0.649357,0.520208 0.650650,0.517796 0.650133,0.534682 0.651167,0.546399 0.653752,0.553291 0.653494,0.571555 0.649098,0.599124 0.648416,0.607566 0.646820,0.614438 0.643771,0.620892 0.638750,0.625792 0.631128,0.629258 0.620099,0.631409 0.620189,0.632365 0.620409,0.633244 0.551105,0.636687 0.421568,0.637379 0.418982,0.629798 0.414070,0.623940 0.409674,0.621872 0.403728,0.622217 0.397522,0.626007 0.393385,0.631176 0.379682,0.630487 0.362358,0.622906 0.356929,0.609121 0.354085,0.584999 0.351758,0.529861
42 0.351684,0.612151 0.352763,0.581093 0.353960,0.582052 0.354085,0.584999 0.356929,0.609121 0.362358,0.622906 0.379682,0.630487 0.389649,0.630989 0.389596,0.633398 0.387683,0.638498 0.370690,0.638498 0.356803,0.637199 0.352116,0.631994 0.351684,0.612151
72 0.353842,0.509487 0.358157,0.467213 0.360962,0.458298 0.362343,0.457510 0.362943,0.458237 0.390284,0.457627 0.390209,0.457317 0.391335,0.458692 0.401118,0.502616 0.400603,0.507763 0.396484,0.520803 0.396524,0.520901 0.395195,0.520901 0.361583,0.518833 0.356412,0.516766 0.353842,0.511629 0.353842,0.509487
73 0.609666,0.507763 0.622028,0.462580 0.643090,0.463130 0.648598,0.466759 0.650971,0.479125 0.650971,0.501269 0.649690,0.519587 0.649357,0.520208 0.641083,0.523310 0.613935,0.525033 0.612387,0.524997 0.613013,0.521490 0.610181,0.511881 0.609666,0.507763
48 0.360336,0.603099 0.362709,0.609713 0.373066,0.614314 0.410609,0.618053 0.581926,0.619778 0.627237,0.616327 0.637674,0.614079 0.643635,0.611439 0.644498,0.604824 0.632243,0.607647 0.618822,0.610288 0.612349,0.610288 0.610407,0.614314 0.593578,0.615465 0.493679,0.616328 0.396800,0.613737 0.392916,0.608560 0.382775,0.607698 0.367025,0.605685
16 0.500799,0.326671 0.496484,0.335010 0.498210,0.338174 0.502525,0.338749 0.506624,0.338174 0.507056,0.334723 0.503604,0.329546 0.503388,0.327246 0.503820,0.300214 0.502956,0.299351 0.501878,0.301652
59 0.451173,0.486321 0.557113,0.485171 0.557329,0.520830 0.450957,0.520830
36 0.360337,0.605123 0.363789,0.607711 0.371341,0.610012 0.388602,0.612888 0.396585,0.612312 0.394212,0.609437 0.383639,0.608286 0.361631,0.602822
39 0.496699,0.459531 0.499288,0.467008 0.502526,0.470174 0.507920,0.470461 0.512235,0.469311 0.515472,0.466723 0.517198,0.461547 0.517845,0.456083 0.517020,0.449962 0.514393,0.446305 0.509646,0.444867 0.504468,0.444004 0.499721,0.446305 0.497348,0.451481
