11 0.390003,0.399987 0.386107,0.409901 0.382211,0.431145 0.379023,0.455694 0.379731,0.482131 0.371585,0.475522 0.368397,0.475522 0.366272,0.478826 0.364974,0.493306 0.363792,0.520843 0.359542,0.515177 0.353874,0.512345 0.354229,0.497710 0.357062,0.479771 0.369105,0.450973 0.375481,0.424536 0.382919,0.406124 0.386107,0.392433 0.390784,0.394090
10 0.620952,0.376422 0.626195,0.376025 0.630063,0.386909 0.640830,0.412851 0.647870,0.428030 0.653461,0.443209 0.662158,0.454249 0.665471,0.461976 0.668370,0.472463 0.671062,0.493162 0.668991,0.493714 0.665471,0.496750 0.662572,0.502545 0.662986,0.489574 0.658845,0.465564 0.652840,0.457560 0.644765,0.466116 0.644972,0.455904 0.643108,0.443761 0.635447,0.413403 0.628613,0.394637 0.624886,0.386909 0.624265,0.382770 0.620952,0.376422
12 0.391093,0.372543 0.399572,0.341123 0.408257,0.317971 0.417769,0.297024 0.423353,0.291788 0.428316,0.289858 0.440516,0.287102 0.472156,0.281865 0.484770,0.281865 0.531298,0.278558 0.552391,0.280487 0.582169,0.284897 0.586718,0.289858 0.595610,0.302261 0.613394,0.338378 0.620839,0.357672 0.626180,0.375924 0.621297,0.376389 0.619185,0.373933 0.609467,0.343615 0.591269,0.302548 0.586099,0.301721 0.513102,0.301721 0.479601,0.303651 0.436382,0.308060 0.414462,0.312195 0.410326,0.323219 0.394403,0.374484 0.390652,0.394049 0.386107,0.392433
1 0.353307,0.522989 0.353681,0.512169 0.359278,0.514966 0.363528,0.520631 0.363542,0.519424 0.365073,0.524142 0.371475,0.529677 0.383932,0.537748 0.396736,0.542591 0.407464,0.545589 0.417153,0.544897 0.425977,0.550201 0.435839,0.553660 0.446221,0.554813 0.492591,0.552970 0.572355,0.547672 0.595367,0.545135 0.618552,0.531760 0.624089,0.531299 0.633259,0.528297 0.647620,0.519073 0.662327,0.506159 0.662868,0.501214 0.665207,0.496538 0.668727,0.493502 0.670064,0.493146 0.670805,0.494629 0.672189,0.501547 0.672535,0.533832 0.671843,0.559199 0.669421,0.599094 0.667172,0.608780 0.661462,0.618004 0.646063,0.629535 0.632567,0.636928 0.597097,0.643154 0.505222,0.648927 0.440512,0.651002 0.405043,0.650307 0.377705,0.643158 0.364036,0.633703 0.358153,0.605338 0.355212,0.555296 0.354173,0.538901 0.353307,0.522989
14 0.390784,0.394090 0.394403,0.374484 0.410326,0.323219 0.414462,0.312195 0.436382,0.308060 0.479601,0.303651 0.513102,0.301721 0.586099,0.301721 0.591269,0.302548 0.609467,0.343615 0.619185,0.373933 0.619815,0.374666 0.620835,0.379121 0.620509,0.390221 0.611600,0.391870 0.496522,0.400776 0.402233,0.403415 0.395551,0.402755 0.392582,0.401106 0.390470,0.398121
6 0.379023,0.455904 0.382211,0.431355 0.386107,0.410111 0.390003,0.400197 0.390470,0.398331 0.392582,0.401316 0.395551,0.402965 0.402233,0.403625 0.496522,0.400986 0.611600,0.392080 0.620509,0.390431 0.624830,0.386745 0.624886,0.387119 0.628613,0.394847 0.635447,0.413613 0.643108,0.443971 0.644972,0.456114 0.644558,0.465890 0.638248,0.472103 0.617674,0.489121 0.607742,0.497112 0.599610,0.500340 0.536111,0.506792 0.501506,0.508867 0.448215,0.510247 0.425030,0.509094 0.420704,0.507479 0.381255,0.482343 0.379648,0.479216 0.379023,0.455904
41 0.352688,0.383174 0.353062,0.379017 0.353936,0.377022 0.358426,0.374196 0.366659,0.372201 0.375390,0.372201 0.379756,0.373531 0.381502,0.375692 0.382001,0.393149 0.383373,0.393814 0.385244,0.392816 0.385612,0.394560 0.383421,0.403970 0.382001,0.406781 0.358177,0.400131 0.356555,0.398136 0.354434,0.392650 0.352688,0.383174
40 0.627751,0.379206 0.629615,0.379891 0.632609,0.379725 0.631486,0.371080 0.631486,0.364763 0.632609,0.361936 0.634477,0.360105 0.638842,0.358608 0.645079,0.357943 0.650318,0.358608 0.661045,0.362100 0.661794,0.366588 0.661295,0.374236 0.660047,0.381385 0.657553,0.383380 0.653811,0.385208 0.633607,0.392028 0.632541,0.392880 0.630063,0.386909 0.627751,0.379206
71 0.363840,0.519738 0.364974,0.493306 0.366272,0.478826 0.368397,0.475522 0.371585,0.475522 0.379731,0.482131 0.381255,0.482133 0.420704,0.507269 0.421844,0.507695 0.422425,0.510948 0.430945,0.536863 0.420240,0.542104 0.416561,0.545169 0.407728,0.545800 0.397000,0.542802 0.384197,0.537959 0.371739,0.529888 0.365337,0.524353 0.363840,0.519738
70 0.601057,0.524364 0.607910,0.498327 0.607836,0.497036 0.617674,0.489121 0.638248,0.472103 0.644558,0.465890 0.644765,0.466116 0.652840,0.457560 0.658845,0.465564 0.662986,0.489574 0.662572,0.502545 0.662591,0.506370 0.647884,0.519284 0.633523,0.528509 0.624353,0.531510 0.618816,0.531971 0.618635,0.532076 0.617127,0.531923 0.607674,0.527934 0.601057,0.524364
63 0.416561,0.545169 0.420240,0.542104 0.430945,0.536863 0.422425,0.510948 0.421884,0.507920 0.425030,0.509094 0.448215,0.510247 0.501506,0.508867 0.536111,0.506792 0.599610,0.500340 0.604669,0.498332 0.607879,0.498445 0.601057,0.524364 0.607674,0.527934 0.617127,0.531923 0.618635,0.532076 0.595631,0.545347 0.572619,0.547883 0.492856,0.553182 0.446485,0.555024 0.436104,0.553871 0.426241,0.550412 0.417417,0.545108 0.416561,0.545169
59 0.458616,0.569618 0.462631,0.567787 0.499824,0.566942 0.568398,0.561028 0.574315,0.560887 0.575266,0.561309 0.576323,0.563563 0.576323,0.569618 0.577591,0.592573 0.576746,0.597220 0.574844,0.598629 0.466752,0.606938 0.463582,0.606938 0.461892,0.606374 0.459778,0.604262 0.459144,0.591024
61 0.626699,0.624699 0.628053,0.580418 0.632699,0.577529 0.646464,0.570796 0.664648,0.558509 0.667048,0.555648 0.667553,0.559519 0.664648,0.585103 0.662375,0.596043 0.652904,0.604964 0.635351,0.618934 0.626699,0.624699
62 0.362238,0.575464 0.363754,0.575127 0.365396,0.576810 0.391789,0.590107 0.411489,0.595325 0.417080,0.596114 0.420268,0.638442 0.417803,0.638750 0.404165,0.636730 0.385727,0.626799 0.373857,0.619225 0.369942,0.615691 0.366785,0.603404 0.362238,0.575464
60 0.417045,0.595658 0.458088,0.596836 0.459416,0.596698 0.459778,0.604262 0.461892,0.606374 0.463582,0.606938 0.466752,0.606938 0.574844,0.598629 0.576746,0.597220 0.577591,0.592573 0.577323,0.587732 0.579825,0.587759 0.602808,0.584729 0.628065,0.580017 0.626676,0.625461 0.572879,0.633198 0.482839,0.637406 0.420329,0.639251 0.417045,0.595658
20 0.632696,0.378411 0.631686,0.374372 0.631560,0.368986 0.632444,0.363600 0.634717,0.360233 0.638758,0.358887 0.644441,0.358550 0.655301,0.359728 0.658711,0.362253 0.661236,0.363431 0.660984,0.375382 0.658837,0.379253 0.645704,0.382787 0.635096,0.382114 0.633580,0.380768
33 0.373944,0.587311 0.386573,0.593370 0.399327,0.598588 0.401222,0.601449 0.405010,0.614578 0.404126,0.615588 0.401474,0.614746 0.381269,0.606330 0.376218,0.602122 0.370409,0.588657 0.370661,0.586469 0.372682,0.586301
21 0.377859,0.373970 0.365735,0.372624 0.357022,0.375317 0.353360,0.379020 0.353360,0.384911 0.354370,0.391643 0.356012,0.395514 0.361694,0.396188 0.380889,0.396019 0.381395,0.383564 0.381016,0.377505 0.379374,0.374307
32 0.636141,0.583304 0.653063,0.573710 0.660135,0.568156 0.660641,0.570176 0.659126,0.576404 0.654074,0.585156 0.646118,0.591552 0.636016,0.598284 0.631596,0.599799
39 0.503953,0.535331 0.505595,0.541054 0.509257,0.546440 0.513803,0.548123 0.518854,0.548460 0.523653,0.546608 0.527315,0.541391 0.529841,0.534658 0.529336,0.526242 0.527821,0.521025 0.524032,0.516985 0.520875,0.514460 0.515319,0.513451 0.512414,0.514124 0.507868,0.516144 0.504837,0.521193 0.503448,0.529272
18 0.414923,0.585156 0.415302,0.582126 0.416944,0.578928 0.419469,0.577919 0.422121,0.578087 0.424394,0.580275 0.425910,0.583136 0.426162,0.588186 0.424268,0.591215 0.422121,0.592225 0.418964,0.592393 0.415807,0.589869 0.414797,0.587176
