3 0.120215,0.152985 0.122869,0.144332 0.129948,0.134500 0.179204,0.108937 0.215188,0.096352 0.245568,0.092812 0.270344,0.092812 0.291286,0.094386 0.343492,0.101465 0.398648,0.113264 0.399825,0.119945 0.406609,0.149834 0.419293,0.219868 0.436202,0.223602 0.445838,0.247004 0.451737,0.274927 0.456752,0.313862 0.454982,0.430667 0.455572,0.447578 0.452917,0.464096 0.425919,0.463234 0.278432,0.457395 0.272980,0.457136 0.265330,0.455837 0.254712,0.447185 0.246748,0.433027 0.223447,0.372461 0.199261,0.318975 0.168586,0.252485 0.124639,0.166749 0.120215,0.152985
7 0.696221,0.521878 0.701779,0.537667 0.709754,0.551201 0.719662,0.559901 0.731262,0.566346 0.784429,0.564413 0.795787,0.562479 0.803279,0.553134 0.813428,0.525100 0.818745,0.500932 0.819228,0.480310 0.815603,0.458398 0.810287,0.436486 0.802795,0.421663 0.795062,0.411029 0.787329,0.403296 0.780562,0.398462 0.774279,0.395240 0.767270,0.392984 0.758329,0.391695 0.746971,0.394273 0.737304,0.399429 0.722804,0.413607 0.713862,0.429074 0.711687,0.454209 0.710962,0.475154 0.710962,0.495132 0.711687,0.507699 0.709271,0.512855 0.705646,0.517044 0.702262,0.519944 0.698396,0.520589
0 0.000000,0.309417 0.035041,0.313585 0.022958,0.320996 0.008942,0.332919 0.000000,0.343904
5 0.420774,0.119055 0.484682,0.136975 0.526182,0.155249 0.554900,0.170940 0.627733,0.230710 0.655092,0.261053 0.669046,0.280223 0.680603,0.301426 0.689516,0.341880 0.691118,0.395299 0.689993,0.441259 0.687525,0.461769 0.680859,0.477905 0.636631,0.474359 0.453786,0.464986 0.456863,0.446733 0.455979,0.432621 0.457144,0.360043 0.457945,0.313034 0.454196,0.281127 0.447860,0.249441 0.437448,0.224070 0.454648,0.228295 0.427302,0.141927 0.417338,0.117451
11 0.815690,0.342132 0.811544,0.343317 0.809619,0.345489 0.809323,0.348253 0.812432,0.352597 0.822057,0.363259 0.831238,0.374908 0.827536,0.379055 0.815838,0.393468 0.807990,0.399984 0.801919,0.389717 0.794168,0.380180 0.789733,0.375611 0.778947,0.368622 0.769271,0.366471 0.758586,0.365933 0.746087,0.369831 0.736813,0.376148 0.728850,0.385825 0.722500,0.394965 0.712521,0.418082 0.707682,0.435017 0.701129,0.469034 0.699818,0.480055 0.681775,0.477502 0.687722,0.462583 0.690545,0.441347 0.691251,0.393615 0.690041,0.342407 0.682277,0.305971 0.679347,0.295874 0.670275,0.281089 0.657775,0.263617 0.662815,0.254746 0.669771,0.261197 0.677734,0.267783 0.694063,0.276116 0.726521,0.290094 0.759503,0.305962 0.781275,0.319134 0.811616,0.335934 0.818873,0.342251
7 0.638463,0.533478 0.632663,0.548623 0.624205,0.559257 0.609463,0.569568 0.591822,0.569246 0.577080,0.567313 0.566688,0.560868 0.557747,0.550234 0.552430,0.536301 0.561727,0.535967 0.561609,0.526104 0.574663,0.525100 0.617921,0.527678 0.632421,0.530256
9 0.095621,0.094543 0.119076,0.104647 0.156242,0.118600 0.137659,0.127741 0.127375,0.133996 0.123225,0.139770 0.120700,0.144822 0.119437,0.152279 0.121602,0.161180 0.125390,0.170081 0.139463,0.196544 0.170140,0.258152 0.200819,0.322399 0.215613,0.355597 0.225175,0.378932 0.249357,0.442704 0.256574,0.451845 0.267038,0.458822 0.282554,0.462912 0.227526,0.462447 0.225542,0.437669 0.219768,0.406876 0.212371,0.385947 0.201185,0.363334 0.190721,0.348178 0.178433,0.334678 0.161113,0.319525 0.145417,0.310624 0.128999,0.304370 0.109514,0.298837 0.093456,0.297634 0.066574,0.301242 0.050878,0.306054 0.035181,0.312789 0.000000,0.306798 0.000361,0.117661
7 0.000000,0.403419 0.013292,0.379574 0.033108,0.357984 0.052925,0.344450 0.085791,0.333172 0.111891,0.332850 0.151282,0.346706 0.177382,0.365717 0.194057,0.387629 0.205415,0.416953 0.210974,0.445632 0.209282,0.485589 0.200824,0.525565 0.188015,0.551988 0.171341,0.570678 0.152249,0.580667 0.125183,0.583889 0.056550,0.584211 0.037941,0.573900 0.019333,0.557144 0.009183,0.542964 0.000000,0.526570
28 0.787924,0.445505 0.786061,0.447279 0.785928,0.448521 0.786727,0.449763 0.787924,0.450295 0.789787,0.449763 0.790585,0.448521 0.790585,0.447279 0.789787,0.446037
17 0.765307,0.462890 0.762380,0.462003 0.761183,0.462358 0.764642,0.468922 0.765972,0.469277 0.766903,0.467148 0.766637,0.464487
66 0.396139,0.114231 0.401120,0.141030 0.409023,0.188674 0.412458,0.219139 0.225708,0.185236 0.217119,0.097966 0.241512,0.094988 0.265219,0.094072 0.298373,0.096592 0.337368,0.102776 0.363823,0.108044
46 0.728040,0.476389 0.729051,0.458337 0.732890,0.444057 0.738144,0.431933 0.744206,0.423849 0.752693,0.416844 0.760371,0.414150 0.770070,0.414689 0.779366,0.419000 0.788661,0.427622 0.799168,0.447829 0.803007,0.459684 0.806241,0.477467 0.805836,0.491747 0.803614,0.509530 0.797956,0.525157 0.789671,0.537012 0.781386,0.543748 0.771889,0.545634 0.761786,0.544826 0.747035,0.534857 0.739558,0.524349 0.732890,0.510338 0.729455,0.495519 0.728040,0.484742
35 0.196568,0.226990 0.187793,0.226329 0.182386,0.227230 0.180190,0.230159 0.181035,0.235340 0.183231,0.237368 0.187624,0.238720 0.201817,0.238738 0.221585,0.240747 0.230709,0.242775 0.242536,0.247055 0.246143,0.245275 0.247002,0.242297 0.244768,0.237716 0.238928,0.234510 0.230510,0.231303 0.215221,0.228325 0.204914,0.227638 0.200276,0.227409
67 0.205588,0.106215 0.210226,0.133702 0.214864,0.183178 0.131721,0.167831 0.129316,0.160501 0.128628,0.151110 0.130690,0.143551 0.144089,0.133473 0.163672,0.123394 0.186692,0.113316
12 0.097356,0.093439 0.158457,0.117834 0.183311,0.105406 0.212999,0.095740 0.241650,0.091137 0.284801,0.092518 0.301370,0.095280 0.334165,0.098502 0.429095,0.118294 0.484328,0.135785 0.511253,0.146832 0.541637,0.162021 0.561007,0.174518 0.580808,0.190215 0.604969,0.210211 0.625901,0.228263 0.627047,0.222986 0.609551,0.207017 0.565812,0.172996 0.538619,0.156602 0.517686,0.144382 0.493942,0.134801 0.460498,0.123266 0.429985,0.115212 0.361235,0.098682 0.310499,0.088399 0.260186,0.080678 0.233617,0.078318 0.212060,0.078596 0.182265,0.079568 0.153730,0.083317
1 0.831092,0.376130 0.834325,0.379363 0.838569,0.382057 0.851703,0.412773 0.853522,0.427322 0.853522,0.469354 0.854128,0.484443 0.849682,0.497645 0.841600,0.504920 0.822598,0.504932 0.827852,0.493077 0.825427,0.455356 0.820779,0.431376 0.816334,0.414941 0.808857,0.400661 0.818153,0.392039
41 0.616090,0.227635 0.628802,0.270468 0.668140,0.280317 0.651821,0.256267 0.654054,0.238400 0.653539,0.226260 0.652336,0.219159 0.648042,0.214349 0.635158,0.209997 0.630691,0.211830 0.628286,0.216182 0.626569,0.222595 0.625194,0.233361
56 0.000000,0.345635 0.013793,0.330588 0.034482,0.315958 0.048588,0.308853 0.078995,0.301329 0.105954,0.299657 0.137928,0.310525 0.166141,0.326826 0.184949,0.345217 0.197488,0.362354 0.206579,0.378238 0.214416,0.396211 0.222253,0.427978 0.226328,0.466432 0.225074,0.477718 0.212222,0.469358 0.212535,0.444279 0.205952,0.415856 0.194980,0.386179 0.178366,0.364862 0.151721,0.343963 0.112223,0.330588 0.085265,0.331842 0.049529,0.343545 0.030093,0.358175 0.010658,0.378656 0.000000,0.398719
69 0.419525,0.120417 0.464189,0.132557 0.501467,0.145155 0.556094,0.173558 0.611446,0.219383 0.618490,0.240685 0.625533,0.268172 0.573482,0.254429 0.458539,0.228313 0.428066,0.139821
58 0.710095,0.428553 0.714390,0.415496 0.722463,0.398088 0.730022,0.385490 0.738611,0.375870 0.750464,0.368540 0.759741,0.366707 0.768330,0.367165 0.777950,0.369685 0.786539,0.374953 0.794441,0.381596 0.807669,0.400150 0.816773,0.419390 0.822614,0.440922 0.826221,0.470699 0.825878,0.487649 0.824504,0.499102 0.818663,0.505515 0.819474,0.488801 0.819178,0.479403 0.816989,0.464212 0.810500,0.436436 0.805607,0.425804 0.795815,0.409999 0.782073,0.397859 0.767815,0.391674 0.758882,0.390529 0.747372,0.392820 0.736550,0.399004 0.721948,0.412519 0.712328,0.429469 0.710095,0.428553
17 0.091230,0.454381 0.091230,0.453139 0.090432,0.450656 0.088702,0.448349 0.086839,0.447463 0.083513,0.447463 0.082449,0.448172 0.081385,0.449414 0.079788,0.453317 0.080054,0.455800 0.080853,0.457042 0.083779,0.459526 0.087638,0.459348 0.090432,0.457397 0.090964,0.456155
44 0.538854,0.526229 0.539460,0.533773 0.541077,0.536737 0.546533,0.534851 0.561081,0.534581 0.560273,0.524612
47 0.000404,0.169960 0.023642,0.172924 0.040009,0.176157 0.046274,0.181815 0.047890,0.188820 0.046678,0.210375 0.044859,0.222230 0.041020,0.227080 0.035968,0.230044 0.024450,0.231122 0.000000,0.228469
17 0.118370,0.449059 0.116641,0.453139 0.116242,0.455800 0.116508,0.457397 0.118504,0.459171 0.121297,0.460235 0.123293,0.460058 0.125289,0.458816 0.126087,0.457397 0.126619,0.454736 0.126619,0.453139 0.125688,0.450656 0.123426,0.448349 0.120898,0.447640
17 0.111053,0.472298 0.109856,0.474604 0.109723,0.477265 0.109590,0.478684 0.110521,0.481168 0.112384,0.483297 0.113315,0.483652 0.118104,0.483652 0.119036,0.482587 0.120765,0.478330 0.120632,0.475669 0.119169,0.473008 0.118237,0.472298 0.116002,0.470912 0.112783,0.471234
35 0.473719,0.273643 0.463811,0.273321 0.462603,0.274610 0.461878,0.278154 0.464053,0.281699 0.489428,0.282988 0.495953,0.284599 0.506344,0.289755 0.509002,0.289433 0.510452,0.286855 0.510452,0.283310 0.507794,0.280410 0.499094,0.276866 0.488219,0.273965 0.481910,0.272902 0.476861,0.272999
54 0.399598,0.114003 0.415231,0.117210 0.443575,0.202190 0.450275,0.225553 0.420728,0.219140 0.410780,0.161780 0.405768,0.135913
27 0.625373,0.268203 0.626559,0.271101 0.462669,0.235008 0.454965,0.232769 0.439847,0.230262 0.437871,0.224468 0.456638,0.228419 0.510468,0.240799 0.604228,0.262929
21 0.634420,0.210658 0.648161,0.215238 0.652809,0.219011 0.654223,0.226555 0.653415,0.236254 0.651394,0.251612 0.648767,0.260504 0.648363,0.251882 0.646342,0.245415 0.642099,0.242451 0.633410,0.240565
28 0.038322,0.431849 0.036725,0.431494 0.034730,0.433978 0.034863,0.436461 0.036193,0.439122 0.038455,0.439477 0.039918,0.438235 0.040584,0.433446
17 0.773955,0.468212 0.777547,0.472824 0.777281,0.474244 0.775152,0.474953 0.773422,0.473534 0.772890,0.471760 0.773023,0.469277
17 0.775285,0.486129 0.774620,0.487548 0.774620,0.488790 0.774753,0.490032 0.775684,0.490919 0.776615,0.489855 0.776615,0.486129
17 0.767036,0.490919 0.766105,0.491629 0.765573,0.492870 0.764509,0.496596 0.764509,0.497838 0.765440,0.497838 0.766504,0.496951 0.767968,0.494467 0.768234,0.491806
45 0.710091,0.430173 0.713355,0.430860 0.711637,0.445519 0.709748,0.482168 0.710263,0.500951 0.710950,0.507594 0.708030,0.513091 0.702533,0.518359 0.668176,0.516756 0.664912,0.511259 0.666114,0.507823 0.682262,0.506219 0.695318,0.502096 0.699097,0.498202 0.700471,0.486750 0.701330,0.471174 0.707858,0.436128
46 0.018994,0.472608 0.018186,0.454556 0.021823,0.431384 0.027885,0.415488 0.034958,0.402555 0.046274,0.388813 0.057994,0.378844 0.072744,0.371570 0.083454,0.367528 0.094164,0.365911 0.108915,0.366720 0.123262,0.369145 0.135588,0.375342 0.149530,0.383964 0.161250,0.396897 0.169333,0.408213 0.176810,0.423571 0.181457,0.438120 0.183074,0.452400 0.182872,0.474225 0.179234,0.490660 0.174183,0.504940 0.166100,0.519490 0.155592,0.533770 0.138619,0.546433 0.121443,0.553977 0.106894,0.556672 0.088506,0.556133 0.070724,0.550205 0.057185,0.542661 0.045667,0.532962 0.036776,0.521376 0.029502,0.510329 0.023642,0.495241 0.019803,0.482308
71 0.820980,0.342700 0.811684,0.344048 0.810674,0.345934 0.812291,0.349975 0.826839,0.367219 0.833508,0.377727 0.837145,0.380421 0.833710,0.365602 0.832902,0.354556 0.829668,0.348089 0.823808,0.343778
52 0.602515,0.474767 0.691223,0.480695 0.699104,0.482311 0.699104,0.489586 0.695669,0.498477 0.577257,0.493897 0.417773,0.492279 0.243534,0.489581 0.227975,0.485809 0.227167,0.463446 0.351438,0.463715 0.542231,0.470721
25 0.417103,0.220647 0.436463,0.224071 0.437648,0.229339 0.315939,0.205628 0.218523,0.189160 0.215836,0.183625
46 0.575630,0.526498 0.577651,0.533234 0.583915,0.542395 0.591998,0.549939 0.600687,0.552364 0.610992,0.551286 0.618469,0.546706 0.624127,0.539970 0.628370,0.528653
19 0.765839,0.473711 0.764775,0.476550 0.764509,0.481340 0.765573,0.485420 0.768234,0.487903 0.771427,0.488081 0.774088,0.483468 0.774088,0.477437 0.771959,0.472647 0.768766,0.471051 0.767036,0.471760
17 0.757990,0.476905 0.756127,0.478501 0.755994,0.481162 0.756393,0.482404 0.758655,0.484533 0.759586,0.484178 0.760384,0.482936 0.761183,0.480275 0.761183,0.478856 0.760517,0.477437 0.759586,0.476727
17 0.100942,0.436109 0.099079,0.438415 0.098813,0.439657 0.098813,0.440899 0.100277,0.443560 0.102538,0.444802 0.104800,0.444979 0.105865,0.444802 0.107727,0.443028 0.109058,0.440189 0.109324,0.437528 0.108791,0.436109 0.106929,0.433980 0.104800,0.433803 0.101873,0.434690
17 0.088303,0.474072 0.087638,0.478152 0.087771,0.480636 0.089899,0.484361 0.091895,0.484716 0.094689,0.484361 0.096552,0.482765 0.097350,0.481523 0.098148,0.477265 0.096685,0.473363 0.095753,0.472298 0.093891,0.471589 0.089766,0.472121
19 0.093668,0.460410 0.094333,0.455620 0.097526,0.450476 0.101650,0.448170 0.106040,0.448524 0.109766,0.450476 0.112693,0.453846 0.114156,0.458104 0.113890,0.463603 0.111495,0.467861 0.108435,0.470699 0.103912,0.472473 0.098191,0.470522 0.094998,0.466264 0.093801,0.462894
