14 0.115710,0.281985 0.123022,0.269814 0.126041,0.264445 0.146334,0.222240 0.180444,0.163934 0.212508,0.111509 0.219671,0.109719 0.384765,0.102020 0.590451,0.097671 0.676750,0.098950 0.758499,0.101770 0.763274,0.104583 0.812393,0.192043 0.840022,0.248815 0.844116,0.255464 0.852220,0.265853 0.852434,0.271479 0.847228,0.274825 0.832643,0.279049 0.816070,0.281286 0.782922,0.284516 0.662930,0.290481 0.533987,0.293224 0.468292,0.293602 0.204568,0.293078 0.198220,0.292955 0.132920,0.289476 0.121982,0.286991 0.116015,0.283015 0.115710,0.281985
60 0.149258,0.678879 0.152196,0.677117 0.199794,0.681522 0.270897,0.685928 0.292282,0.685734 0.294990,0.686809 0.629351,0.684166 0.653443,0.682844 0.653952,0.682463 0.660495,0.682403 0.755103,0.676676 0.801526,0.670068 0.792124,0.687690 0.773320,0.717207 0.760392,0.733507 0.745114,0.738353 0.744526,0.745843 0.599382,0.756416 0.474217,0.759941 0.356691,0.758178 0.209196,0.750248 0.208021,0.747605 0.182753,0.733067 0.163361,0.704431 0.149258,0.678879
62 0.008228,0.651562 0.008816,0.632618 0.011754,0.628653 0.013517,0.627772 0.017043,0.628213 0.058763,0.648040 0.097546,0.664341 0.139856,0.673592 0.148672,0.675792 0.151841,0.677330 0.149258,0.678879 0.163361,0.704431 0.182753,0.733067 0.208021,0.747605 0.209168,0.750186 0.206847,0.751567 0.171002,0.743637 0.136919,0.733505 0.064053,0.701785 0.030558,0.680638 0.016455,0.667862 0.015280,0.663457 0.008228,0.651562
11 0.104317,0.265751 0.108444,0.262094 0.119326,0.260688 0.119326,0.266314 0.113322,0.283193 0.102065,0.294728 0.065292,0.365621 0.049907,0.415696 0.045029,0.454518 0.028893,0.441296 0.024391,0.435951 0.018387,0.437358 0.014259,0.442421 0.007130,0.475651 0.003752,0.501532 0.003377,0.520943 0.000000,0.521869 0.000375,0.424450 0.018762,0.403914 0.037524,0.378283 0.062290,0.341430 0.099438,0.281508
7 0.946386,0.699450 0.962510,0.683433 0.970169,0.670437 0.976949,0.643088 0.983875,0.598509 0.986294,0.558313 0.985891,0.532020 0.987503,0.518420 0.999194,0.555593 0.999194,0.662882 0.983069,0.687966 0.965332,0.700962 0.954851,0.702473 0.946386,0.699450
10 0.844467,0.249648 0.852925,0.249119 0.861148,0.250705 0.865612,0.253523 0.871486,0.270080 0.900854,0.313058 0.911661,0.331377 0.928577,0.369088 0.943144,0.386023 0.972512,0.428495 0.977915,0.448046 0.982614,0.477990 0.982849,0.482399 0.970397,0.489268 0.958885,0.496490 0.954656,0.510934 0.950662,0.463200 0.944083,0.438188 0.938430,0.429570 0.931956,0.424773 0.927492,0.423649 0.919649,0.430966 0.912669,0.438744 0.902588,0.443742 0.901793,0.421807 0.898269,0.388675 0.887932,0.350981 0.875245,0.315023 0.867022,0.295119 0.863028,0.282613 0.858564,0.276801 0.852455,0.272045 0.852220,0.265853 0.844467,0.249648
1 0.000000,0.523506 0.000166,0.521823 0.002320,0.521233 0.002983,0.523009 0.015579,0.536180 0.031821,0.550097 0.056682,0.563020 0.100436,0.579670 0.132538,0.586135 0.155410,0.583153 0.193529,0.574206 0.235957,0.577188 0.439813,0.579434 0.450751,0.584901 0.467325,0.587386 0.482573,0.585895 0.499478,0.578937 0.546878,0.578440 0.639359,0.575955 0.707973,0.572227 0.746424,0.567998 0.791836,0.576944 0.811724,0.578932 0.828629,0.575702 0.860450,0.566507 0.883322,0.557560 0.920447,0.539171 0.936357,0.527988 0.951605,0.515314 0.954113,0.504449 0.954656,0.510934 0.958885,0.496490 0.970397,0.489268 0.982568,0.482554 0.984752,0.487978 0.984421,0.519042 0.986484,0.527015 0.985891,0.532020 0.986294,0.558313 0.983875,0.598509 0.976949,0.643088 0.970169,0.670437 0.962510,0.683433 0.948987,0.696866 0.942324,0.700479 0.928402,0.710668 0.876411,0.740518 0.828017,0.762138 0.802162,0.769593 0.651011,0.779266 0.577424,0.781503 0.418317,0.782984 0.339427,0.781493 0.257222,0.778760 0.187282,0.776026 0.143527,0.773044 0.123970,0.766831 0.088834,0.749684 0.048726,0.728561 0.032153,0.718372 0.013590,0.704704 0.000000,0.687060 0.000000,0.523506
6 0.045193,0.453211 0.049907,0.415696 0.065292,0.365621 0.102065,0.294728 0.113322,0.283193 0.114820,0.278983 0.116015,0.283015 0.121982,0.286991 0.132920,0.289476 0.198220,0.292955 0.236671,0.293701 0.274776,0.294715 0.533987,0.293224 0.662930,0.290481 0.782922,0.284516 0.816070,0.281286 0.832643,0.279049 0.847228,0.274825 0.852434,0.271479 0.852455,0.272045 0.858564,0.276801 0.863028,0.282613 0.867022,0.295119 0.875245,0.315023 0.887932,0.350981 0.898269,0.388675 0.901793,0.421807 0.902555,0.442832 0.888662,0.452774 0.773973,0.511919 0.717291,0.515398 0.627602,0.520616 0.502497,0.524371 0.494210,0.518406 0.486255,0.515176 0.474985,0.512442 0.459406,0.512939 0.446147,0.515673 0.434877,0.522383 0.431231,0.525365 0.357976,0.525365 0.237983,0.522632 0.161744,0.517661 0.062317,0.467199 0.045193,0.453211
12 0.105824,0.264416 0.108471,0.255485 0.118704,0.236049 0.143488,0.191542 0.181351,0.133747 0.206593,0.102292 0.219896,0.088994 0.238997,0.073906 0.262192,0.063421 0.321545,0.055238 0.399316,0.048333 0.469584,0.045264 0.542580,0.044241 0.611824,0.045510 0.709038,0.052414 0.722342,0.055739 0.738373,0.064689 0.756793,0.079777 0.786469,0.114301 0.816486,0.159565 0.850597,0.226566 0.862121,0.251319 0.861148,0.250705 0.852925,0.249119 0.844467,0.249648 0.845575,0.251963 0.844116,0.255464 0.840022,0.248815 0.812393,0.192043 0.763274,0.104583 0.758499,0.101770 0.676750,0.098950 0.590451,0.097671 0.384765,0.102020 0.219671,0.109719 0.212508,0.111509 0.180444,0.163934 0.146334,0.222240 0.125185,0.266225 0.122115,0.263412 0.119326,0.264337 0.119326,0.260688 0.108444,0.262094 0.105824,0.264416
41 0.017789,0.232789 0.022363,0.228598 0.036848,0.224216 0.055145,0.221930 0.091993,0.222311 0.101142,0.225931 0.104699,0.232408 0.104954,0.248222 0.100125,0.263654 0.104191,0.263844 0.097584,0.282325 0.080812,0.278514 0.054891,0.273561 0.030749,0.267274 0.024650,0.255271 0.019313,0.239648 0.017789,0.232789
40 0.863027,0.250465 0.863789,0.246845 0.877766,0.246462 0.877512,0.229315 0.879291,0.220170 0.881464,0.213101 0.885898,0.211978 0.912581,0.209312 0.934436,0.209884 0.959086,0.211980 0.971792,0.214075 0.974079,0.217314 0.974079,0.229127 0.970013,0.240748 0.961881,0.250465 0.954766,0.254656 0.947396,0.257324 0.925796,0.262468 0.886915,0.268183 0.871413,0.269136 0.866076,0.252942 0.863027,0.250465
71 0.002320,0.521233 0.003377,0.520943 0.003752,0.501532 0.007130,0.475651 0.014259,0.442421 0.018387,0.437358 0.024391,0.435951 0.028893,0.441296 0.045029,0.454518 0.045193,0.453211 0.062317,0.467199 0.161744,0.517661 0.166521,0.520001 0.168511,0.523405 0.181135,0.548715 0.196365,0.574406 0.193529,0.574206 0.155410,0.583153 0.132538,0.586135 0.100436,0.579670 0.056682,0.563020 0.031821,0.550097 0.015579,0.536180 0.002983,0.523009 0.002320,0.521233
70 0.747495,0.568209 0.775130,0.513707 0.774764,0.511511 0.888662,0.452774 0.902588,0.443742 0.912669,0.438744 0.919649,0.430966 0.927492,0.423649 0.931956,0.424773 0.938430,0.429570 0.944083,0.438188 0.950662,0.463200 0.954113,0.504449 0.951605,0.515314 0.936357,0.527988 0.920447,0.539171 0.883322,0.557560 0.860450,0.566507 0.828629,0.575702 0.811724,0.578932 0.791836,0.576944 0.747495,0.568209
63 0.166717,0.518163 0.176049,0.518594 0.237983,0.522632 0.357976,0.525365 0.431231,0.525365 0.434877,0.522383 0.446147,0.515673 0.459406,0.512939 0.474985,0.512442 0.486255,0.515176 0.494210,0.518406 0.502497,0.524371 0.627602,0.520616 0.717291,0.515398 0.773973,0.511919 0.774764,0.511511 0.775130,0.513707 0.747495,0.568209 0.746424,0.567998 0.707973,0.572227 0.639359,0.575955 0.546878,0.578440 0.499478,0.578937 0.482573,0.585895 0.467325,0.587386 0.450751,0.584901 0.439813,0.579434 0.235957,0.577188 0.196365,0.574406 0.181135,0.548715 0.168511,0.523405 0.166521,0.520001
59 0.280299,0.675354 0.280887,0.626013 0.290876,0.622488 0.396062,0.623810 0.525340,0.622929 0.649918,0.619845 0.658732,0.621167 0.664021,0.629096 0.664021,0.657292 0.661670,0.676676 0.653443,0.682844 0.629351,0.684166 0.294990,0.686809 0.285000,0.682844 0.280299,0.675354
61 0.744644,0.744335 0.745114,0.738353 0.760392,0.733507 0.773320,0.717207 0.792124,0.687690 0.801526,0.670068 0.800250,0.670250 0.836052,0.661698 0.858379,0.654206 0.895988,0.640108 0.915967,0.630856 0.931833,0.622926 0.940060,0.619402 0.945936,0.620283 0.952988,0.626451 0.954163,0.631737 0.951812,0.640548 0.944763,0.654209 0.934773,0.666104 0.895402,0.692537 0.826062,0.723816 0.792567,0.734390 0.754371,0.743201 0.745819,0.745657
20 0.887515,0.250162 0.912165,0.249238 0.945032,0.245233 0.965574,0.241537 0.971326,0.238765 0.973791,0.224597 0.972558,0.216896 0.967217,0.212892 0.944621,0.210736 0.900662,0.210736 0.883817,0.211968 0.877655,0.218128 0.877655,0.241537 0.883817,0.249546
21 0.027619,0.255378 0.079330,0.265070 0.096371,0.263749 0.101660,0.259784 0.105773,0.243043 0.101072,0.226742 0.090495,0.221456 0.050536,0.221456 0.037608,0.224980 0.025268,0.229386 0.019979,0.232029 0.020567,0.241721
16 0.493716,0.000000 0.497078,0.000000 0.498039,0.015485 0.499480,0.022507 0.501161,0.045915 0.493956,0.046095 0.494916,0.034031 0.494436,0.011524
39 0.433175,0.530726 0.441821,0.524784 0.454310,0.520642 0.471362,0.519382 0.488414,0.522083 0.502585,0.529465 0.512191,0.542970 0.514113,0.555214 0.509309,0.567998 0.500903,0.577721 0.487454,0.583303 0.476646,0.586004 0.465358,0.586724 0.454070,0.584924 0.444943,0.580962 0.436057,0.575561 0.428372,0.566558 0.424289,0.558635 0.424769,0.548552 0.428612,0.537208
22 0.468951,0.280015 0.399154,0.280015 0.337709,0.283146 0.338902,0.290302 0.357992,0.288960 0.477900,0.290302 0.566787,0.288960 0.626442,0.289855 0.608546,0.284488 0.576332,0.281357 0.529204,0.281357 0.528607,0.272412 0.493410,0.275990 0.492217,0.279568
30 0.130106,0.275990 0.201693,0.280910 0.213028,0.276438 0.228539,0.276438 0.242856,0.283146 0.270894,0.286724 0.301319,0.292091 0.205869,0.288960 0.126527,0.281357
23 0.529204,0.280015 0.504148,0.279568 0.508921,0.273754 0.530993,0.271071 0.695047,0.287619 0.656270,0.289855 0.532186,0.275990
