9 0.779260,0.319958 0.789769,0.319014 0.795994,0.327381 0.805584,0.343044 0.827127,0.372983 0.875469,0.414346 0.879147,0.423012 0.827653,0.423406 0.836060,0.400952 0.782990,0.328074
8 0.337935,0.315862 0.319544,0.320589 0.299051,0.359589 0.279084,0.378498 0.263321,0.395437 0.260168,0.412376 0.320069,0.415134 0.311662,0.394649 0.313239,0.377682 0.323222,0.347743
12 0.320229,0.320413 0.321844,0.317102 0.340213,0.289010 0.357111,0.265324 0.375847,0.247697 0.389440,0.241638 0.412588,0.239711 0.449325,0.235855 0.483857,0.234753 0.533084,0.234753 0.660560,0.241914 0.711991,0.249075 0.727053,0.255685 0.748727,0.267803 0.776647,0.299201 0.788829,0.319090 0.778158,0.319683 0.763422,0.298099 0.747625,0.277167 0.716399,0.272210 0.663866,0.268354 0.601414,0.265875 0.515446,0.263947 0.423972,0.264498 0.367030,0.268904 0.361520,0.270832 0.354173,0.286531 0.337914,0.315867 0.320229,0.320413
13 0.311662,0.394649 0.313239,0.377682 0.322544,0.349777 0.338890,0.351002 0.762829,0.359270 0.782666,0.358169 0.792585,0.353762 0.792218,0.343021 0.793788,0.342903 0.836060,0.400952 0.827783,0.423058 0.826015,0.426215 0.803239,0.472210 0.798830,0.482676 0.798830,0.487083 0.805443,0.500027 0.789649,0.514897 0.777526,0.523435 0.765035,0.530320 0.747402,0.532523 0.562985,0.533901 0.396936,0.527291 0.380037,0.525363 0.370853,0.522609 0.363138,0.519304 0.353954,0.512969 0.335218,0.493965 0.342566,0.479643 0.344240,0.471076 0.333731,0.449409 0.322697,0.421440 0.321991,0.416827 0.320031,0.415132 0.320069,0.415134 0.311662,0.394649
40 0.314789,0.303654 0.320954,0.300310 0.331971,0.298246 0.334216,0.298181 0.321844,0.317102 0.320784,0.319276 0.315445,0.307685 0.314789,0.303654
0 0.250208,0.526212 0.252045,0.489306 0.254617,0.479115 0.259760,0.484624 0.270781,0.487378 0.333600,0.493162 0.335614,0.493195 0.335218,0.493965 0.353954,0.512969 0.363138,0.519304 0.370853,0.522609 0.380037,0.525363 0.396936,0.527291 0.562985,0.533901 0.747402,0.532523 0.765035,0.530320 0.777526,0.523435 0.789649,0.514897 0.804605,0.500816 0.808970,0.500887 0.838359,0.499234 0.858932,0.497306 0.869333,0.495830 0.874729,0.491523 0.872892,0.506671 0.875096,0.539721 0.872524,0.554869 0.866279,0.574974 0.858565,0.591224 0.852687,0.601414 0.838727,0.611329 0.825134,0.616012 0.807868,0.620418 0.750927,0.623448 0.638146,0.627855 0.530875,0.627579 0.430584,0.622333 0.338376,0.616549 0.314864,0.612693 0.294292,0.607185 0.281802,0.603054 0.264168,0.586804 0.257556,0.578541 0.259392,0.565872 0.253147,0.552652 0.250208,0.526212
15 0.322544,0.349777 0.323222,0.347743 0.337935,0.315862 0.337914,0.315867 0.354173,0.286531 0.361520,0.270832 0.367030,0.268904 0.423972,0.264498 0.515446,0.263947 0.601414,0.265875 0.663866,0.268354 0.716399,0.272210 0.747625,0.277167 0.763422,0.298099 0.778158,0.319683 0.779260,0.319958 0.782990,0.328074 0.787211,0.333870 0.790240,0.341614 0.792232,0.343426 0.792585,0.353762 0.782666,0.358169 0.762829,0.359270 0.338890,0.351002 0.322544,0.349777
16 0.556399,0.242908 0.549168,0.253844 0.554467,0.254312 0.563133,0.254452 0.559766,0.242907 0.567683,0.189677 0.564629,0.190798
72 0.249795,0.449931 0.251631,0.438034 0.256483,0.417974 0.260287,0.413451 0.260476,0.412390 0.320031,0.415132 0.321991,0.416827 0.322697,0.421440 0.333731,0.449409 0.344240,0.471076 0.342566,0.479643 0.335614,0.493195 0.333600,0.493162 0.270781,0.487378 0.259760,0.484624 0.254617,0.479115 0.254450,0.479775 0.253729,0.478742 0.249795,0.449931
73 0.798830,0.482676 0.803239,0.472210 0.826015,0.426215 0.827783,0.423058 0.827653,0.423406 0.878729,0.423016 0.879703,0.424241 0.882589,0.432501 0.884032,0.443809 0.883507,0.455903 0.881802,0.470161 0.877474,0.487762 0.874627,0.491604 0.869333,0.495830 0.858932,0.497306 0.838359,0.499234 0.808970,0.500887 0.804605,0.500816 0.805443,0.500027 0.798830,0.487083 0.798830,0.482676
39 0.553438,0.422340 0.555235,0.425573 0.557031,0.429074 0.563857,0.433115 0.572480,0.436078 0.579666,0.435539 0.586852,0.434462 0.593678,0.432037 0.599068,0.425842 0.601583,0.418300 0.599068,0.409950 0.594038,0.404293 0.585415,0.400791 0.579307,0.399983 0.571043,0.399983 0.562061,0.403754 0.554516,0.409680 0.552720,0.415337
59 0.458466,0.443493 0.516503,0.443820 0.681451,0.447091 0.683196,0.447419 0.684942,0.450036 0.685814,0.453962 0.686687,0.485368 0.685814,0.486677 0.682323,0.487985 0.458030,0.485368 0.455412,0.482751 0.454539,0.480134 0.455203,0.446750
38 0.349795,0.486610 0.400434,0.488496 0.404961,0.491010 0.405799,0.493273 0.405632,0.494530 0.404793,0.495787 0.403284,0.496793 0.400266,0.497673 0.349124,0.494781
