44 0.777657,0.360174 0.782719,0.336066 0.805134,0.301350 0.835503,0.261813 0.844902,0.269527 0.874548,0.323529 0.902748,0.398746 0.904837,0.399595 0.910923,0.398858 0.913458,0.403064 0.911798,0.422237 0.906266,0.441164 0.899842,0.456327 0.879799,0.491944 0.863730,0.516179 0.822710,0.560142 0.808333,0.564087 0.801144,0.562397 0.797903,0.557859 0.792119,0.523144 0.783442,0.418033 0.777657,0.360174
7 0.213434,0.475576 0.215904,0.444627 0.216398,0.437666 0.224797,0.392230 0.240607,0.349428 0.259875,0.305968 0.296896,0.241789 0.327578,0.229402 0.368520,0.216129 0.414811,0.204318 0.457416,0.195225 0.497436,0.190063 0.564936,0.184651 0.604587,0.184405 0.631698,0.185151 0.670058,0.189576 0.705652,0.196213 0.730919,0.201893 0.761902,0.211234 0.771863,0.215344 0.776685,0.267348 0.768286,0.322662 0.737655,0.385218 0.682814,0.453111 0.584496,0.564396 0.520739,0.616494 0.481214,0.646126 0.433290,0.674441 0.387837,0.694196 0.342877,0.702098 0.301376,0.688928 0.275685,0.656662 0.249500,0.608592 0.226279,0.553278 0.217386,0.503233 0.213434,0.475576
1 0.000000,0.523510 0.000223,0.228212 0.041576,0.256027 0.124006,0.283028 0.186328,0.295881 0.192232,0.298791 0.188368,0.304585 0.175086,0.312310 0.162287,0.321001 0.151178,0.330013 0.141035,0.340635 0.124130,0.361235 0.118093,0.372179 0.112297,0.384410 0.106742,0.402435 0.103361,0.418528 0.101912,0.436875 0.101912,0.447497 0.104569,0.458469 0.108376,0.472011 0.112240,0.483599 0.123832,0.503555 0.135907,0.520292 0.152087,0.535099 0.162713,0.541536 0.175271,0.544433 0.181550,0.547330 0.180101,0.557308 0.175996,0.562136 0.155468,0.561492 0.133492,0.558274 0.076072,0.547329 0.026565,0.534454 0.000000,0.523510
4 0.999796,0.404305 0.990395,0.419559 0.972410,0.436719 0.929901,0.474309 0.999591,0.470768
10 0.000000,0.000482 0.999638,0.000482 0.999011,0.405578 0.990395,0.419559 0.972410,0.436719 0.930870,0.473452 0.888930,0.477298 0.897413,0.462058 0.906266,0.441164 0.911798,0.422237 0.913458,0.403064 0.910923,0.398858 0.904837,0.399595 0.906865,0.381897 0.907419,0.357316 0.904283,0.329499 0.893033,0.303936 0.871640,0.274685 0.854304,0.259445 0.813726,0.232619 0.761902,0.211234 0.730919,0.201893 0.705652,0.196213 0.670058,0.189576 0.631698,0.185151 0.604587,0.184405 0.564936,0.184651 0.497436,0.190063 0.457416,0.195225 0.414811,0.204318 0.368520,0.216129 0.327578,0.229402 0.283131,0.247346 0.257127,0.260888 0.200878,0.296776 0.194143,0.297493 0.124006,0.283028 0.041576,0.256027 0.000000,0.228062 0.000000,0.000482
57 0.101912,0.436875 0.103361,0.418528 0.106742,0.402435 0.112297,0.384410 0.118093,0.372179 0.124130,0.361235 0.141035,0.340635 0.151178,0.330013 0.162287,0.321001 0.175086,0.312310 0.188368,0.304585 0.192232,0.298791 0.192093,0.298723 0.195535,0.298055 0.194765,0.312154 0.169452,0.378710 0.180702,0.404957 0.177500,0.431260 0.176863,0.449924 0.180258,0.468589 0.182167,0.488385 0.178136,0.484991 0.177712,0.497717 0.179197,0.518644 0.178136,0.528259 0.187048,0.533067 0.187684,0.540702 0.184501,0.545510 0.178632,0.545984 0.175271,0.544433 0.162713,0.541536 0.152087,0.535099 0.135907,0.520292 0.123832,0.503555 0.112240,0.483599 0.108376,0.472011 0.104569,0.458469 0.101912,0.447497 0.101912,0.436875
57 0.816159,0.236918 0.817152,0.234884 0.854304,0.259445 0.871640,0.274685 0.893033,0.303936 0.904283,0.329499 0.907419,0.357316 0.906865,0.381897 0.904837,0.399595 0.902748,0.398746 0.874548,0.323529 0.844902,0.269527 0.835503,0.261813 0.834595,0.262994 0.816159,0.236918
46 0.394423,0.618638 0.395344,0.605140 0.400868,0.584979 0.413758,0.558480 0.427437,0.538495 0.445720,0.512521 0.460846,0.492536 0.500700,0.444327 0.520824,0.424342 0.528369,0.416506 0.532746,0.411776 0.564529,0.380704 0.595687,0.354825 0.623232,0.330149 0.672904,0.297047 0.702255,0.286214 0.721672,0.280797 0.737928,0.285612 0.742444,0.297649 0.744162,0.307902 0.744031,0.317544 0.739822,0.332445 0.733640,0.350151 0.720750,0.375045 0.701941,0.405548 0.683395,0.430792 0.644068,0.479377 0.600400,0.525852 0.575540,0.549518 0.527269,0.591258 0.491887,0.615801 0.468606,0.629849 0.451376,0.638439 0.431515,0.645101 0.422965,0.646337 0.411917,0.645811 0.406129,0.644233 0.402052,0.640201 0.398501,0.635292 0.395475,0.628631 0.394423,0.618638
17 0.589246,0.463886 0.587782,0.466812 0.587599,0.469738 0.592356,0.469494 0.595649,0.467300 0.597845,0.464861 0.599309,0.460228 0.597296,0.457545 0.594918,0.458277 0.590526,0.460959
19 0.581012,0.456082 0.585586,0.454863 0.587233,0.456814 0.587965,0.459740 0.586318,0.465349 0.578451,0.475591 0.570676,0.484207 0.560337,0.493392 0.553934,0.495587 0.549543,0.496319 0.547347,0.494612 0.548994,0.489003 0.553751,0.480956 0.567839,0.465349 0.574609,0.459984
51 0.873434,0.501544 0.879799,0.491944 0.887952,0.477455 0.889092,0.477283 0.909279,0.475432 0.999848,0.470952 0.999772,0.495052 0.947154,0.498694 0.873434,0.501544
