15 0.328402,0.390964 0.329776,0.383927 0.341529,0.345094 0.344421,0.337787 0.360873,0.293476 0.380409,0.289365 0.420852,0.285254 0.455469,0.284797 0.554521,0.288451 0.603876,0.293933 0.623069,0.298501 0.643449,0.346140 0.643176,0.346077 0.651746,0.371857 0.659191,0.395673 0.634362,0.397307 0.586862,0.398612 0.344467,0.393717 0.330021,0.390780 0.328402,0.390964
8 0.281787,0.471385 0.284725,0.461268 0.297946,0.431246 0.312882,0.407097 0.320472,0.389801 0.327573,0.367611 0.334918,0.346399 0.341529,0.345094 0.329776,0.383927 0.325124,0.407750 0.317044,0.442015 0.322921,0.472690 0.293050,0.470732 0.281787,0.471385
9 0.643176,0.346077 0.648808,0.347382 0.674271,0.414933 0.694838,0.442998 0.704632,0.459967 0.708794,0.476937 0.705611,0.474000 0.671578,0.476937 0.675985,0.460620 0.677454,0.448219 0.670354,0.425702 0.661539,0.403185 0.651746,0.371857
13 0.317044,0.442015 0.325124,0.407750 0.328402,0.390964 0.330021,0.390780 0.344467,0.393717 0.586862,0.398612 0.634362,0.397307 0.659191,0.395673 0.661539,0.403185 0.670354,0.425702 0.677454,0.448219 0.676353,0.457517 0.672802,0.467151 0.653704,0.546449 0.658601,0.571251 0.641952,0.598663 0.630689,0.607147 0.623099,0.609105 0.588086,0.612369 0.508267,0.614653 0.424286,0.613021 0.369686,0.609105 0.357444,0.603883 0.350343,0.596051 0.334673,0.567660 0.340549,0.549712 0.341039,0.544491 0.337856,0.529480 0.321040,0.462871 0.317044,0.442015
12 0.335167,0.343269 0.348191,0.310378 0.358474,0.287538 0.371498,0.268352 0.381437,0.260129 0.385893,0.257845 0.455127,0.251449 0.515106,0.252363 0.569602,0.256474 0.601820,0.267895 0.614158,0.279315 0.629581,0.302156 0.639521,0.323169 0.648743,0.347367 0.643449,0.346140 0.623069,0.298501 0.603876,0.293933 0.554521,0.288451 0.455469,0.284797 0.420852,0.285254 0.380409,0.289365 0.360873,0.293476 0.344421,0.337787 0.341149,0.345169 0.335239,0.346336 0.335167,0.343269
0 0.278958,0.622493 0.280329,0.564478 0.279986,0.554381 0.284784,0.560777 0.295067,0.564431 0.315631,0.568086 0.335009,0.568269 0.350343,0.596051 0.357444,0.603883 0.369686,0.609105 0.424286,0.613021 0.508267,0.614653 0.588086,0.612369 0.623099,0.609105 0.630689,0.607147 0.641952,0.598663 0.658601,0.571251 0.658449,0.570478 0.669339,0.568542 0.693331,0.566715 0.704299,0.561690 0.708069,0.557579 0.707041,0.595069 0.710126,0.613342 0.706355,0.648973 0.700529,0.676838 0.693674,0.693741 0.677565,0.711556 0.656658,0.717952 0.557263,0.729387 0.469179,0.729387 0.373212,0.726646 0.328313,0.727560 0.313232,0.716139 0.297123,0.699237 0.288555,0.682792 0.283071,0.657667 0.278958,0.622493
73 0.653704,0.546449 0.671578,0.476937 0.705611,0.474000 0.707043,0.475321 0.709295,0.481823 0.712527,0.506233 0.711090,0.533514 0.707422,0.558285 0.704299,0.561690 0.693331,0.566715 0.669339,0.568542 0.658449,0.570478 0.653704,0.546449
72 0.276570,0.520109 0.276929,0.501443 0.281238,0.479426 0.282655,0.471334 0.293050,0.470732 0.322921,0.472690 0.337856,0.529480 0.341039,0.544491 0.340549,0.549712 0.334673,0.567660 0.335009,0.568269 0.315631,0.568086 0.295067,0.564431 0.284784,0.560777 0.279986,0.554381 0.278365,0.545476 0.276570,0.520109
59 0.419738,0.513310 0.419308,0.549713 0.420168,0.553010 0.517376,0.555589 0.568561,0.555587 0.576518,0.554871 0.577809,0.552721 0.578346,0.516174 0.577164,0.512018 0.574798,0.511015 0.496958,0.510523 0.422973,0.509128 0.420181,0.510368
39 0.485462,0.484974 0.488605,0.489810 0.494408,0.494001 0.501662,0.496257 0.509882,0.492711 0.514960,0.484329 0.516894,0.475947 0.514234,0.464019 0.510849,0.456604 0.507706,0.454025 0.498035,0.452091 0.491265,0.454025 0.486671,0.459183 0.483769,0.465631 0.483286,0.476592
16 0.491401,0.260679 0.488557,0.273104 0.490056,0.274780 0.494650,0.274780 0.497073,0.273055 0.494891,0.260917 0.494403,0.238084 0.494480,0.233615 0.494472,0.159300 0.493515,0.159118 0.493242,0.233621 0.492354,0.235989 0.492149,0.255025
