12 0.226989,0.371036 0.250754,0.352396 0.273450,0.333647 0.308563,0.308758 0.335865,0.292750 0.347823,0.286680 0.368679,0.278797 0.403294,0.270770 0.430169,0.266470 0.453604,0.263890 0.473062,0.262456 0.511225,0.261883 0.550677,0.262170 0.608513,0.266183 0.637108,0.271916 0.670111,0.281520 0.688171,0.289117 0.701716,0.297860 0.721281,0.315920 0.735686,0.331544 0.751489,0.349317 0.757831,0.357630 0.754069,0.358490 0.751776,0.357100 0.751528,0.356879 0.745989,0.349745 0.735756,0.337979 0.718859,0.319704 0.705622,0.308940 0.695765,0.301805 0.683467,0.295922 0.672671,0.291666 0.660279,0.288787 0.638875,0.286409 0.631212,0.286953 0.625241,0.286719 0.621321,0.287661 0.602076,0.289288 0.579076,0.293294 0.557297,0.300303 0.553955,0.302320 0.551667,0.303333 0.531003,0.315664 0.522697,0.323997 0.511925,0.337593 0.501070,0.353491 0.492436,0.369280 0.490679,0.370993 0.490797,0.370786 0.442925,0.373647 0.435147,0.372395 0.434656,0.372912 0.438574,0.365991 0.462914,0.339786 0.482486,0.321804 0.491613,0.312814 0.467602,0.305139 0.443343,0.300314 0.409299,0.294613 0.380518,0.290666 0.348283,0.290446 0.343842,0.291653 0.327642,0.300314 0.301985,0.316543 0.270408,0.339678 0.246807,0.358427 0.230525,0.373228 0.226989,0.371036
35 0.684589,0.439025 0.680809,0.439712 0.679434,0.442003 0.679434,0.445438 0.680293,0.448415 0.685620,0.447957 0.697992,0.444751 0.701085,0.442461 0.701256,0.438338 0.700397,0.436506 0.697476,0.436277 0.692149,0.437880 0.686651,0.438338
11 0.753801,0.542885 0.756315,0.540502 0.764013,0.531490 0.766830,0.523479 0.767862,0.513841 0.767956,0.503077 0.771242,0.458767 0.772087,0.438615 0.771805,0.424846 0.769552,0.409325 0.767956,0.404819 0.763168,0.397559 0.761948,0.394055 0.761201,0.392063 0.765524,0.392968 0.772283,0.391842 0.774161,0.390340 0.776320,0.386334 0.777634,0.382079 0.779327,0.373813 0.788808,0.377694 0.805049,0.385830 0.812559,0.392464 0.815375,0.396594 0.818471,0.405485 0.821193,0.419504 0.822601,0.431771 0.819691,0.439406 0.816218,0.445539 0.813495,0.440658 0.811899,0.439406 0.810585,0.438905 0.808332,0.438905 0.805234,0.440032 0.802511,0.442410 0.798193,0.447167 0.792091,0.457180 0.786365,0.468946 0.782422,0.479711 0.775193,0.504369 0.771814,0.518638 0.769373,0.531155 0.768153,0.535536 0.753801,0.542885
21 0.762202,0.358924 0.768069,0.362275 0.772930,0.366408 0.775025,0.369759 0.774271,0.376462 0.771421,0.391319 0.773349,0.391319 0.775444,0.388750 0.777456,0.382494 0.779467,0.371323 0.779551,0.368754 0.774103,0.364174 0.769158,0.361046 0.763878,0.358924
25 0.652535,0.402077 0.659450,0.401324 0.661426,0.405839 0.520870,0.425401 0.521011,0.419194
47 0.437934,0.501320 0.438527,0.508833 0.441197,0.518322 0.446834,0.527812 0.452470,0.529789 0.457217,0.530184 0.466116,0.526626 0.472346,0.516741 0.474720,0.507251 0.474720,0.492622 0.471753,0.481946 0.465646,0.475355 0.461455,0.472898 0.457264,0.471892 0.450643,0.473121 0.445614,0.477031 0.442178,0.482616 0.439580,0.488655 0.438323,0.493681 0.438071,0.498708
17 0.516206,0.667827 0.515654,0.669206 0.515310,0.671780 0.516206,0.672883 0.517103,0.671780 0.517862,0.669206 0.517793,0.668011 0.516896,0.667091
13 0.134362,0.440457 0.139328,0.407913 0.141861,0.402332 0.162307,0.394924 0.217868,0.376256 0.226535,0.371811 0.230091,0.376256 0.235203,0.379515 0.269650,0.389886 0.314765,0.401443 0.366547,0.412407 0.384771,0.415074 0.395020,0.415628 0.389861,0.420305 0.379697,0.426247 0.357571,0.435004 0.341465,0.440842 0.283764,0.459815 0.282122,0.462421 0.278213,0.471907 0.274072,0.480943 0.271681,0.484678 0.268837,0.491800 0.263704,0.509743 0.257808,0.543316 0.256975,0.553952 0.257601,0.559777 0.264160,0.578564 0.262703,0.586662 0.258330,0.597350 0.251285,0.607068 0.248856,0.608039 0.237438,0.603828 0.207558,0.587957 0.192982,0.578888 0.177192,0.568199 0.164074,0.557186 0.155814,0.546821 0.153064,0.544146 0.147781,0.535130 0.143871,0.522028 0.137003,0.484271 0.134467,0.454827 0.134362,0.440457
7 0.753415,0.564869 0.760029,0.564666 0.768619,0.562233 0.773637,0.558686 0.774473,0.545508 0.777210,0.515605 0.777970,0.510334 0.777590,0.507496 0.774822,0.505938 0.775193,0.504369 0.782422,0.479711 0.786365,0.468946 0.792091,0.457180 0.793886,0.454234 0.796596,0.454280 0.801994,0.455800 0.806023,0.459551 0.810280,0.467457 0.812485,0.473336 0.814310,0.483067 0.814386,0.493407 0.814082,0.506584 0.812105,0.523715 0.810204,0.533953 0.805339,0.550678 0.800093,0.560814 0.795684,0.568113 0.790818,0.572573 0.785345,0.573992 0.780403,0.576931 0.775918,0.576931 0.755695,0.568923 0.753415,0.564869
9 0.272037,0.487127 0.273913,0.481289 0.278213,0.471907 0.282122,0.462421 0.283764,0.459815 0.341465,0.440842 0.357571,0.435004 0.379697,0.426247 0.389861,0.420305 0.403544,0.407900 0.420510,0.389031 0.432316,0.375375 0.435147,0.372395 0.442925,0.373647 0.490797,0.370786 0.483422,0.383659 0.478730,0.395106 0.478730,0.399576 0.480473,0.404224 0.483692,0.409052 0.496297,0.420852 0.503002,0.425322 0.507963,0.426395 0.519093,0.426574 0.521158,0.426399 0.522093,0.438990 0.524346,0.452133 0.528101,0.468655 0.535142,0.486805 0.544811,0.508584 0.555888,0.534745 0.560019,0.545634 0.564056,0.558777 0.570439,0.577427 0.578419,0.605590 0.582456,0.616105 0.585553,0.621237 0.588464,0.622864 0.590998,0.623615 0.595786,0.622989 0.596426,0.622694 0.566250,0.639534 0.567267,0.625565 0.567579,0.610866 0.566407,0.599607 0.564765,0.590746 0.562106,0.581156 0.558432,0.572816 0.554523,0.566248 0.549362,0.560098 0.544749,0.556136 0.539276,0.553218 0.533569,0.551550 0.520434,0.551341 0.513319,0.554052 0.505891,0.557804 0.497057,0.564685 0.488378,0.572920 0.481576,0.581468 0.470396,0.598252 0.450849,0.598773 0.428801,0.598148 0.389396,0.597939 0.384158,0.596793 0.379936,0.593874 0.376104,0.588453 0.374384,0.584179 0.379936,0.576673 0.382828,0.571565 0.383923,0.568125 0.384314,0.560828 0.382516,0.556241 0.377512,0.547484 0.369068,0.534140 0.355698,0.516627 0.349913,0.509955 0.344905,0.505266 0.339197,0.501617 0.332630,0.499011 0.326141,0.497135 0.291739,0.491193 0.272037,0.487127
0 0.128273,0.544412 0.137711,0.510709 0.138191,0.495778 0.139237,0.496551 0.143871,0.522028 0.147781,0.535130 0.153064,0.544146 0.155814,0.546821 0.164074,0.557186 0.177192,0.568199 0.192982,0.578888 0.207558,0.587957 0.237438,0.603828 0.248856,0.608039 0.251285,0.607068 0.258330,0.597350 0.262703,0.586662 0.264014,0.579374 0.280894,0.584087 0.304891,0.589420 0.320409,0.590486 0.341206,0.590700 0.362324,0.587927 0.371283,0.586007 0.375212,0.583060 0.374384,0.584179 0.376104,0.588453 0.379936,0.593874 0.384158,0.596793 0.389396,0.597939 0.428801,0.598148 0.450849,0.598773 0.470396,0.598252 0.470594,0.597953 0.470249,0.599147 0.460801,0.618115 0.460479,0.619912 0.459112,0.621416 0.446313,0.659811 0.441674,0.678155 0.437195,0.698846 0.431755,0.715911 0.426636,0.719964 0.388401,0.730416 0.368243,0.734895 0.338007,0.741934 0.309530,0.742574 0.294812,0.738735 0.267775,0.726789 0.230980,0.707165 0.198504,0.684341 0.182826,0.671116 0.154349,0.640187 0.143631,0.623975 0.136592,0.603498 0.130672,0.577688 0.128752,0.557850 0.128273,0.544412
69 0.636817,0.292421 0.659327,0.293566 0.681493,0.299291 0.689569,0.302727 0.702285,0.310284 0.717749,0.322422 0.734245,0.339599 0.743696,0.389983 0.721702,0.392961 0.668434,0.397999 0.653141,0.340286 0.640254,0.302727
15 0.228917,0.374442 0.230353,0.372775 0.230525,0.372882 0.246807,0.358081 0.270408,0.339332 0.301985,0.316197 0.327642,0.299968 0.343842,0.291306 0.348283,0.290100 0.380518,0.290320 0.409299,0.294267 0.443343,0.299968 0.467602,0.304793 0.491613,0.312468 0.482486,0.321458 0.462914,0.339440 0.438574,0.365644 0.434656,0.372566 0.432316,0.375029 0.420510,0.388685 0.403544,0.407554 0.396086,0.414315 0.395000,0.415556 0.384771,0.414728 0.366547,0.412061 0.314765,0.401097 0.269650,0.389540 0.235203,0.379169 0.230091,0.375909 0.228917,0.374442
59 0.157675,0.502516 0.165967,0.509052 0.214027,0.539476 0.216345,0.539476 0.218040,0.538406 0.219020,0.534484 0.221428,0.513568 0.223479,0.501209 0.223033,0.498594 0.206627,0.491939 0.161955,0.469597 0.160885,0.470667 0.157675,0.499545
41 0.735279,0.340768 0.745073,0.392069 0.752462,0.392985 0.759335,0.392985 0.771535,0.392298 0.775144,0.390007 0.779268,0.378098 0.779955,0.368938 0.777034,0.365731 0.762256,0.358632 0.753149,0.358632 0.749541,0.357716 0.741465,0.348097
19 0.503787,0.677019 0.503895,0.674283 0.504132,0.671410 0.505443,0.667641 0.506825,0.665253 0.509101,0.663690 0.512205,0.664149 0.513516,0.666540 0.513792,0.669482 0.513309,0.673067 0.511516,0.677480 0.509860,0.679871 0.507722,0.681342 0.505445,0.680974 0.504342,0.678676
46 0.782920,0.517630 0.785686,0.501829 0.789736,0.490637 0.793886,0.482341 0.797245,0.478391 0.800208,0.476548 0.803864,0.476416 0.807420,0.479181 0.809594,0.484316 0.810878,0.489978 0.811471,0.501171 0.810285,0.515128 0.808408,0.528295 0.805939,0.537644 0.802086,0.547783 0.798430,0.555025 0.794577,0.559371 0.790626,0.560556 0.787958,0.558976 0.785785,0.555684 0.783414,0.550285 0.782228,0.540936 0.782327,0.527110
17 0.499099,0.662494 0.498823,0.663690 0.499375,0.666264 0.500341,0.667367 0.501307,0.666999 0.502065,0.665804 0.502962,0.663322 0.502893,0.662035 0.501927,0.661115 0.501031,0.660932 0.500065,0.661115 0.499168,0.662035
17 0.508412,0.685387 0.508205,0.686858 0.507929,0.688421 0.508756,0.689340 0.509653,0.689248 0.510757,0.688789 0.510895,0.685939 0.510067,0.684468 0.509170,0.684284
17 0.510136,0.655139 0.510550,0.657806 0.511516,0.658909 0.512412,0.657989 0.512757,0.656794 0.513240,0.654220 0.513102,0.653025 0.512136,0.652749 0.510274,0.653668
17 0.498547,0.682077 0.498065,0.683548 0.498065,0.685939 0.498961,0.687042 0.499858,0.686674 0.501307,0.684100 0.501583,0.682813 0.501583,0.681618 0.501100,0.680422 0.500134,0.680606 0.499237,0.681342
5 0.761948,0.394055 0.763168,0.397559 0.767956,0.404819 0.769552,0.409325 0.771805,0.424846 0.772087,0.438615 0.771242,0.458767 0.767956,0.503077 0.767862,0.513841 0.766830,0.523479 0.764013,0.531490 0.756315,0.540502 0.752748,0.543882 0.697267,0.570668 0.666288,0.587191 0.669479,0.578679 0.674173,0.559779 0.675206,0.553520 0.672765,0.539126 0.672014,0.528486 0.674643,0.503077 0.675675,0.478794 0.675957,0.459143 0.674924,0.445374 0.673141,0.430604 0.672108,0.425848 0.661594,0.405695 0.660467,0.401189 0.665536,0.399187 0.660843,0.377407 0.645822,0.327965 0.630051,0.287035 0.638875,0.286409 0.660279,0.288787 0.672671,0.291666 0.683467,0.295922 0.695765,0.301805 0.705622,0.308940 0.718859,0.319704 0.735756,0.337979 0.745989,0.349745 0.751528,0.356879 0.754062,0.359132 0.756691,0.380036
3 0.520778,0.417086 0.524534,0.389048 0.530917,0.347867 0.533358,0.315699 0.534484,0.314072 0.557297,0.300303 0.579076,0.293294 0.602076,0.289288 0.621321,0.287661 0.624888,0.296673 0.633055,0.322082 0.639908,0.347116 0.645916,0.374904 0.650986,0.401440 0.661577,0.400751 0.660467,0.401189 0.661594,0.405695 0.672108,0.425848 0.673141,0.430604 0.674924,0.445374 0.675957,0.459143 0.675675,0.478794 0.674643,0.503077 0.672014,0.528486 0.672765,0.539126 0.675206,0.553520 0.674173,0.559779 0.669479,0.578679 0.666512,0.586592 0.653990,0.593324 0.605831,0.618358 0.595786,0.622989 0.590998,0.623615 0.588464,0.622864 0.585553,0.621237 0.582456,0.616105 0.578419,0.605590 0.570439,0.577427 0.564056,0.558777 0.560019,0.545634 0.555888,0.534745 0.544811,0.508584 0.535142,0.486805 0.528101,0.468655 0.524346,0.452133 0.522093,0.438990 0.521154,0.426348 0.520778,0.417086
7 0.447118,0.738438 0.453960,0.656196 0.460801,0.618115 0.470249,0.599147 0.470594,0.597953 0.481576,0.581468 0.488378,0.572920 0.497057,0.564685 0.500068,0.562929 0.513687,0.564976 0.529651,0.570768 0.540510,0.582641 0.549632,0.601898 0.553867,0.617101 0.556365,0.627092 0.558102,0.641571 0.556908,0.658223 0.553867,0.677480 0.549632,0.696448 0.544745,0.711072 0.539750,0.723380 0.532040,0.737569 0.521506,0.751035 0.505108,0.763198 0.496312,0.768989 0.486104,0.770582 0.474810,0.768700 0.461996,0.765514 0.455263,0.760302 0.448747,0.745098 0.447118,0.738438
1 0.814914,0.516015 0.818032,0.506555 0.820074,0.491505 0.820719,0.476311 0.820612,0.463124 0.818784,0.453664 0.816634,0.446784 0.816261,0.445463 0.819691,0.439406 0.822446,0.432179 0.822762,0.432881 0.824374,0.453808 0.824697,0.469288 0.823622,0.489355 0.821794,0.505408 0.818462,0.511715 0.814914,0.516015
66 0.602966,0.295398 0.619290,0.293108 0.626335,0.314636 0.640082,0.362043 0.648330,0.400976 0.545747,0.414731 0.532688,0.361140 0.535952,0.320146 0.545059,0.312817 0.560696,0.305717 0.577192,0.300450 0.594203,0.296328
54 0.621321,0.287661 0.625241,0.286719 0.630051,0.287035 0.645822,0.327965 0.660843,0.377407 0.665536,0.399187 0.661577,0.400751 0.650986,0.401440 0.645916,0.374904 0.639908,0.347116 0.633055,0.322082 0.624888,0.296673 0.621321,0.287661
43 0.396561,0.735392 0.396840,0.729818 0.397402,0.727955 0.426636,0.719964 0.431755,0.715911 0.437195,0.698846 0.441674,0.678155 0.446313,0.659811 0.459112,0.621416 0.460479,0.619912 0.453960,0.656196 0.447118,0.738438 0.446652,0.741461 0.446190,0.747655 0.443959,0.756759 0.442008,0.760475 0.439498,0.761776 0.436710,0.762333 0.430437,0.760104 0.401022,0.745425 0.398234,0.741523 0.396561,0.735392
46 0.485080,0.637619 0.492786,0.623925 0.499208,0.615761 0.507901,0.609967 0.516496,0.607465 0.525882,0.609704 0.532007,0.614971 0.537539,0.623003 0.540503,0.632747 0.542578,0.646573 0.542677,0.661320 0.541590,0.675163 0.537836,0.690174 0.533884,0.702683 0.525783,0.718089 0.518670,0.727174 0.511952,0.732968 0.505629,0.737454 0.498714,0.738507 0.491797,0.736923 0.486264,0.734289 0.481720,0.728495 0.477570,0.721122 0.475002,0.708744 0.473520,0.693997 0.474310,0.675431 0.476978,0.661473 0.479744,0.650544 0.482905,0.641327
27 0.745251,0.390412 0.747791,0.394738 0.661708,0.405459 0.659873,0.401133
19 0.796288,0.511493 0.794500,0.511493 0.792800,0.513639 0.791816,0.518049 0.792085,0.521983 0.793069,0.524844 0.794321,0.524844 0.795841,0.523533 0.796915,0.521268 0.797630,0.515904 0.797004,0.512566
35 0.566541,0.466973 0.570493,0.466057 0.574102,0.463080 0.576507,0.464225 0.578226,0.468118 0.576679,0.472241 0.563964,0.478424 0.551248,0.480027 0.546780,0.480714 0.544890,0.477966 0.544375,0.473386 0.546780,0.469721 0.549873,0.467889 0.557262,0.468118
58 0.793886,0.454234 0.798193,0.447167 0.802511,0.442410 0.805234,0.440032 0.808332,0.438905 0.810585,0.438905 0.811899,0.439406 0.813495,0.440658 0.816218,0.445539 0.816261,0.445463 0.816634,0.446784 0.818784,0.453664 0.820612,0.463124 0.820719,0.476311 0.820074,0.491505 0.818032,0.506555 0.814921,0.515995 0.813052,0.517418 0.812889,0.516918 0.814082,0.506584 0.814386,0.493407 0.814310,0.483067 0.812485,0.473336 0.810280,0.467457 0.806023,0.459551 0.801994,0.455800 0.796596,0.454280 0.793886,0.454234
67 0.478730,0.395106 0.483422,0.383659 0.490797,0.370786 0.490679,0.370993 0.492436,0.369280 0.501070,0.353491 0.511925,0.337593 0.522697,0.323997 0.531003,0.315664 0.533358,0.315699 0.530917,0.347867 0.524534,0.389048 0.520778,0.417086 0.521154,0.426348 0.521158,0.426399 0.519093,0.426574 0.507963,0.426395 0.503002,0.425322 0.496297,0.420852 0.483692,0.409052 0.480473,0.404224 0.478730,0.399576 0.478730,0.395106
45 0.744342,0.559398 0.754830,0.554802 0.765749,0.547525 0.768048,0.544461 0.769485,0.539482 0.769054,0.536418 0.768333,0.535556 0.769373,0.531155 0.771814,0.518638 0.774822,0.505938 0.777590,0.507496 0.777970,0.510334 0.777210,0.515605 0.774473,0.545508 0.773637,0.558686 0.768619,0.562233 0.760029,0.564666 0.753650,0.564862 0.748652,0.564185 0.744342,0.562270 0.744342,0.559398
56 0.505891,0.557804 0.513319,0.554052 0.520434,0.551341 0.533569,0.551550 0.539276,0.553218 0.544749,0.556136 0.549362,0.560098 0.554523,0.566248 0.558432,0.572816 0.562106,0.581156 0.564765,0.590746 0.566407,0.599607 0.567579,0.610866 0.567267,0.625565 0.566250,0.639534 0.566302,0.639505 0.566078,0.640229 0.562872,0.648962 0.561060,0.656580 0.556988,0.657100 0.558102,0.641571 0.556365,0.627092 0.553867,0.617101 0.549632,0.601898 0.540510,0.582641 0.529651,0.570768 0.513687,0.564976 0.500068,0.562929
29 0.777849,0.423717 0.774462,0.423529 0.773475,0.419955 0.773898,0.416381 0.776015,0.415065 0.779261,0.415065 0.780521,0.418308 0.780390,0.420896 0.778837,0.422965
73 0.256975,0.553952 0.257808,0.543316 0.263704,0.509743 0.268837,0.491800 0.272037,0.487127 0.291739,0.491193 0.326141,0.497135 0.332630,0.499011 0.339197,0.501617 0.344905,0.505266 0.349913,0.509955 0.355698,0.516627 0.369068,0.534140 0.377512,0.547484 0.382516,0.556241 0.384314,0.560828 0.383923,0.568125 0.382828,0.571565 0.379936,0.576673 0.375212,0.583060 0.371283,0.586007 0.362324,0.587927 0.341206,0.590700 0.320409,0.590486 0.304891,0.589420 0.280894,0.584087 0.264014,0.579374 0.264160,0.578564 0.257601,0.559777 0.256975,0.553952
52 0.563945,0.655605 0.565865,0.640812 0.566078,0.640229 0.566254,0.639662 0.606744,0.618170 0.752261,0.544360 0.758607,0.540424 0.767821,0.535706 0.768935,0.536873 0.769173,0.537262 0.769485,0.539482 0.768048,0.544461 0.766815,0.546105 0.763764,0.548757 0.756096,0.553867 0.752513,0.555817 0.745501,0.559873 0.744342,0.560265 0.565461,0.657625 0.563945,0.655605
39 0.166061,0.444344 0.168217,0.435461 0.170766,0.431019 0.174098,0.428667 0.177235,0.429974 0.178999,0.433632 0.179979,0.446696 0.179587,0.452183 0.177431,0.460544 0.174686,0.465769 0.171158,0.466292 0.168413,0.464463 0.166453,0.458976 0.165277,0.451679
16 0.410918,0.272961 0.411171,0.282767 0.416488,0.282551 0.420427,0.280812 0.421894,0.278020 0.412948,0.267141 0.398143,0.240550 0.370929,0.191714 0.358331,0.168453 0.357627,0.170956 0.371053,0.195301 0.396401,0.242057 0.410213,0.268267
