5 0.253668,0.241134 0.268053,0.243933 0.286483,0.250650 0.304914,0.261846 0.320198,0.280319 0.335033,0.307188 0.359312,0.359243 0.356165,0.420819 0.348523,0.446009 0.350770,0.526059 0.350770,0.603334 0.352569,0.640280 0.225802,0.559671 0.219508,0.524964 0.223554,0.500333 0.216811,0.434279 0.217261,0.388376 0.222205,0.376061 0.228049,0.361507 0.235691,0.363746 0.238388,0.317843 0.246929,0.265223 0.251425,0.247310
3 0.180956,0.254252 0.190289,0.248411 0.200178,0.244492 0.216361,0.240574 0.232095,0.240014 0.243783,0.240574 0.233893,0.275840 0.229398,0.300471 0.224903,0.334618 0.223554,0.359248 0.228253,0.360679 0.221141,0.376968 0.216823,0.388039 0.216569,0.432806 0.223300,0.501148 0.219109,0.524712 0.225332,0.559989 0.162848,0.521705 0.152688,0.474417 0.145957,0.445936 0.139480,0.429013 0.137067,0.416678 0.134272,0.385198 0.133252,0.367480 0.133252,0.352297 0.148365,0.330937 0.168051,0.283164
11 0.373888,0.389036 0.378233,0.386448 0.391080,0.382920 0.394103,0.388565 0.398259,0.394446 0.406572,0.399385 0.406950,0.403384 0.408461,0.407383 0.423008,0.418674 0.465139,0.446431 0.502168,0.471835 0.529940,0.492535 0.544488,0.504532 0.557656,0.517463 0.550722,0.516999 0.517471,0.510413 0.510481,0.511589 0.505380,0.515588 0.503302,0.520763 0.504435,0.527584 0.515771,0.562190 0.524084,0.585478 0.498201,0.577951 0.468540,0.575834 0.449080,0.577010 0.439634,0.564068 0.431699,0.555129 0.416774,0.543603 0.409595,0.540310 0.402793,0.538663 0.395803,0.539369 0.389002,0.541486 0.382767,0.545250 0.376722,0.552777 0.372565,0.562186 0.368598,0.574441 0.364631,0.591848 0.363119,0.607843 0.364253,0.627602 0.366709,0.648773 0.358207,0.644774 0.352917,0.639599 0.350839,0.602198 0.351595,0.553271 0.349705,0.466218 0.349705,0.445753 0.356129,0.421747 0.361419,0.423864 0.374644,0.423393 0.378800,0.421982 0.381445,0.418454 0.382578,0.413514 0.381823,0.408104 0.375021,0.392814
9 0.136409,0.288403 0.141887,0.287227 0.147744,0.290049 0.140943,0.300870 0.139054,0.305574 0.138109,0.311926 0.141510,0.329332 0.146800,0.333331 0.132630,0.352149 0.132819,0.364852 0.134330,0.390726 0.136975,0.417072 0.138676,0.427892 0.145706,0.446986 0.162877,0.522637 0.159311,0.520499 0.153895,0.489910 0.143064,0.449782 0.132762,0.430376 0.128006,0.422482 0.124440,0.418700 0.118100,0.416068 0.114402,0.416726 0.111628,0.418864 0.110042,0.421162 0.104098,0.412116 0.103041,0.404880 0.101060,0.398137 0.097758,0.391724 0.095248,0.389257 0.096305,0.382662 0.096041,0.374932 0.094588,0.365558 0.093267,0.350757 0.092342,0.345165 0.092078,0.337436 0.092606,0.332173 0.096173,0.324750 0.101852,0.317514 0.108060,0.313074 0.122590,0.307811 0.127609,0.301890 0.134081,0.291694
7 0.402636,0.567151 0.394051,0.575045 0.386654,0.584254 0.381767,0.596753 0.378729,0.606292 0.376087,0.616653 0.375162,0.633921 0.374898,0.657274 0.375559,0.668457 0.377540,0.679969 0.382031,0.703511 0.387446,0.721108 0.393522,0.737554 0.403033,0.754493 0.414920,0.772090 0.426148,0.781464 0.441998,0.787385 0.455603,0.787385 0.468944,0.783602 0.484530,0.778339 0.499325,0.768151 0.504080,0.758777 0.506589,0.743318 0.498532,0.738219 0.492985,0.732792 0.490211,0.707301 0.486248,0.681303 0.478323,0.651700 0.471851,0.624565 0.463133,0.605464 0.453095,0.584907 0.438697,0.563527 0.433810,0.557936 0.429319,0.555962 0.420073,0.557278 0.409902,0.561389
41 0.340578,0.331558 0.359452,0.369582 0.355849,0.421278 0.335259,0.413374 0.305405,0.409102 0.276923,0.401625 0.274349,0.397780 0.271432,0.389235 0.270231,0.375563 0.271432,0.370437 0.277094,0.365951 0.291335,0.361465 0.302831,0.359756 0.319817,0.359756 0.325651,0.362533 0.333372,0.368514 0.337318,0.373000
7 0.162091,0.535615 0.183298,0.550162 0.181134,0.563092 0.175942,0.569558 0.167287,0.576292 0.146515,0.578717 0.139808,0.578178 0.133101,0.573868 0.124662,0.561476 0.116224,0.533191 0.112978,0.515681 0.111247,0.498171 0.111031,0.484971 0.111247,0.471502 0.112762,0.459379 0.116440,0.447526 0.120768,0.439176 0.125744,0.435135 0.130937,0.433788 0.134182,0.434057 0.142837,0.450490 0.153439,0.491975 0.158632,0.522146
6 0.559042,0.519927 0.607941,0.532319 0.662250,0.550367 0.712275,0.541573 0.751610,0.531241 0.762212,0.528008 0.763078,0.522621 0.766540,0.517502 0.772165,0.515617 0.779089,0.517502 0.783416,0.522082 0.809813,0.512112 0.829719,0.503492 0.842485,0.496757 0.840321,0.477900 0.833181,0.462546 0.827988,0.452040 0.816305,0.441244 0.786013,0.418077 0.747283,0.395718 0.688647,0.363122 0.677612,0.358812 0.680980,0.361685 0.681548,0.363452 0.680128,0.364631 0.664703,0.369108 0.633472,0.376177 0.588425,0.383840 0.530507,0.392097 0.489150,0.397399 0.444765,0.401169 0.424892,0.401169 0.414860,0.400345 0.407854,0.399053 0.407949,0.402234 0.410504,0.407772 0.417412,0.413192 0.434447,0.424974 0.483564,0.457848 0.518864,0.482982 0.534479,0.495118 0.542901,0.502541 0.558611,0.517859
0 0.093028,0.390739 0.093217,0.403346 0.091798,0.414068 0.091324,0.423848 0.095110,0.451794 0.100599,0.473474 0.110536,0.490323 0.107318,0.476538 0.105236,0.459806 0.105047,0.447788 0.105520,0.437773 0.106845,0.430468 0.110157,0.421277 0.103911,0.412205 0.102681,0.404664 0.100788,0.398184 0.097192,0.391350 0.095019,0.389305
1 0.526245,0.587572 0.557729,0.596283 0.615699,0.604371 0.646183,0.606860 0.659676,0.604994 0.684164,0.588194 0.720145,0.582595 0.771618,0.570151 0.784612,0.573262 0.790109,0.567662 0.793107,0.562685 0.834586,0.545886 0.845320,0.538853 0.852624,0.541035 0.856129,0.541035 0.856422,0.530124 0.854669,0.522485 0.862849,0.535216 0.868107,0.551947 0.867815,0.583228 0.855555,0.639116 0.863616,0.658885 0.861418,0.670137 0.854578,0.678957 0.821112,0.701506 0.775921,0.722795 0.715829,0.744997 0.676990,0.758074 0.630333,0.760210 0.569753,0.757169 0.513570,0.745004 0.505264,0.741354 0.498180,0.737097 0.493295,0.732231 0.490608,0.707292 0.486699,0.680833 0.472287,0.623961 0.453966,0.585641 0.449325,0.578341 0.469111,0.575908 0.499402,0.578341
14 0.396601,0.388168 0.334013,0.269232 0.325366,0.258979 0.398248,0.249237 0.429542,0.247186 0.476071,0.246674 0.541542,0.248724 0.566659,0.266155 0.583953,0.283585 0.611130,0.306142 0.667130,0.359971 0.667130,0.367661 0.653953,0.371249 0.627600,0.375863 0.491307,0.394831 0.443542,0.400471 0.410189,0.398420 0.402366,0.396369 0.398248,0.391755
12 0.332779,0.301616 0.373543,0.389792 0.390837,0.381590 0.334426,0.272907 0.324132,0.258552 0.417602,0.246671 0.481014,0.244621 0.521366,0.246671 0.541543,0.246671 0.565013,0.263589 0.632543,0.324595 0.657248,0.349203 0.660543,0.345101 0.594660,0.281532 0.546895,0.245128 0.515601,0.231799 0.454660,0.218470 0.397013,0.213856 0.328249,0.215907 0.294484,0.217445 0.259017,0.220810 0.229837,0.226169 0.191543,0.236422 0.170558,0.249059 0.150779,0.271795 0.136779,0.287835 0.141598,0.286372 0.147835,0.289448 0.156543,0.276922 0.175484,0.256928 0.185778,0.248725 0.203896,0.242061 0.223249,0.239498 0.240131,0.238985 0.255366,0.239498 0.273484,0.243599 0.289955,0.250263 0.307249,0.263080 0.324955,0.285637
35 0.140518,0.370856 0.144293,0.373847 0.152529,0.376837 0.153558,0.379828 0.152700,0.383460 0.149269,0.383460 0.144121,0.381751 0.141033,0.379401 0.138116,0.376197 0.138116,0.373633 0.139146,0.371711
35 0.224258,0.409762 0.221554,0.407567 0.219673,0.407859 0.218615,0.410641 0.218497,0.415179 0.220731,0.417374 0.235311,0.424255 0.241189,0.425426 0.242130,0.423815 0.242835,0.420888 0.242248,0.418399 0.240602,0.417082 0.235428,0.415911 0.225787,0.410933
69 0.254961,0.247575 0.268859,0.250352 0.290478,0.259324 0.301287,0.267442 0.312440,0.280046 0.329083,0.308457 0.340064,0.329605 0.336804,0.371688 0.330284,0.365066 0.319989,0.359298 0.301287,0.359085 0.290478,0.361007 0.276751,0.365279 0.269888,0.370406 0.269202,0.378310 0.238489,0.364852 0.240895,0.328539 0.244670,0.295855 0.252391,0.258685
50 0.359967,0.370650 0.365972,0.381972 0.376953,0.407606 0.378326,0.411879 0.378497,0.416578 0.375066,0.419569 0.362369,0.421278 0.356535,0.420851
67 0.178441,0.256540 0.167288,0.267008 0.156136,0.279398 0.145841,0.293710 0.140522,0.303750 0.138978,0.312509 0.140007,0.318490 0.142409,0.327889 0.147385,0.332162 0.180307,0.255459
47 0.104959,0.360023 0.107754,0.350671 0.110374,0.345887 0.112645,0.345669 0.114741,0.350454 0.114217,0.363285 0.112645,0.373941 0.110898,0.380901 0.109151,0.383075 0.106357,0.374811 0.105483,0.365895
54 0.244666,0.240953 0.251701,0.240953 0.241235,0.292649 0.237117,0.330887 0.235229,0.362716 0.224592,0.359298 0.226822,0.324478 0.233170,0.287095 0.236774,0.271074 0.243980,0.244158
59 0.736338,0.617015 0.746425,0.611673 0.791876,0.598104 0.840921,0.577894 0.842312,0.580781 0.842776,0.589587 0.843008,0.617015 0.842544,0.621201 0.837790,0.624810 0.797789,0.642998 0.763469,0.657145 0.739121,0.664074 0.735990,0.662919 0.735526,0.659599 0.735179,0.620623
66 0.182387,0.257190 0.189079,0.253345 0.205722,0.248432 0.216874,0.247364 0.240381,0.246936 0.234718,0.265735 0.229228,0.287310 0.222365,0.324694 0.219791,0.356096 0.162141,0.333452 0.166774,0.290942
56 0.133485,0.433073 0.127651,0.423246 0.124734,0.419615 0.117871,0.415983 0.111179,0.419401 0.106890,0.430510 0.105689,0.438200 0.105517,0.459134 0.107748,0.474942 0.110322,0.486905 0.110322,0.471952 0.111866,0.458494 0.115812,0.446745 0.119758,0.438413 0.125935,0.433927 0.130396,0.433073
58 0.372153,0.661924 0.367177,0.646970 0.364603,0.627958 0.363745,0.608733 0.365289,0.592711 0.369236,0.573699 0.374211,0.559173 0.377471,0.552764 0.383134,0.545929 0.389825,0.541854 0.395316,0.539718 0.402522,0.539077 0.411444,0.541641 0.418650,0.545700 0.431690,0.555953 0.428256,0.555102 0.419677,0.556170 0.409725,0.559801 0.392396,0.574327 0.385361,0.584154 0.375238,0.614915 0.373865,0.657852 0.374552,0.663193
46 0.384486,0.655837 0.384818,0.666780 0.386476,0.681646 0.390125,0.700848 0.397753,0.720670 0.404884,0.734297 0.411684,0.744414 0.420307,0.751847 0.429594,0.755977 0.438218,0.754738 0.446178,0.749163 0.452480,0.738840 0.457289,0.721496 0.458616,0.701261 0.456460,0.675659 0.450656,0.649436 0.441203,0.629202 0.434569,0.617433 0.421468,0.602951 0.414171,0.601092 0.407703,0.600679 0.399577,0.603570 0.394105,0.609971 0.390456,0.618436 0.386642,0.630824 0.384984,0.642181 0.384818,0.649614
46 0.138199,0.474476 0.141794,0.485447 0.143765,0.496418 0.146084,0.512297 0.146084,0.525577 0.144808,0.544343 0.142373,0.551561 0.139011,0.557768 0.134373,0.558635 0.129387,0.554593 0.125561,0.548530 0.121271,0.537126 0.118257,0.527165 0.115706,0.508399 0.115010,0.499016 0.115126,0.486024 0.116054,0.476208 0.118141,0.465814 0.121271,0.460184 0.124286,0.457730 0.126953,0.457730 0.130547,0.459896 0.133909,0.464659 0.136576,0.470434
73 0.092169,0.346240 0.093097,0.352736 0.093560,0.362552 0.095415,0.373090 0.095763,0.382617 0.094604,0.388536 0.092633,0.390412 0.090082,0.374100 0.088922,0.361975 0.090430,0.348116
71 0.663408,0.552329 0.672684,0.568064 0.683351,0.587985 0.668162,0.598234 0.659930,0.604730 0.646248,0.606174 0.614595,0.603720 0.556043,0.595633 0.524389,0.586250 0.505722,0.530962 0.503751,0.523139 0.503983,0.520685 0.505258,0.516643 0.508041,0.514333 0.510592,0.512601 0.517896,0.511013 0.550361,0.517364 0.558014,0.518086 0.558709,0.520829 0.571231,0.523427 0.610421,0.534116 0.655524,0.548552
63 0.840573,0.498600 0.808224,0.513035 0.783064,0.522851 0.779586,0.519387 0.774948,0.516788 0.771701,0.516211 0.766600,0.517943 0.763121,0.523140 0.762078,0.529058 0.715120,0.541183 0.663640,0.551865 0.671292,0.564424 0.683931,0.587831 0.716395,0.582345 0.770774,0.569209 0.783644,0.572674 0.790137,0.566755 0.792456,0.561703 0.835124,0.545102 0.844283,0.538436 0.843820,0.515484
70 0.841269,0.477957 0.845095,0.485608 0.849269,0.501487 0.855182,0.527759 0.855878,0.533533 0.855878,0.540463 0.852400,0.540607 0.844863,0.537864 0.844631,0.515345 0.841964,0.498600 0.843008,0.495857 0.841617,0.485896
60 0.861907,0.607220 0.858081,0.625264 0.853443,0.646773 0.848457,0.657600 0.840341,0.665828 0.806833,0.687481 0.725207,0.724175 0.700743,0.729516 0.689728,0.726629 0.682771,0.719556 0.678481,0.699779 0.673148,0.678126 0.693322,0.676394 0.730193,0.666272 0.736222,0.663963 0.739121,0.664540 0.764281,0.657034 0.788166,0.647217 0.828051,0.629883 0.838022,0.624975 0.843008,0.621078 0.850776,0.616154
62 0.553260,0.673784 0.545376,0.678404 0.539926,0.683167 0.536100,0.690241 0.534129,0.697025 0.540622,0.704532 0.546651,0.710595 0.555231,0.714926 0.567637,0.718967 0.592334,0.724742 0.613088,0.728639 0.669437,0.734125 0.687757,0.732392 0.696681,0.730668 0.694710,0.728359 0.689608,0.726771 0.682072,0.719553 0.672448,0.677979 0.618766,0.677965 0.560793,0.672191 0.557198,0.672479 0.554648,0.673346
52 0.344588,0.650602 0.363752,0.664918 0.368543,0.665216 0.369741,0.658655 0.366627,0.650304 0.350098,0.640760 0.237031,0.567094 0.158699,0.521437 0.162292,0.534261 0.181935,0.548577
27 0.227758,0.362000 0.226011,0.366349 0.270379,0.385705 0.269855,0.379398
25 0.172035,0.343931 0.224788,0.365896 0.227408,0.360894 0.194220,0.346975 0.149851,0.329577 0.146882,0.333057
21 0.273174,0.389402 0.280860,0.391577 0.312127,0.393969 0.327674,0.394187 0.334661,0.393099 0.337456,0.385487 0.338853,0.375048 0.332914,0.368959 0.326451,0.363740 0.319464,0.360260 0.301647,0.359390 0.285402,0.363305 0.275270,0.367219 0.270729,0.371351 0.270379,0.377223 0.271777,0.387880
29 0.358068,0.476637 0.364705,0.480117 0.367326,0.480117 0.369422,0.477942 0.369946,0.472940 0.369422,0.469678 0.367675,0.467503 0.358941,0.463589 0.357194,0.463589 0.355448,0.466198 0.355098,0.469243 0.356146,0.475767
19 0.130986,0.509288 0.131860,0.512551 0.133257,0.514725 0.136401,0.514943 0.137275,0.511246 0.137100,0.506461 0.135702,0.502112 0.133956,0.499067 0.132209,0.498414 0.130811,0.499719 0.129763,0.502329 0.129763,0.504721
19 0.417808,0.670041 0.417458,0.676783 0.421126,0.686569 0.424271,0.688527 0.426716,0.687874 0.429162,0.684829 0.429686,0.679610 0.428987,0.673303 0.427590,0.669606 0.422524,0.665039 0.419205,0.665909
18 0.680061,0.647236 0.676159,0.652095 0.674781,0.656954 0.675929,0.662670 0.677306,0.666386 0.682127,0.668100 0.686030,0.668100 0.690162,0.665814 0.692687,0.659526 0.692687,0.651809 0.689244,0.648380 0.686489,0.647236 0.681898,0.647236
16 0.279785,0.217251 0.280437,0.218874 0.284186,0.218062 0.275220,0.197564 0.268863,0.180110 0.267618,0.181111 0.268510,0.184444
39 0.766147,0.550013 0.764311,0.539723 0.765459,0.532006 0.768902,0.525719 0.774412,0.522289 0.779921,0.522003 0.784971,0.525719 0.788644,0.530863 0.792777,0.542867 0.793695,0.551156 0.792547,0.558301 0.790481,0.564017 0.787726,0.567161 0.782905,0.570019 0.778773,0.570019 0.771657,0.564589 0.767984,0.556586
23 0.585807,0.366504 0.579548,0.369901 0.582597,0.374497 0.587091,0.373498 0.590782,0.369302 0.596881,0.370101 0.609882,0.369501 0.623524,0.371300 0.637648,0.374297 0.649364,0.372299 0.658512,0.369701 0.634759,0.369701 0.604746,0.366904 0.596881,0.366904 0.589498,0.366104
22 0.629893,0.372782 0.613193,0.371109 0.593423,0.372782 0.583825,0.370870 0.574420,0.372543 0.566166,0.378040 0.536222,0.382341 0.576531,0.381385 0.600717,0.377323 0.617224,0.375650
30 0.405121,0.394534 0.450613,0.389754 0.457523,0.384019 0.461938,0.382107 0.468272,0.385453 0.472687,0.389038 0.514532,0.387843 0.518179,0.389038 0.518179,0.391188 0.511461,0.393100 0.443127,0.398119 0.421821,0.398358 0.409152,0.396924
31 0.473839,0.381143 0.459251,0.383772 0.458867,0.385684 0.466353,0.387118 0.470000,0.385445 0.474415,0.384728 0.483628,0.387118 0.498408,0.386640 0.543900,0.387118 0.576531,0.384728 0.597262,0.381143 0.602060,0.380904 0.600141,0.378037 0.594574,0.378037 0.575188,0.382099 0.559064,0.381382 0.525473,0.383294 0.482476,0.384250 0.475566,0.381143
