11 0.257519,0.310114 0.259871,0.306472 0.267570,0.303611 0.269495,0.304652 0.266715,0.310374 0.266287,0.321298 0.260513,0.329100 0.255380,0.346527 0.248536,0.374617 0.241906,0.422215 0.241265,0.457067 0.230785,0.450305 0.224155,0.444583 0.219664,0.446664 0.215387,0.454466 0.204265,0.511427 0.202768,0.521571 0.194855,0.516109 0.187798,0.513768 0.190578,0.480996 0.194000,0.463310 0.201913,0.441462 0.216670,0.418573 0.235490,0.369415 0.245328,0.347827 0.253883,0.323899
7 0.193051,0.704364 0.205183,0.724651 0.223381,0.737930 0.261597,0.761906 0.262507,0.765595 0.211249,0.764857 0.207306,0.761537 0.204273,0.757480 0.201240,0.750471 0.195478,0.728709 0.193658,0.711741
10 0.720260,0.307250 0.725821,0.304389 0.730954,0.317654 0.741861,0.342363 0.756618,0.370193 0.770947,0.399584 0.789981,0.435997 0.807305,0.465388 0.812438,0.481019 0.817570,0.511711 0.816287,0.515872 0.808588,0.520554 0.806235,0.503648 0.797681,0.468015 0.794045,0.454490 0.792334,0.450328 0.789554,0.448767 0.786773,0.448767 0.784635,0.451889 0.777577,0.458131 0.775438,0.452409 0.764745,0.402965 0.754051,0.377216 0.738225,0.344444 0.729670,0.329358 0.724110,0.322856 0.724752,0.317654 0.723254,0.312712
7 0.803901,0.723199 0.791769,0.736478 0.779333,0.747912 0.752946,0.765618 0.768718,0.764880 0.784186,0.761191 0.791465,0.755289 0.797531,0.747912 0.801029,0.738768 0.802384,0.729469
12 0.311807,0.175140 0.298113,0.202281 0.285686,0.229114 0.268187,0.276611 0.258043,0.306836 0.266666,0.303135 0.269455,0.304060 0.281882,0.265816 0.302170,0.211534 0.319669,0.175449 0.368108,0.171748 0.410460,0.169589 0.460674,0.168355 0.534473,0.168355 0.572767,0.170514 0.625010,0.174838 0.655950,0.178847 0.694498,0.253485 0.718337,0.304683 0.720366,0.306534 0.725691,0.303141 0.692215,0.229120 0.663558,0.181314 0.651385,0.166202 0.641241,0.158800 0.626532,0.151089 0.541067,0.141220 0.468789,0.139061 0.424662,0.139061 0.391693,0.140895 0.353399,0.146447 0.333617,0.150764 0.326009,0.156624 0.317640,0.165877
1 0.339708,0.566024 0.314094,0.577128 0.302175,0.581137 0.280872,0.575277 0.238266,0.557394 0.215188,0.541048 0.208087,0.533646 0.203776,0.524702 0.197943,0.519150 0.192617,0.516374 0.187799,0.515449 0.185516,0.539814 0.184248,0.589779 0.186784,0.637935 0.193124,0.701779 0.206312,0.724602 0.245367,0.751126 0.287212,0.774627 0.307500,0.779253 0.456620,0.782955 0.579365,0.783587 0.719609,0.778945 0.741165,0.773085 0.780221,0.745636 0.802031,0.724046 0.808878,0.716336 0.812429,0.709536 0.820032,0.655253 0.821808,0.624411 0.822315,0.587024 0.821047,0.544462 0.819018,0.525648 0.815214,0.516395 0.806084,0.524723 0.804309,0.538602 0.793911,0.549088 0.761450,0.570369 0.743951,0.576538 0.726198,0.580547 0.709461,0.577463 0.693483,0.568827 0.682578,0.568210 0.539827,0.572825 0.534620,0.575949 0.528460,0.578594 0.520017,0.581152 0.506069,0.580535 0.497193,0.574058 0.491397,0.571271 0.479694,0.570974 0.392707,0.568190 0.356188,0.567265
6 0.242073,0.457717 0.242834,0.416080 0.248667,0.378144 0.261854,0.328140 0.266165,0.320429 0.269716,0.323205 0.283157,0.325981 0.316379,0.328448 0.420611,0.329698 0.664578,0.329730 0.714791,0.327263 0.724682,0.323253 0.733305,0.337749 0.748775,0.366741 0.765005,0.408414 0.774135,0.450359 0.776671,0.458378 0.742634,0.485181 0.711697,0.508050 0.701385,0.511370 0.607361,0.516902 0.537801,0.518009 0.535492,0.513895 0.530166,0.510194 0.521036,0.506492 0.514950,0.505876 0.508609,0.506184 0.501255,0.509577 0.496436,0.513278 0.493139,0.518212 0.432784,0.516974 0.322719,0.512616 0.299641,0.496269 0.271745,0.478689 0.242073,0.457717
14 0.682148,0.231101 0.694540,0.255471 0.718534,0.309021 0.721171,0.317037 0.720907,0.321527 0.717743,0.324733 0.710360,0.326657 0.678193,0.327619 0.577209,0.328581 0.356519,0.327624 0.309059,0.326982 0.271355,0.322493 0.266872,0.319607 0.269773,0.307742 0.305104,0.206367 0.316442,0.185845 0.319606,0.177508 0.330943,0.175264 0.412153,0.169812 0.537922,0.170133 0.589601,0.172050 0.654990,0.180066 0.667383,0.205077
41 0.254828,0.312777 0.249786,0.312777 0.251677,0.289017 0.248841,0.281352 0.241593,0.277136 0.230879,0.275603 0.203148,0.278286 0.195584,0.285567 0.196530,0.300130 0.199681,0.313927 0.203463,0.320442 0.216383,0.325424 0.248211,0.335389
40 0.730881,0.314724 0.733402,0.315107 0.731512,0.293263 0.734978,0.283682 0.740335,0.279466 0.755146,0.279466 0.773424,0.283682 0.786974,0.290197 0.790125,0.295179 0.788865,0.303993 0.784453,0.320856 0.781302,0.326988 0.748844,0.335036 0.739705,0.335036
71 0.324169,0.515225 0.341029,0.562820 0.302537,0.579459 0.282496,0.574429 0.238279,0.555851 0.213148,0.537665 0.208058,0.531860 0.203286,0.522187 0.214420,0.460275 0.216329,0.453696 0.219510,0.449053 0.223645,0.446731 0.228417,0.448666 0.269772,0.479235 0.311763,0.505935
70 0.704315,0.515230 0.689046,0.563599 0.705269,0.574434 0.717040,0.578690 0.726265,0.579851 0.762848,0.569016 0.780980,0.556634 0.794023,0.547734 0.803567,0.537673 0.806430,0.516778 0.801022,0.487370 0.795614,0.464540 0.793069,0.455253 0.790206,0.450223 0.787025,0.450223 0.760303,0.472666 0.727219,0.496657
60 0.306037,0.671587 0.316216,0.705639 0.327032,0.728856 0.333394,0.739690 0.342938,0.745495 0.342302,0.753620 0.358844,0.757103 0.383656,0.758651 0.426485,0.760936 0.461743,0.761687 0.510423,0.762879 0.553211,0.763294 0.625584,0.760342 0.678866,0.755942 0.683001,0.754781 0.684274,0.745495 0.693499,0.740077 0.701770,0.727695 0.720857,0.673135 0.703361,0.676230 0.625423,0.680874 0.435509,0.680874 0.392564,0.679713 0.334349,0.676617 0.315580,0.673909
63 0.325124,0.513289 0.493406,0.519097 0.496269,0.512906 0.507721,0.507101 0.514719,0.506714 0.521082,0.507101 0.528080,0.510584 0.534124,0.514840 0.536987,0.519484 0.562436,0.517939 0.702406,0.514069 0.697635,0.530701 0.687137,0.565914 0.559891,0.571331 0.540558,0.571713 0.536577,0.573638 0.531986,0.577071 0.524405,0.578595 0.517900,0.579844 0.505803,0.579452 0.497066,0.573838 0.491340,0.570263 0.392246,0.567075 0.343256,0.563979 0.335939,0.545793 0.325124,0.513289
59 0.398290,0.612754 0.632739,0.614302 0.634648,0.615850 0.636557,0.622815 0.636557,0.671184 0.635602,0.677375 0.633694,0.680084 0.629876,0.680858 0.410378,0.680471 0.401471,0.679310 0.398290,0.677762 0.397017,0.672732 0.394790,0.663058 0.394798,0.622449 0.395947,0.616620
20 0.742964,0.317069 0.770004,0.315908 0.785273,0.314360 0.788773,0.294626 0.786864,0.290756 0.779229,0.286500 0.758870,0.280309 0.748054,0.279535 0.740101,0.280696 0.735648,0.283791 0.732148,0.293078 0.734057,0.316682
21 0.195809,0.285721 0.202171,0.279142 0.226666,0.276821 0.237482,0.276821 0.243844,0.278756 0.249570,0.282625 0.250206,0.290364 0.247343,0.310872 0.243526,0.314742 0.216168,0.312807 0.203125,0.311259 0.198672,0.308938 0.196889,0.300998 0.195809,0.292686 0.195809,0.285721
62 0.296333,0.669655 0.269293,0.660369 0.219667,0.638312 0.216486,0.637925 0.214259,0.638312 0.211714,0.640247 0.208533,0.646438 0.205670,0.661529 0.207897,0.672751 0.216486,0.686681 0.227938,0.699064 0.239072,0.706803 0.293788,0.740467 0.316692,0.748980 0.341823,0.753624 0.342459,0.746272 0.332279,0.740467 0.321782,0.720733 0.314783,0.705255 0.304922,0.670429
22 0.453566,0.322804 0.495646,0.321898 0.500487,0.320539 0.504583,0.316463 0.513148,0.313745 0.519292,0.315557 0.527485,0.320766 0.534933,0.324163 0.578688,0.325522 0.587812,0.329372 0.531395,0.329825 0.523202,0.327334 0.503093,0.325975 0.468089,0.325522
61 0.722287,0.673147 0.747418,0.666956 0.784955,0.647995 0.797043,0.641030 0.802770,0.641417 0.805951,0.649930 0.805951,0.659603 0.802133,0.676242 0.793226,0.693655 0.777957,0.708746 0.740737,0.735446 0.709244,0.749763 0.683795,0.755180 0.685704,0.745120 0.695565,0.738928 0.703200,0.726546 0.712107,0.699459
16 0.473286,0.138205 0.472397,0.108176 0.474176,0.107365 0.475124,0.108185 0.475955,0.138205
18 0.305311,0.642612 0.306973,0.638279 0.310061,0.635679 0.313623,0.634523 0.316948,0.635101 0.320035,0.637123 0.322648,0.640012 0.324785,0.644634 0.325973,0.649834 0.325260,0.656478 0.321460,0.663122 0.317660,0.665433 0.312673,0.666300 0.307686,0.663411 0.305548,0.658500 0.304041,0.653402 0.304123,0.646945
39 0.490317,0.537439 0.493641,0.526172 0.501004,0.518661 0.508128,0.515483 0.514778,0.514328 0.519528,0.514617 0.525703,0.516350 0.532828,0.521550 0.538527,0.530216 0.543515,0.545238 0.541615,0.556216 0.538052,0.565749 0.533065,0.572393 0.528553,0.575860 0.522615,0.577593 0.515491,0.578171 0.507416,0.577593 0.498629,0.572104 0.492929,0.563438 0.489836,0.554301 0.489842,0.545527
30 0.283756,0.317365 0.270536,0.318044 0.271281,0.321668 0.276681,0.323933 0.314292,0.326424 0.410369,0.328915 0.400686,0.325292 0.364006,0.320762 0.349297,0.319630 0.338684,0.312609 0.331422,0.311703 0.325464,0.314647 0.321181,0.318044 0.309265,0.318724
23 0.514451,0.315554 0.509796,0.316460 0.509610,0.318725 0.514451,0.318725 0.521899,0.320764 0.523389,0.317366 0.527113,0.316460 0.538284,0.319178 0.545173,0.318499 0.578875,0.324614 0.587626,0.328464 0.604942,0.329823 0.632126,0.329370 0.592653,0.322802 0.576640,0.321443 0.562862,0.319405 0.553180,0.316460 0.547222,0.315328 0.539774,0.315554 0.530650,0.312837 0.519479,0.314422
31 0.332167,0.313062 0.338497,0.311703 0.347807,0.311703 0.353021,0.312609 0.357303,0.315553 0.399011,0.319630 0.418951,0.321631 0.475909,0.326198 0.507004,0.326651 0.523947,0.327783 0.525809,0.329595 0.455800,0.329142 0.418934,0.326198 0.382998,0.321441 0.355255,0.318950 0.352276,0.316232 0.348738,0.314873 0.344456,0.314873 0.340732,0.315779 0.334039,0.315280
