9 0.706714,0.311760 0.714112,0.311414 0.723581,0.332144 0.744591,0.373603 0.762643,0.395714 0.778918,0.411952 0.794602,0.429918 0.799041,0.443392 0.800225,0.449611 0.794306,0.445120 0.784837,0.444083 0.749918,0.444429 0.756724,0.411261 0.729204,0.362547 0.714703,0.327998
8 0.274615,0.310033 0.289115,0.310033 0.271655,0.359784 0.266625,0.380513 0.263074,0.399861 0.262186,0.407807 0.270176,0.439592 0.240880,0.439592 0.221053,0.440629 0.215726,0.441665 0.213359,0.445811 0.214839,0.433374 0.218390,0.422663 0.231114,0.402625 0.245318,0.387769 0.257155,0.362548 0.267513,0.331454
7 0.218390,0.705343 0.222533,0.730910 0.225788,0.739893 0.232594,0.743347 0.280533,0.749221 0.295629,0.749916 0.298884,0.748188 0.298884,0.746115 0.271364,0.742660 0.256568,0.738169 0.242955,0.732296 0.233190,0.725386 0.222537,0.712603
12 0.283926,0.287717 0.278315,0.301165 0.275657,0.308406 0.289538,0.308751 0.304600,0.272891 0.313164,0.249788 0.323206,0.247375 0.355397,0.241858 0.413283,0.238410 0.491843,0.237031 0.558589,0.237720 0.620904,0.241858 0.640987,0.244272 0.672293,0.250134 0.705370,0.311854 0.713640,0.309785 0.698578,0.282201 0.681153,0.255306 0.669340,0.240479 0.656640,0.229445 0.648075,0.224273 0.637443,0.219446 0.597278,0.212530 0.561247,0.209082 0.510449,0.206668 0.447838,0.206323 0.398516,0.208737 0.346242,0.215978 0.327341,0.221150 0.318492,0.228748 0.310802,0.239080 0.292786,0.269078
38 0.295825,0.543363 0.319805,0.544377 0.346391,0.544783 0.349345,0.548841 0.349693,0.552492 0.349519,0.554521 0.347608,0.556550 0.345349,0.557767 0.341352,0.558579 0.295477,0.556956
72 0.212160,0.449807 0.215408,0.442911 0.221020,0.441531 0.245828,0.440152 0.271227,0.440152 0.292196,0.524285 0.291014,0.532561 0.284221,0.553249 0.278905,0.554628 0.235786,0.551870 0.219543,0.547732 0.207729,0.540836 0.204481,0.514631 0.205071,0.498080 0.206843,0.476012 0.211274,0.455324
39 0.490162,0.431332 0.489667,0.440288 0.490657,0.450976 0.497338,0.460220 0.505503,0.464265 0.514906,0.463687 0.525545,0.458487 0.532226,0.448376 0.532721,0.437688 0.531484,0.428732 0.526040,0.420644 0.519360,0.414577 0.512679,0.412555 0.504761,0.412844 0.497338,0.416599 0.492637,0.422666
73 0.749671,0.446358 0.763552,0.445324 0.794267,0.445324 0.800469,0.450496 0.804013,0.468771 0.806375,0.493252 0.802241,0.546008 0.793381,0.553249 0.783930,0.556008 0.743764,0.559111 0.735495,0.558766 0.727816,0.537733 0.726339,0.527388 0.733132,0.508424 0.744946,0.464288
0 0.283200,0.555725 0.255088,0.554343 0.235557,0.552270 0.221649,0.549506 0.208037,0.542596 0.207149,0.575418 0.205669,0.595802 0.203598,0.607203 0.211883,0.679075 0.211588,0.693931 0.214547,0.700841 0.221057,0.710166 0.233486,0.723640 0.241476,0.730204 0.255976,0.737114 0.271372,0.741441 0.298884,0.745061 0.360732,0.748170 0.474957,0.754758 0.592734,0.756143 0.697786,0.752689 0.748980,0.746470 0.768807,0.733000 0.779164,0.725400 0.789817,0.705016 0.796110,0.685315 0.801141,0.653530 0.803213,0.622436 0.799070,0.558161 0.801437,0.548141 0.797294,0.552287 0.792263,0.555051 0.757345,0.559197 0.733967,0.560579 0.715028,0.587527 0.700824,0.606184 0.679518,0.614476 0.463199,0.613087 0.335066,0.605823 0.322045,0.602714 0.311096,0.595113 0.293933,0.576456 0.286239,0.556072
15 0.313755,0.251146 0.325273,0.247008 0.359827,0.242871 0.432775,0.239078 0.538801,0.238043 0.595506,0.240457 0.634785,0.244595 0.664023,0.249077 0.671702,0.251146 0.693557,0.291154 0.722500,0.348737 0.724272,0.355978 0.723977,0.358737 0.380796,0.356318 0.273294,0.357008 0.289538,0.309424 0.307258,0.265634
13 0.435008,0.611705 0.516978,0.613778 0.680326,0.613432 0.700449,0.605831 0.718204,0.582683 0.734776,0.558153 0.726786,0.536733 0.726490,0.527405 0.731225,0.514276 0.743653,0.468308 0.756082,0.411302 0.731521,0.369122 0.727674,0.360831 0.708143,0.359794 0.633571,0.359794 0.529999,0.357721 0.309241,0.357376 0.272251,0.358067 0.263670,0.398144 0.263670,0.409545 0.292670,0.521154 0.292966,0.528064 0.290598,0.537392 0.285864,0.550867 0.294150,0.575051 0.311313,0.594399 0.322854,0.601999 0.335874,0.605109
59 0.395395,0.491156 0.398117,0.483934 0.402323,0.481912 0.420138,0.481912 0.612147,0.483356 0.617591,0.484512 0.619323,0.492312 0.618828,0.536511 0.616848,0.540844 0.613137,0.542866 0.463934,0.541133 0.403560,0.540266 0.399107,0.538822 0.396632,0.535066 0.396632,0.525533
16 0.488430,0.214059 0.484471,0.222148 0.494369,0.223881 0.497338,0.223014 0.494864,0.212903 0.495111,0.186904 0.497585,0.150505 0.495853,0.148771 0.494121,0.149349 0.493626,0.150794 0.491399,0.190082 0.489667,0.207415
