4 0.175792,0.310441 0.188940,0.289386 0.207257,0.262653 0.224098,0.243018 0.237097,0.230924 0.251131,0.222171 0.272846,0.212945 0.303868,0.208213 0.286289,0.259313 0.274767,0.304025 0.263983,0.354178 0.270630,0.354651 0.266642,0.366243 0.256597,0.387102 0.253938,0.402716 0.250983,0.432524 0.250835,0.451953 0.252017,0.483890 0.253935,0.516059 0.254969,0.526491 0.251867,0.546836 0.250537,0.563159 0.254673,0.582085 0.262651,0.608846 0.228379,0.589684 0.177858,0.563661 0.159540,0.552779 0.155847,0.513230 0.153336,0.451249 0.152302,0.415970 0.154517,0.386399 0.156881,0.373387 0.165153,0.355645 0.171505,0.315636
2 0.314206,0.207964 0.336512,0.209146 0.351432,0.211749 0.374329,0.219319 0.390431,0.228085 0.400328,0.236129 0.401510,0.274927 0.406976,0.343059 0.409783,0.372157 0.407567,0.394667 0.402987,0.412173 0.399590,0.433937 0.392942,0.455229 0.383783,0.482002 0.372556,0.512992 0.353500,0.592997 0.348773,0.619966 0.343603,0.639128 0.339023,0.645752 0.333705,0.647408 0.325137,0.643623 0.263389,0.609794 0.255560,0.583534 0.250980,0.563899 0.252753,0.545683 0.255412,0.526284 0.253049,0.498132 0.251276,0.450558 0.251276,0.432105 0.256742,0.387131 0.266787,0.367023 0.271218,0.354248 0.279786,0.354721 0.290422,0.296961 0.297070,0.266169 0.306524,0.229737 0.311990,0.212231
8 0.444806,0.311755 0.473907,0.307969 0.493997,0.300872 0.513940,0.331153 0.530485,0.354574 0.541121,0.362617 0.561802,0.373027 0.588540,0.384633 0.640243,0.404288 0.644970,0.411622 0.650879,0.426289 0.654572,0.438591 0.642311,0.441666 0.613505,0.445949 0.588245,0.452810 0.575097,0.464875 0.560768,0.484747 0.543632,0.520260 0.539939,0.535637 0.539792,0.544390 0.541269,0.553380 0.544519,0.558821 0.549541,0.565445 0.549246,0.570413 0.539939,0.583661 0.526053,0.586737 0.454703,0.592196 0.448351,0.577282 0.440965,0.564270 0.432692,0.554334 0.424568,0.546054 0.413636,0.539903 0.402557,0.537301 0.391330,0.540140 0.377149,0.549603 0.369467,0.563324 0.364444,0.582250 0.361342,0.601648 0.359717,0.616112 0.360604,0.663426 0.333423,0.648286 0.339775,0.646393 0.344206,0.639296 0.349229,0.619424 0.353808,0.593165 0.372717,0.512928 0.394580,0.452839 0.400193,0.433642 0.403886,0.411404 0.407875,0.394844 0.409795,0.376155 0.418363,0.376865 0.427522,0.373789 0.436386,0.364799 0.449681,0.346820 0.452044,0.339938 0.451896,0.332368 0.449090,0.324325
10 0.102963,0.431122 0.098974,0.426627 0.099565,0.419530 0.101781,0.411723 0.110201,0.392798 0.109610,0.387356 0.106804,0.381206 0.109758,0.368904 0.117883,0.357312 0.130292,0.346903 0.140041,0.339569 0.142848,0.349978 0.146246,0.353763 0.156882,0.355892 0.164120,0.355183 0.156291,0.372452 0.153336,0.389249 0.151564,0.418584 0.152746,0.441295 0.153780,0.479404 0.155700,0.519857 0.158950,0.552031 0.154075,0.550139 0.151268,0.527664 0.147132,0.503061 0.137678,0.463317 0.130587,0.442972 0.123496,0.430434 0.119065,0.423573 0.114190,0.420498 0.110201,0.420024 0.106065,0.423100
1 0.097949,0.427102 0.095427,0.444069 0.094922,0.481234 0.098454,0.515975 0.102826,0.526478 0.101313,0.514628 0.098286,0.471538 0.099126,0.452417 0.100304,0.438952 0.102153,0.431142
7 0.111349,0.575659 0.115035,0.587629 0.120360,0.600255 0.125479,0.606978 0.134387,0.610913 0.155786,0.608618 0.165411,0.603043 0.170121,0.594844 0.173909,0.582874 0.174728,0.577406 0.158039,0.567789 0.155172,0.562706 0.152919,0.552867 0.152100,0.539893 0.150257,0.524808 0.146981,0.504936 0.137356,0.463451 0.129984,0.442955 0.127322,0.438527 0.120667,0.438363 0.115957,0.441643 0.110735,0.448366 0.108482,0.454433 0.105411,0.467386 0.102749,0.491162 0.102851,0.509363 0.104592,0.537752 0.108585,0.562840
7 0.505355,0.759248 0.499730,0.786600 0.492256,0.802505 0.478536,0.816934 0.464303,0.830544 0.439832,0.836611 0.424679,0.831036 0.405546,0.814270 0.392781,0.798393 0.386107,0.778470 0.378137,0.751885 0.371981,0.705240 0.371234,0.678311 0.371981,0.654972 0.375718,0.627445 0.381884,0.599917 0.394215,0.580468 0.413272,0.566106 0.426538,0.564909 0.438496,0.568799 0.447464,0.576878 0.466148,0.619366 0.477919,0.661256 0.489809,0.723507 0.490772,0.750006
15 0.444752,0.234039 0.463982,0.228629 0.500884,0.221138 0.551039,0.215728 0.581704,0.214063 0.627182,0.216976 0.646672,0.230710 0.667462,0.247773 0.705663,0.281347 0.742045,0.318387 0.742045,0.321716 0.733209,0.324629 0.689291,0.331288 0.604053,0.343773 0.531549,0.352929 0.503223,0.313393 0.480614,0.277186 0.464242,0.255129
0 0.515308,0.760950 0.549974,0.770962 0.615612,0.779152 0.640902,0.773692 0.676136,0.754580 0.725578,0.731827 0.788943,0.692693 0.819347,0.664935 0.832418,0.650373 0.838953,0.642182 0.843500,0.630806 0.852592,0.581660 0.854866,0.552537 0.854297,0.534790 0.847478,0.516133 0.843216,0.484280 0.839237,0.487010 0.833555,0.519318 0.825314,0.537065 0.811391,0.548442 0.773599,0.570739 0.732113,0.588941 0.686650,0.604413 0.678693,0.593947 0.670737,0.578930 0.662497,0.561183 0.601405,0.569829 0.570717,0.570284 0.551395,0.568009 0.542586,0.582570 0.531789,0.587121 0.470128,0.593037 0.455068,0.593492 0.466150,0.616700 0.475527,0.649919 0.483483,0.685868 0.490303,0.720907 0.491439,0.749120
13 0.745111,0.320874 0.740285,0.324429 0.730882,0.326676 0.603973,0.345177 0.535531,0.354534 0.542625,0.361886 0.573925,0.377257 0.644037,0.404659 0.654053,0.432730 0.661565,0.462137 0.673251,0.522287 0.664069,0.559046 0.670329,0.575754 0.681180,0.595805 0.687023,0.603825 0.702464,0.599815 0.757552,0.578428 0.810553,0.549021 0.825995,0.536322 0.833089,0.518277 0.837831,0.490754 0.837293,0.479955 0.836745,0.459684 0.839033,0.448924 0.840773,0.426400 0.840270,0.387083 0.842158,0.384865 0.842662,0.383050 0.839263,0.366113 0.835486,0.355024 0.805647,0.345298 0.772031,0.331587 0.751131,0.322313 0.746599,0.318078
12 0.173345,0.308198 0.185827,0.288209 0.208964,0.255056 0.233928,0.225072 0.258892,0.207033 0.288727,0.194357 0.331957,0.185337 0.367272,0.180934 0.402130,0.178740 0.440033,0.178740 0.460738,0.180700 0.491486,0.180944 0.527562,0.185332 0.567748,0.192164 0.602302,0.204353 0.627114,0.216054 0.592408,0.213142 0.552526,0.212411 0.508535,0.217287 0.471850,0.223625 0.442167,0.232890 0.461956,0.255561 0.486311,0.289445 0.493465,0.300171 0.472155,0.307241 0.443994,0.310654 0.423901,0.267262 0.407614,0.241179 0.388586,0.224100 0.376409,0.218493 0.357381,0.211668 0.344291,0.208499 0.320849,0.206060 0.299538,0.206060 0.283098,0.208742 0.270010,0.211189 0.248548,0.219965 0.232412,0.232397 0.216125,0.249705 0.204100,0.264331 0.182180,0.296509
72 0.540232,0.535191 0.543768,0.521535 0.560510,0.485898 0.575276,0.465414 0.588482,0.453591 0.608864,0.447429 0.632469,0.443765 0.655138,0.439103 0.660961,0.461434 0.672816,0.521730 0.662105,0.560366 0.661169,0.560532 0.657218,0.561032 0.648940,0.562242 0.638292,0.563863 0.626438,0.565528 0.621591,0.566339 0.618399,0.566557 0.616093,0.566875 0.613333,0.567423 0.605833,0.568758 0.602729,0.569025 0.585362,0.569186 0.578603,0.569685 0.566956,0.569019 0.562611,0.568600 0.555518,0.567854 0.552502,0.567187 0.550020,0.566348 0.548747,0.564397 0.548310,0.563821 0.545223,0.559027 0.542727,0.553865 0.540751,0.547204 0.540332,0.541370 0.540232,0.535191
35 0.226942,0.406083 0.232969,0.406083 0.245588,0.409401 0.247472,0.411814 0.247660,0.416338 0.247095,0.419354 0.228072,0.416036 0.225247,0.413623 0.225058,0.410305 0.225812,0.408496
40 0.196053,0.279968 0.183057,0.349946 0.180609,0.353263 0.151980,0.354771 0.145765,0.352659 0.143693,0.349342 0.138796,0.333355 0.137666,0.324608 0.142751,0.318575 0.152734,0.311336 0.162716,0.307717 0.171380,0.308621 0.173829,0.312844
73 0.837303,0.459506 0.839563,0.449162 0.841097,0.426276 0.840694,0.387486 0.842631,0.384641 0.844811,0.397442 0.845861,0.414897 0.845619,0.432870 0.844892,0.458343 0.844165,0.472695 0.842954,0.480582 0.841986,0.484591 0.838433,0.485625 0.837303,0.459506
46 0.110788,0.558147 0.113909,0.568461 0.118756,0.579201 0.121346,0.583774 0.124998,0.587602 0.128716,0.589303 0.129579,0.589303 0.130443,0.588665 0.132169,0.586220 0.135223,0.579201 0.136020,0.576118 0.137793,0.569471 0.138676,0.562073 0.139340,0.555905 0.139548,0.548135 0.139641,0.541032 0.139075,0.529108 0.138579,0.518977 0.137678,0.511724 0.135602,0.502112 0.134822,0.497825 0.131900,0.486235 0.128447,0.477409 0.124264,0.469638 0.120612,0.467405 0.117890,0.467192 0.115765,0.467830 0.114039,0.469744 0.112047,0.474210 0.110984,0.478889 0.109989,0.481763 0.108262,0.490695 0.107333,0.503881 0.107001,0.520591 0.107931,0.536221 0.108329,0.542282 0.108661,0.545366 0.109059,0.549513
35 0.350686,0.430532 0.354453,0.429326 0.379315,0.433549 0.381575,0.435660 0.382705,0.439280 0.381575,0.445312 0.378373,0.447725 0.377243,0.447725 0.366884,0.445312 0.353135,0.443503 0.349933,0.442296 0.349556,0.438375 0.349933,0.434755
64 0.316031,0.215103 0.342777,0.218120 0.358410,0.221739 0.385155,0.231391 0.395514,0.240440 0.399281,0.295337 0.390240,0.335755 0.386285,0.365014 0.283447,0.356266 0.291546,0.306497 0.306426,0.244663
68 0.297385,0.215103 0.285142,0.216310 0.269510,0.219326 0.257832,0.224454 0.243141,0.232296 0.229015,0.241948 0.213382,0.260348 0.196619,0.281462 0.183623,0.351139 0.262352,0.353250 0.276007,0.287646 0.279680,0.273921 0.293618,0.228073
46 0.381692,0.696726 0.382264,0.687562 0.382264,0.667097 0.382836,0.660988 0.388177,0.636552 0.391228,0.627388 0.394280,0.620974 0.402291,0.613643 0.409920,0.612726 0.413163,0.612726 0.417168,0.613948 0.425370,0.619446 0.427277,0.621890 0.430329,0.627999 0.432427,0.630443 0.440057,0.643883 0.441201,0.648464 0.446542,0.661293 0.450738,0.675344 0.451691,0.681759 0.453217,0.686341 0.454552,0.695810 0.455888,0.712915 0.456078,0.723911 0.456078,0.737351 0.453445,0.757078 0.451119,0.767286 0.445588,0.781336 0.442727,0.786835 0.440057,0.790806 0.436051,0.795387 0.431283,0.798136 0.424035,0.799053 0.414880,0.794776 0.406487,0.785918 0.402673,0.778282 0.399049,0.771257 0.394280,0.761177 0.389703,0.749569 0.385888,0.737962 0.383980,0.728188 0.382073,0.712610 0.381692,0.696726
65 0.400788,0.237145 0.409075,0.245591 0.426027,0.274547 0.433372,0.291740 0.444296,0.314664 0.449947,0.331556 0.451265,0.337588 0.448628,0.346034 0.434691,0.365338 0.426215,0.373181 0.418681,0.375895 0.410394,0.375292 0.405497,0.312251 0.402106,0.275754
53 0.304354,0.207864 0.312641,0.207563 0.303412,0.236821 0.295690,0.266984 0.285331,0.318864 0.279492,0.354155 0.264424,0.353552 0.273465,0.311927 0.287968,0.254919 0.302847,0.211484
57 0.098865,0.471451 0.100677,0.439335 0.102604,0.431533 0.102863,0.431010 0.102963,0.431122 0.103509,0.429709 0.106569,0.423549 0.110988,0.421009 0.114727,0.422097 0.118579,0.424819 0.126510,0.437339 0.120392,0.437339 0.114953,0.440968 0.110535,0.446956 0.107022,0.456209 0.104416,0.468548 0.102037,0.489958 0.102264,0.512095 0.102377,0.517901 0.101471,0.510643 0.098865,0.471451
55 0.360704,0.627752 0.360438,0.618459 0.361044,0.613418 0.363310,0.594366 0.363855,0.589596 0.364724,0.584725 0.366176,0.577256 0.368786,0.569235 0.374224,0.557020 0.376813,0.552239 0.382954,0.548127 0.387257,0.545044 0.394016,0.540781 0.402125,0.538391 0.413154,0.540663 0.416491,0.542779 0.424086,0.546685 0.433783,0.556782 0.442168,0.566943 0.443867,0.569846 0.444585,0.571298 0.446423,0.575116 0.440128,0.569485 0.436728,0.567246 0.429514,0.564798 0.425096,0.564223 0.418354,0.564981 0.412973,0.565585 0.409554,0.566734 0.403079,0.571842 0.396847,0.576016 0.391410,0.581944 0.388519,0.586603 0.383384,0.595522 0.381214,0.599327 0.379512,0.606680 0.376057,0.621258 0.374358,0.631538 0.372979,0.643297 0.371999,0.653278 0.370674,0.666400 0.370108,0.672751 0.369201,0.673477 0.366142,0.671481 0.363083,0.668396 0.362403,0.666945 0.361837,0.663316 0.361212,0.651739 0.360817,0.640816 0.360704,0.627752
24 0.271387,0.355664 0.268696,0.361858 0.408780,0.375862 0.408780,0.367514
70 0.100394,0.413012 0.102548,0.397900 0.106412,0.381599 0.109310,0.387906 0.109904,0.392665 0.101880,0.410156 0.100468,0.414916 0.100394,0.413012
59 0.723232,0.461152 0.720852,0.463439 0.720614,0.466108 0.724423,0.514522 0.726089,0.518334 0.730374,0.518716 0.809643,0.488981 0.810833,0.482881 0.806786,0.442091 0.805358,0.435610 0.800121,0.435610 0.789171,0.440185
20 0.168130,0.309877 0.160226,0.310685 0.152827,0.313108 0.144923,0.319033 0.141391,0.323881 0.143746,0.345426 0.141391,0.340040 0.139037,0.332499 0.138028,0.324689 0.142400,0.318495 0.149632,0.313108 0.155349,0.309877 0.162244,0.307722 0.165271,0.307722
26 0.182762,0.351886 0.181753,0.355926 0.267519,0.361582 0.269705,0.354849
19 0.124458,0.518165 0.123554,0.518692 0.122485,0.521851 0.122238,0.523299 0.122156,0.527907 0.123225,0.532778 0.124787,0.535542 0.125773,0.536332 0.126677,0.535937 0.127499,0.534489 0.128075,0.531330 0.126924,0.522641 0.125773,0.519745
29 0.144330,0.386952 0.146916,0.386199 0.150444,0.387517 0.151267,0.390530 0.150679,0.394107 0.149973,0.395802 0.149033,0.396743 0.147152,0.397308 0.144212,0.397120 0.143272,0.396367 0.142801,0.391848 0.143037,0.388835
51 0.153591,0.552313 0.159543,0.554219 0.332839,0.649170 0.354739,0.661750 0.360690,0.666324 0.367594,0.674711 0.364737,0.683098 0.360214,0.687291 0.354739,0.684623 0.331649,0.669374 0.157638,0.566418 0.154782,0.560318 0.153591,0.552313
16 0.537321,0.183255 0.530109,0.192119 0.529271,0.195879 0.530277,0.199639 0.533799,0.202863 0.538663,0.202325 0.540173,0.200177 0.541347,0.185135 0.559461,0.134638 0.563990,0.123893 0.564325,0.121207 0.562815,0.120670 0.561641,0.122013
19 0.418113,0.689164 0.416223,0.689954 0.414579,0.694562 0.414332,0.696010 0.414085,0.700354 0.414414,0.705619 0.414990,0.708647 0.417620,0.714966 0.419511,0.716809 0.421401,0.717335 0.423210,0.716414 0.424525,0.713518 0.425265,0.709174 0.425265,0.704435 0.424936,0.701407 0.423128,0.695088 0.420333,0.691271
39 0.774145,0.380263 0.771797,0.384292 0.770455,0.391545 0.770623,0.404975 0.771965,0.415182 0.773642,0.419748 0.778003,0.425657 0.780519,0.427537 0.783538,0.427806 0.785215,0.426194 0.788570,0.417330 0.789911,0.411153 0.789911,0.405512 0.787899,0.392619 0.784041,0.384024 0.782364,0.381606 0.776158,0.379189
38 0.675020,0.544944 0.705881,0.536080 0.708229,0.539841 0.708565,0.541452 0.707559,0.546019 0.703365,0.550854 0.674349,0.558643
