4 0.327883,0.386744 0.354331,0.355340 0.393045,0.323501 0.420604,0.304171 0.449475,0.288252 0.484252,0.276881 0.557743,0.272332 0.533465,0.431524 0.547635,0.431532 0.540553,0.482024 0.535433,0.581620 0.532808,0.699877 0.305654,0.699481 0.301837,0.541822 0.303806,0.503161 0.308399,0.475871 0.317585,0.436073
10 0.300269,0.410699 0.290427,0.400729 0.282626,0.407821 0.273419,0.413809 0.267538,0.415363 0.259351,0.422897 0.224318,0.433971 0.166140,0.452151 0.125994,0.469436 0.110659,0.478745 0.103492,0.485390 0.118448,0.485168 0.125352,0.487163 0.131236,0.491812 0.131236,0.500023 0.128424,0.509106 0.107069,0.553877 0.121900,0.553653 0.138394,0.560302 0.143765,0.560967 0.159492,0.571605 0.169849,0.563626 0.183658,0.557642 0.199385,0.552988 0.212427,0.553653 0.230072,0.556977 0.243881,0.569610 0.259992,0.588228 0.273034,0.614823 0.283007,0.640755 0.287227,0.668015 0.289912,0.700595 0.305256,0.699931 0.301420,0.564291 0.301464,0.542112 0.303438,0.502836 0.307149,0.478875 0.313624,0.451344 0.295307,0.449839 0.286701,0.446965 0.284096,0.443681 0.283070,0.439712 0.284096,0.434375 0.287886,0.427532 0.299807,0.413299
2 0.713778,0.304328 0.742547,0.386776 0.766713,0.460579 0.766713,0.465899 0.763644,0.484516 0.737560,0.564304 0.717614,0.609517 0.687694,0.672682 0.679638,0.685980 0.669665,0.695289 0.655089,0.700608 0.561493,0.700608 0.533107,0.699278 0.537327,0.548346 0.541328,0.481934 0.548691,0.431402 0.562380,0.431630 0.572233,0.273743 0.587193,0.274408 0.625298,0.277468 0.662377,0.284381 0.680405,0.289035 0.698434,0.296349
8 0.773667,0.361342 0.781697,0.351531 0.790384,0.335332 0.791569,0.331453 0.860675,0.399446 0.875549,0.408801 0.947946,0.426142 0.949920,0.438463 0.951823,0.456291 0.944452,0.463136 0.937344,0.472262 0.931289,0.485039 0.916546,0.513331 0.907201,0.534322 0.907464,0.542568 0.909240,0.551674 0.913112,0.557765 0.908912,0.568123 0.883639,0.584094 0.855865,0.594133 0.838095,0.604173 0.827564,0.589805 0.819403,0.581363 0.809531,0.574289 0.799527,0.570867 0.786364,0.570639 0.770832,0.574061 0.754246,0.582275 0.738451,0.598931 0.724761,0.619482 0.718311,0.633172 0.712256,0.647580 0.704753,0.675873 0.702252,0.694126 0.699883,0.703709 0.673031,0.704393 0.651706,0.703252 0.670003,0.695951 0.679217,0.687053 0.688563,0.672222 0.724630,0.595559 0.738451,0.564474 0.755694,0.510172 0.763855,0.486899 0.767673,0.464539 0.767673,0.459291 0.757537,0.430275 0.773596,0.428678 0.784126,0.417726 0.795973,0.400614 0.798211,0.395594 0.778335,0.366618
7 0.168812,0.776603 0.179859,0.787497 0.192619,0.796741 0.208998,0.798392 0.229377,0.796411 0.246899,0.783866 0.267278,0.753494 0.276420,0.720481 0.277753,0.676904 0.272420,0.648183 0.257565,0.613519 0.240805,0.589689 0.227473,0.581105 0.211855,0.578794 0.197762,0.578134 0.179287,0.583086 0.171098,0.588368 0.156813,0.605535 0.147291,0.625673 0.139482,0.657035 0.138339,0.683446 0.139101,0.711507 0.145196,0.735994 0.154147,0.757453 0.163479,0.769998
7 0.818649,0.791783 0.830838,0.766693 0.839980,0.737311 0.843027,0.717174 0.842837,0.688782 0.839027,0.660391 0.828362,0.635301 0.813697,0.612852 0.801127,0.605259 0.787033,0.598987 0.765511,0.599647 0.747228,0.604269 0.728944,0.617144 0.714850,0.641244 0.708565,0.662702 0.703042,0.696705 0.703232,0.715853 0.706851,0.739292 0.715612,0.765372 0.724563,0.782539 0.733324,0.794754 0.743038,0.805318 0.751608,0.812581 0.769130,0.816543 0.782271,0.814892 0.796556,0.808950 0.808364,0.802017 0.814839,0.795744
6 0.277889,0.366763 0.236812,0.379987 0.200901,0.392719 0.150843,0.417712 0.117925,0.437990 0.096977,0.457795 0.085006,0.474300 0.074668,0.490805 0.097793,0.486089 0.103778,0.483260 0.115312,0.474026 0.131255,0.465340 0.157373,0.454966 0.187843,0.443648 0.250959,0.424314 0.259121,0.421607 0.265183,0.416953 0.269264,0.414001 0.254928,0.412842 0.249327,0.406866 0.246494,0.403227 0.246145,0.395199 0.248783,0.388371 0.254813,0.380542 0.262385,0.374799
0 0.915254,0.557229 0.928503,0.555495 0.939878,0.552679 0.944502,0.548129 0.947502,0.543362 0.947002,0.558529 0.947627,0.565678 0.953877,0.584961 0.954877,0.596878 0.953252,0.617027 0.948252,0.648049 0.941253,0.670582 0.930878,0.688348 0.920503,0.697015 0.905629,0.705681 0.888005,0.711314 0.857506,0.719114 0.848007,0.719764 0.852756,0.696798 0.855006,0.677298 0.853506,0.650432 0.850382,0.635266 0.844507,0.617500 0.838382,0.605367 0.849632,0.597784 0.885630,0.583484 0.908379,0.568751 0.914254,0.557051
13 0.846592,0.374969 0.867243,0.378457 0.886579,0.383166 0.901018,0.388778 0.914756,0.395148 0.926394,0.402429 0.937070,0.411541 0.947570,0.425647 0.887280,0.410782 0.875466,0.408355 0.863653,0.400620 0.866016,0.396676 0.865753,0.391519 0.857615,0.381650 0.851140,0.377403
14 0.260413,0.412225 0.263005,0.402877 0.266479,0.390459 0.277984,0.376160 0.291096,0.366688 0.311219,0.352126 0.375891,0.293752 0.408671,0.266283 0.412475,0.261826 0.411575,0.266043 0.419525,0.277572 0.427954,0.283109 0.411269,0.293162 0.348538,0.340789 0.305756,0.382383 0.288970,0.400966 0.282198,0.407992 0.274142,0.412852 0.268518,0.413760 0.260413,0.412225
12 0.324405,0.364938 0.306219,0.382500 0.291671,0.399162 0.301543,0.410420 0.331160,0.378447 0.351684,0.357732 0.376885,0.334315 0.402345,0.314501 0.431183,0.296038 0.463138,0.282528 0.482103,0.276659 0.508343,0.273507 0.567317,0.270355 0.638242,0.277559 0.666560,0.282963 0.700074,0.295129 0.723975,0.309990 0.757230,0.341062 0.773857,0.359976 0.781771,0.350924 0.790108,0.335144 0.791377,0.330856 0.748656,0.300083 0.748497,0.289471 0.741642,0.282070 0.693839,0.259103 0.637462,0.244674 0.587581,0.236568 0.531464,0.235211 0.459760,0.242866 0.431702,0.251422 0.412996,0.260429 0.412217,0.266283 0.419751,0.276641 0.428584,0.283396 0.411957,0.293303 0.348826,0.341947
1 0.069782,0.522203 0.061356,0.534875 0.057762,0.544755 0.056151,0.560649 0.056895,0.586208 0.065321,0.644414 0.061356,0.651287 0.059001,0.658160 0.059621,0.666966 0.063958,0.674698 0.074862,0.685437 0.094564,0.699398 0.115381,0.709278 0.128763,0.712756 0.130374,0.712085 0.128887,0.705426 0.127772,0.689532 0.127524,0.668054 0.128267,0.651945 0.134711,0.620158 0.145615,0.590947 0.158501,0.571617 0.150833,0.566474 0.143593,0.561254 0.138319,0.560583 0.121700,0.553790 0.102618,0.554649 0.082049,0.552931 0.073107,0.549254 0.067779,0.545173 0.066416,0.539374 0.069142,0.526272
35 0.490833,0.494220 0.528054,0.493683 0.530786,0.493676 0.532495,0.497281 0.532812,0.500944 0.532344,0.503798 0.530506,0.505805 0.528301,0.506514 0.498620,0.504923 0.489253,0.505511 0.487557,0.504041 0.486598,0.499856 0.486734,0.495829 0.488448,0.494176
40 0.326731,0.394738 0.365721,0.357082 0.360128,0.395440 0.365802,0.412160 0.366531,0.421855 0.366774,0.440284 0.366126,0.451524 0.358993,0.452929 0.344159,0.452086 0.332811,0.445904 0.316761,0.445763
49 0.327376,0.386333 0.314245,0.399400 0.289035,0.427501 0.284982,0.433692 0.283766,0.436924 0.283604,0.439312 0.284253,0.442966 0.286198,0.446057 0.297546,0.449569 0.313758,0.450974
15 0.748823,0.289616 0.757622,0.295541 0.780347,0.312548 0.811681,0.340099 0.825607,0.352936 0.842825,0.370621 0.847636,0.376107 0.852320,0.379508 0.859727,0.385982 0.863715,0.390371 0.864917,0.393553 0.865044,0.396406 0.863525,0.400466 0.860929,0.399149 0.849029,0.386970 0.831684,0.370511 0.789336,0.328806 0.770029,0.314644 0.748887,0.300044
35 0.707408,0.487814 0.738353,0.486434 0.743029,0.486952 0.744522,0.487297 0.745418,0.488159 0.745915,0.490056 0.746214,0.493506 0.745418,0.497128 0.743129,0.499542 0.711487,0.498508 0.704820,0.499198 0.703825,0.498680 0.702432,0.496438 0.702432,0.491436 0.703328,0.489711 0.704721,0.488159 0.705716,0.487642
68 0.366111,0.356888 0.360619,0.395272 0.366111,0.411442 0.366809,0.424438 0.366983,0.442116 0.421211,0.439698 0.528092,0.431693 0.537508,0.374116 0.548580,0.296563 0.549539,0.281149 0.535241,0.281904 0.488685,0.286276 0.465931,0.292321 0.433150,0.306526 0.396097,0.331782 0.372994,0.351276
53 0.558262,0.272529 0.571950,0.272983 0.570032,0.299882 0.561924,0.431237 0.533851,0.430633 0.550939,0.318502
64 0.575871,0.281806 0.592896,0.281872 0.619794,0.284642 0.652017,0.289720 0.687837,0.299644 0.707943,0.308877 0.725786,0.357601 0.721126,0.423150 0.658276,0.425228 0.593961,0.428460 0.568528,0.429153 0.570792,0.379529 0.574787,0.308180
57 0.277679,0.701152 0.286690,0.717277 0.287853,0.700144 0.287853,0.680997 0.282184,0.640433 0.272155,0.614987 0.259074,0.588281 0.243521,0.570088 0.229568,0.557743 0.212562,0.554216 0.199916,0.553964 0.182765,0.558247 0.169974,0.564042 0.158346,0.572356 0.145992,0.591000 0.138288,0.610903 0.134654,0.621508 0.128404,0.651994 0.127968,0.668874 0.128114,0.689785 0.129131,0.705406 0.130875,0.712460 0.138143,0.698351 0.137852,0.684243 0.138869,0.656025 0.146573,0.624532 0.156311,0.604124 0.170410,0.587244 0.179277,0.581449 0.197445,0.576662 0.212271,0.577166 0.226806,0.579182 0.240905,0.588504 0.258783,0.613950 0.273318,0.649474 0.277679,0.674921
65 0.715472,0.306465 0.724484,0.312260 0.758351,0.343249 0.772304,0.359877 0.784804,0.376254 0.796868,0.396409 0.788002,0.410266 0.781171,0.419336 0.773176,0.427399 0.757333,0.428910 0.731897,0.353831 0.718815,0.316795
55 0.843366,0.707349 0.847871,0.718068 0.852377,0.696477 0.854585,0.677336 0.853084,0.650232 0.850345,0.635226 0.844779,0.618985 0.837712,0.604897 0.827644,0.590627 0.819340,0.582055 0.809534,0.574858 0.799907,0.571188 0.786567,0.571035 0.771107,0.574404 0.754323,0.582826 0.738421,0.599210 0.724817,0.619883 0.717396,0.635512 0.728880,0.615912 0.747167,0.603356 0.765984,0.598762 0.787186,0.598302 0.801850,0.604887 0.814130,0.612237 0.828529,0.634602 0.839219,0.660174 0.843106,0.688656
46 0.740402,0.676350 0.746655,0.660948 0.755047,0.648683 0.763110,0.641267 0.775123,0.634421 0.787300,0.634136 0.797996,0.638415 0.808198,0.646401 0.816426,0.659807 0.821527,0.674354 0.824653,0.694320 0.825641,0.708011 0.823666,0.727977 0.818236,0.747658 0.811818,0.761350 0.804578,0.771903 0.794540,0.783027 0.782034,0.788732 0.765249,0.787876 0.747807,0.771903 0.738427,0.751081 0.735301,0.731971 0.734149,0.708582 0.736782,0.688615
72 0.951457,0.458080 0.942900,0.464926 0.937140,0.472912 0.915255,0.516553 0.907521,0.534522 0.907521,0.543079 0.909495,0.551351 0.913116,0.556200 0.923812,0.555629 0.938457,0.552207 0.943723,0.547072 0.948166,0.540797 0.952773,0.482325 0.952938,0.464640
46 0.158210,0.694884 0.158375,0.678911 0.161172,0.661227 0.166273,0.644683 0.175159,0.629281 0.186513,0.618442 0.196880,0.613878 0.206260,0.613593 0.215475,0.615019 0.223867,0.619868 0.234398,0.629851 0.242297,0.641831 0.248221,0.656093 0.253322,0.675203 0.254639,0.692888 0.254309,0.709716 0.251018,0.727115 0.245753,0.740236 0.237690,0.754783 0.226006,0.765336 0.214487,0.770185 0.201488,0.770185 0.188159,0.764481 0.178450,0.754498 0.170552,0.743659 0.163311,0.728256 0.159526,0.710857
61 0.059544,0.596629 0.066991,0.607215 0.073694,0.614185 0.079949,0.616251 0.089482,0.622447 0.098419,0.640778 0.100802,0.652913 0.097823,0.661174 0.091865,0.663756 0.081737,0.662982 0.070417,0.653429 0.066246,0.646458
70 0.075768,0.493756 0.070338,0.514863 0.067047,0.539963 0.069186,0.544527 0.074452,0.547950 0.083502,0.551373 0.106705,0.553369 0.126945,0.509729 0.129578,0.503454 0.130565,0.498890 0.130071,0.492900 0.125957,0.488336 0.118059,0.486055 0.107527,0.486910 0.101768,0.485199 0.083173,0.489477
51 0.289027,0.702113 0.287583,0.717345 0.293120,0.721726 0.329233,0.721100 0.700476,0.725488 0.702402,0.719020 0.702523,0.706500 0.701439,0.703788 0.682662,0.704618 0.593101,0.701488 0.361616,0.698961 0.301307,0.701042
20 0.356258,0.395364 0.345198,0.397494 0.336187,0.400334 0.332295,0.404949 0.331886,0.413114 0.334548,0.428735 0.342741,0.434415 0.348885,0.436901 0.364041,0.436191 0.363222,0.418795 0.361584,0.409919 0.359126,0.401044
26 0.367318,0.442936 0.366499,0.450036 0.396812,0.448261 0.468087,0.445066 0.545302,0.441161 0.546940,0.431220 0.400089,0.440096
29 0.280440,0.495744 0.292705,0.495035 0.295566,0.498578 0.295566,0.504248 0.294340,0.507791 0.289639,0.509917 0.278600,0.509208 0.276556,0.506019 0.276761,0.499996 0.278805,0.496807
19 0.771362,0.708119 0.770932,0.712963 0.772329,0.717808 0.774479,0.721721 0.777167,0.722839 0.781144,0.722094 0.783939,0.718553 0.785229,0.714827 0.785982,0.709609 0.785229,0.704392 0.783294,0.700479 0.781252,0.698429 0.778027,0.698243 0.775339,0.699175 0.773082,0.702156
19 0.200146,0.683681 0.199511,0.688486 0.200261,0.695293 0.201878,0.699997 0.206152,0.702900 0.209155,0.702800 0.212678,0.700698 0.214352,0.696594 0.214814,0.690388 0.214526,0.685583 0.212448,0.680773 0.209849,0.678070 0.207597,0.677170 0.203901,0.678271 0.201649,0.680973
24 0.548784,0.431583 0.547555,0.440813 0.612686,0.438328 0.756875,0.431938 0.754007,0.423062
16 0.728399,0.199737 0.710904,0.231359 0.702231,0.248206 0.693110,0.258833 0.702979,0.263757 0.703278,0.256241 0.704026,0.251575 0.729147,0.203625 0.729895,0.200515
Мелкие 0.286696,0.367880 0.278855,0.367880 0.273523,0.369693 0.260455,0.377303 0.255235,0.380894 0.251464,0.385096 0.249029,0.388525 0.247910,0.391076 0.246735,0.394745 0.246551,0.398143 0.246862,0.402675 0.249164,0.405754 0.253032,0.409922 0.255175,0.412385 0.259201,0.412096 0.260037,0.411190 0.266100,0.390351 0.276764,0.376397
22 0.287101,0.373283 0.281211,0.377305 0.276571,0.381636 0.267290,0.399580 0.265684,0.407005 0.262471,0.403292 0.262293,0.399270 0.271931,0.380089 0.271574,0.374830 0.272109,0.372046 0.275679,0.371118 0.276749,0.375758 0.280676,0.372974 0.284067,0.372046
23 0.274646,0.375732 0.272142,0.374104 0.267343,0.374647 0.262648,0.379530 0.251692,0.400690 0.249084,0.403403 0.251379,0.408467 0.254196,0.411722 0.257431,0.398881 0.263482,0.386041 0.264630,0.380253 0.267447,0.376455 0.269951,0.375913 0.272664,0.377360 0.273812,0.378626
31 0.301357,0.359274 0.297496,0.359274 0.289462,0.363615 0.282263,0.368498 0.278402,0.373743 0.275898,0.375370 0.273290,0.372657 0.271203,0.372477 0.275898,0.369402 0.281533,0.367232 0.293531,0.358732 0.297079,0.357104 0.301461,0.357647
