8 0.225345,0.544873 0.232638,0.548694 0.235816,0.548218 0.248529,0.501111 0.254249,0.484457 0.260923,0.472562 0.276496,0.450150 0.289844,0.428738 0.297231,0.410624 0.308354,0.396350 0.312486,0.388498 0.314182,0.382855 0.319626,0.385111 0.326628,0.385780 0.335269,0.385557 0.341228,0.383772 0.357615,0.374516 0.366404,0.367936 0.368788,0.363252 0.368639,0.355892 0.365362,0.347974 0.362851,0.338075 0.407684,0.343806 0.436479,0.341077 0.476210,0.391284 0.492976,0.403835 0.553119,0.429757 0.626747,0.458954 0.643514,0.482693 0.646148,0.488961 0.583968,0.490869 0.552369,0.490487 0.536314,0.491060 0.525101,0.491632 0.513888,0.494112 0.501656,0.500026 0.488659,0.507657 0.473879,0.519294 0.455932,0.535663 0.453375,0.542203 0.454654,0.549860 0.457637,0.555602 0.464669,0.563897 0.465521,0.566449 0.459548,0.571877 0.454008,0.574270 0.446550,0.574110 0.433765,0.572196 0.403934,0.566613 0.387101,0.563901 0.357909,0.560073 0.342141,0.555288 0.331913,0.537891 0.321898,0.525449 0.309965,0.513007 0.291470,0.502023 0.285213,0.500127 0.281042,0.499458 0.273891,0.499681 0.267038,0.501577 0.261228,0.505480 0.254822,0.515517 0.253035,0.520535 0.251247,0.528245 0.250949,0.536052 0.251247,0.548319 0.252588,0.560141 0.255418,0.568394 0.225345,0.544873
35 0.146916,0.374366 0.136726,0.371713 0.132960,0.367566 0.130523,0.366737 0.128750,0.371215 0.131409,0.375361 0.136283,0.378678 0.145587,0.381497 0.147138,0.381000 0.148246,0.379673 0.148910,0.377185 0.148246,0.376025
35 0.247717,0.412510 0.246166,0.411847 0.242843,0.411515 0.241292,0.412179 0.241513,0.419144 0.243950,0.421466 0.265661,0.430919 0.270092,0.431251 0.272307,0.429924 0.273637,0.427270 0.273415,0.422627 0.269870,0.420637 0.255027,0.416988 0.248824,0.414335
0 0.342395,0.555365 0.357909,0.560073 0.387101,0.563901 0.403934,0.566613 0.433765,0.572196 0.446550,0.574110 0.454008,0.574270 0.459548,0.571877 0.465521,0.566449 0.465021,0.564952 0.474060,0.569140 0.492359,0.574675 0.513106,0.579327 0.541885,0.583855 0.566942,0.585084 0.624920,0.585084 0.653714,0.582282 0.659732,0.592137 0.668032,0.601377 0.677395,0.609183 0.686545,0.610617 0.701867,0.609661 0.749960,0.603767 0.790817,0.596757 0.839761,0.587358 0.878917,0.577482 0.923392,0.563128 0.952120,0.552136 0.966378,0.543853 0.982125,0.527285 0.992552,0.512470 0.993026,0.510922 0.997144,0.510010 0.999465,0.508540 0.999643,0.571884 0.996787,0.585913 0.986793,0.597003 0.976336,0.611214 0.958118,0.626455 0.916649,0.647579 0.847309,0.672923 0.744012,0.700324 0.674024,0.713962 0.633334,0.720642 0.590484,0.724999 0.566848,0.725164 0.546114,0.723755 0.529647,0.721223 0.505527,0.715607 0.458086,0.698018 0.407208,0.677203 0.392699,0.670364 0.388629,0.667212 0.383947,0.660362 0.367136,0.609206 0.353091,0.574956 0.343941,0.558866 0.342395,0.555365
64 0.191597,0.344282 0.196705,0.327481 0.203670,0.310795 0.215279,0.288895 0.228281,0.265721 0.240664,0.249151 0.256762,0.251005 0.276729,0.255987 0.292208,0.261549 0.310627,0.270587 0.319605,0.277540 0.315735,0.330041 0.316509,0.375927 0.286326,0.368743 0.215434,0.350435
55 0.250949,0.536052 0.251247,0.528245 0.253035,0.520535 0.254822,0.515517 0.261228,0.505480 0.267038,0.501577 0.273891,0.499681 0.281042,0.499458 0.285213,0.500127 0.291470,0.502023 0.309965,0.513007 0.317052,0.520395 0.311382,0.520454 0.295209,0.524595 0.284144,0.530649 0.275206,0.540844 0.268184,0.553588 0.264141,0.567288 0.263502,0.577325 0.263593,0.578821 0.257011,0.570871 0.253269,0.562127 0.252588,0.560141 0.251247,0.548319 0.250949,0.536052
7 0.263502,0.577325 0.264141,0.567288 0.268184,0.553588 0.275206,0.540844 0.284144,0.530649 0.295209,0.524595 0.311382,0.520454 0.317052,0.520395 0.321898,0.525449 0.331913,0.537891 0.342141,0.555288 0.342395,0.555365 0.343941,0.558866 0.353091,0.574956 0.367136,0.609206 0.383947,0.660362 0.388629,0.667212 0.394800,0.671991 0.399135,0.673732 0.398516,0.684485 0.395524,0.692449 0.390757,0.697639 0.382883,0.702577 0.347345,0.706870 0.329470,0.705436 0.316702,0.700976 0.305849,0.693170 0.296486,0.685364 0.288613,0.674054 0.280101,0.660035 0.271801,0.635980 0.267758,0.616362 0.264141,0.594060 0.263715,0.580838 0.263502,0.577325
53 0.171377,0.339758 0.185679,0.307640 0.203794,0.273824 0.221591,0.250032 0.227312,0.241226 0.237029,0.241202 0.238435,0.241229 0.233909,0.248382 0.221515,0.266464 0.208484,0.290017 0.198950,0.310240 0.187985,0.343930 0.177675,0.341512 0.171377,0.339758
4 0.227312,0.241226 0.211104,0.240512 0.194895,0.241464 0.172331,0.246698 0.155169,0.254311 0.135782,0.266683 0.118938,0.280006 0.104319,0.296422 0.099870,0.308080 0.090971,0.326887 0.078894,0.339496 0.075080,0.356864 0.075716,0.377087 0.080165,0.396834 0.081119,0.417770 0.084932,0.442061 0.161525,0.498209 0.155169,0.484648 0.152308,0.473942 0.156758,0.457764 0.157711,0.449437 0.151355,0.413988 0.150402,0.394003 0.152308,0.376159 0.156440,0.362836 0.173920,0.347372 0.177416,0.341900 0.171377,0.339758 0.185679,0.307640 0.203794,0.273824 0.221591,0.250032
65 0.314182,0.382855 0.315346,0.378982 0.318842,0.378030 0.321702,0.298329 0.323496,0.273254 0.333479,0.283087 0.343223,0.299500 0.356012,0.326626 0.362923,0.338085 0.362851,0.338075 0.365362,0.347974 0.368639,0.355892 0.368788,0.363252 0.366404,0.367936 0.357615,0.374516 0.341228,0.383772 0.335269,0.385557 0.326628,0.385780 0.319626,0.385111 0.314182,0.382855
57 0.038725,0.372759 0.039621,0.361888 0.040281,0.360029 0.041891,0.357619 0.043930,0.356976 0.047256,0.358101 0.053910,0.365491 0.057865,0.371898 0.056312,0.372171 0.047374,0.373398 0.038895,0.377352 0.038725,0.372759
2 0.150402,0.394003 0.152308,0.376159 0.156440,0.362836 0.173920,0.347372 0.177416,0.341900 0.187509,0.344286 0.198950,0.310240 0.208484,0.290017 0.221515,0.266464 0.233909,0.248382 0.238435,0.241229 0.276573,0.248605 0.294370,0.254791 0.310261,0.262166 0.323609,0.271682 0.321702,0.298329 0.318842,0.378030 0.315346,0.378982 0.312486,0.388498 0.308354,0.396350 0.297231,0.410624 0.289844,0.428738 0.276496,0.450150 0.260923,0.472562 0.254249,0.484457 0.248529,0.501111 0.235816,0.548218 0.232638,0.548694 0.223104,0.543698 0.181153,0.511580 0.160912,0.496901 0.155169,0.484648 0.152308,0.473942 0.156758,0.457764 0.157711,0.449437 0.151355,0.413988 0.150402,0.394003
10 0.038993,0.348380 0.044466,0.341311 0.056485,0.328377 0.059275,0.324437 0.090611,0.324276 0.092138,0.324419 0.090971,0.326887 0.078894,0.339496 0.075080,0.356864 0.075716,0.377087 0.080165,0.396834 0.081119,0.417770 0.084928,0.442034 0.083313,0.442074 0.080309,0.429300 0.075480,0.415724 0.072260,0.404075 0.065714,0.387516 0.059919,0.375224 0.053910,0.365491 0.047256,0.358101 0.043930,0.356976 0.041891,0.357619 0.040281,0.360029 0.038993,0.348380
12 0.134751,0.267498 0.139876,0.262351 0.148692,0.255213 0.161286,0.247806 0.173346,0.241470 0.180002,0.239046 0.190257,0.236218 0.203571,0.233120 0.239013,0.229618 0.265460,0.227733 0.292807,0.227059 0.390139,0.226115 0.463723,0.229753 0.503483,0.233123 0.535148,0.236221 0.565373,0.239722 0.595598,0.244571 0.665764,0.257235 0.686993,0.263296 0.715599,0.273397 0.737369,0.282295 0.785045,0.308154 0.830743,0.335915 0.877160,0.364737 0.876080,0.369047 0.871576,0.369132 0.852279,0.355770 0.787809,0.314195 0.746658,0.289801 0.728081,0.279582 0.717884,0.277129 0.701132,0.274675 0.673455,0.272494 0.619558,0.269768 0.579864,0.268950 0.499746,0.269496 0.433467,0.272486 0.401420,0.274940 0.378478,0.277121 0.391588,0.289116 0.406519,0.305473 0.426184,0.327828 0.436390,0.341085 0.407684,0.343806 0.362923,0.338085 0.356012,0.326626 0.343223,0.299500 0.333479,0.283087 0.323496,0.273254 0.322713,0.271951 0.310261,0.262166 0.294370,0.254791 0.276035,0.249007 0.238435,0.241229 0.237029,0.241202 0.226234,0.240663 0.220385,0.240921 0.211104,0.240512 0.194895,0.241464 0.172331,0.246698 0.155169,0.254311 0.135782,0.266683 0.134751,0.267498
15 0.378478,0.277121 0.401420,0.274940 0.433467,0.272486 0.499746,0.269496 0.579864,0.268950 0.619558,0.269768 0.673455,0.272494 0.701132,0.274675 0.717884,0.277129 0.728081,0.279582 0.746658,0.289801 0.787809,0.314195 0.852279,0.355770 0.871576,0.369132 0.872199,0.369120 0.873284,0.370588 0.869132,0.371451 0.854448,0.373841 0.804227,0.379098 0.706339,0.385309 0.675271,0.388017 0.627816,0.390566 0.573552,0.392637 0.528651,0.393912 0.483750,0.394230 0.482915,0.394513 0.478580,0.393058 0.476469,0.391478 0.470725,0.384353 0.436479,0.341077 0.436390,0.341085 0.426184,0.327828 0.406519,0.305473 0.391588,0.289116 0.378478,0.277121
7 0.026071,0.409978 0.026517,0.401836 0.027709,0.395368 0.029497,0.389346 0.032476,0.383881 0.034924,0.380493 0.038286,0.377636 0.047374,0.373398 0.056312,0.372171 0.057865,0.371898 0.059919,0.375224 0.065714,0.387516 0.072260,0.404075 0.075480,0.415724 0.080309,0.429300 0.082651,0.439258 0.083128,0.442669 0.082383,0.444008 0.083575,0.447576 0.092513,0.456498 0.103835,0.466089 0.100111,0.467650 0.095344,0.468766 0.088789,0.469546 0.079255,0.469323 0.069273,0.467204 0.055717,0.459509 0.042905,0.446907 0.033668,0.433843 0.029497,0.424141 0.026071,0.409978
13 0.483750,0.394230 0.528651,0.393912 0.573552,0.392637 0.627816,0.390566 0.675271,0.388017 0.706339,0.385309 0.804227,0.379098 0.854448,0.373841 0.869132,0.371451 0.876792,0.369858 0.877644,0.366991 0.884666,0.371451 0.896583,0.376390 0.934670,0.388980 0.974251,0.401087 0.998723,0.407943 0.999574,0.409545 0.999574,0.489530 0.992552,0.512470 0.982125,0.527285 0.966378,0.543853 0.952120,0.552136 0.923392,0.563128 0.878917,0.577482 0.839761,0.587358 0.790817,0.596757 0.749960,0.603767 0.701867,0.609661 0.686545,0.610617 0.677395,0.609183 0.668032,0.601377 0.659732,0.592137 0.652923,0.580986 0.665904,0.564578 0.669947,0.558206 0.669947,0.551675 0.667183,0.538298 0.659735,0.515677 0.647605,0.489392 0.645792,0.488114 0.643514,0.482693 0.626747,0.458954 0.553119,0.429757 0.492976,0.403835 0.490129,0.401704 0.486303,0.397911 0.482054,0.394805 0.483750,0.394230
41 0.038326,0.306683 0.039212,0.302869 0.042978,0.300713 0.069342,0.294742 0.083520,0.294908 0.090166,0.296401 0.093268,0.299552 0.093711,0.310663 0.097699,0.310332 0.100579,0.299552 0.120517,0.282802 0.122511,0.281309 0.108554,0.323433 0.101243,0.326087 0.092382,0.324097 0.090225,0.324278 0.061367,0.324426 0.057157,0.323931 0.047409,0.322107 0.042978,0.318624 0.040320,0.314644 0.038326,0.306683
68 0.108447,0.323472 0.108554,0.323433 0.122059,0.282673 0.122872,0.281477 0.139899,0.268268 0.157080,0.257839 0.172558,0.251351 0.186025,0.248222 0.195467,0.246600 0.205837,0.245789 0.220387,0.245789 0.223173,0.245789 0.217446,0.254363 0.203051,0.273251 0.187418,0.302798 0.179678,0.319136 0.171320,0.338255 0.113585,0.325046 0.108447,0.323472
46 0.275511,0.574766 0.278979,0.564380 0.284182,0.557888 0.290252,0.554859 0.298345,0.553993 0.307884,0.558321 0.320891,0.567409 0.329852,0.582556 0.340835,0.608305 0.345171,0.631891 0.343726,0.654395 0.341703,0.667839 0.336211,0.676062 0.329563,0.681255 0.317712,0.680606 0.305283,0.673682 0.295455,0.662430 0.285049,0.640792 0.278979,0.612229 0.274932,0.578474
72 0.453375,0.542203 0.455932,0.535663 0.473879,0.519294 0.488659,0.507657 0.501656,0.500026 0.513888,0.494112 0.525101,0.491632 0.536314,0.491060 0.552369,0.490487 0.583968,0.490869 0.646148,0.488961 0.647605,0.489392 0.659735,0.515677 0.667183,0.538298 0.669947,0.551675 0.669947,0.558206 0.665904,0.564578 0.652741,0.581531 0.624920,0.585084 0.566942,0.585084 0.541885,0.583855 0.513106,0.579327 0.492359,0.574675 0.474060,0.569140 0.465021,0.564952 0.464669,0.563897 0.457637,0.555602 0.454654,0.549860 0.453375,0.542203
17 0.328312,0.624218 0.324857,0.624410 0.323322,0.625080 0.322554,0.626230 0.321019,0.627283 0.320379,0.628433 0.322043,0.630732 0.323962,0.631402 0.325625,0.631498 0.328824,0.629199 0.330231,0.626900 0.329592,0.624601
73 0.993070,0.510778 0.999183,0.490808 0.999743,0.490569 0.999872,0.507772 0.999465,0.508708 0.999465,0.508540 0.997144,0.510010 0.993156,0.510893 0.993070,0.510778
59 0.774401,0.510907 0.775491,0.545200 0.776400,0.557993 0.780581,0.560442 0.788762,0.559898 0.942009,0.527645 0.945645,0.525604 0.946372,0.483145 0.945282,0.480695 0.940555,0.479334 0.932556,0.479879 0.896017,0.486683 0.775855,0.506007 0.774582,0.508048
46 0.037714,0.411785 0.039397,0.402396 0.042303,0.394839 0.047350,0.390832 0.053927,0.389114 0.063410,0.389572 0.066689,0.389981 0.072260,0.404075 0.075480,0.415724 0.080309,0.429300 0.083225,0.441699 0.083293,0.442242 0.082375,0.443615 0.082681,0.445905 0.084517,0.448768 0.090788,0.455065 0.091247,0.456439 0.086811,0.459416 0.078858,0.460447 0.072893,0.458958 0.065704,0.455523 0.057445,0.450714 0.052244,0.445791 0.043679,0.435143 0.039244,0.424380 0.037714,0.411785
26 0.102251,0.326044 0.132384,0.334236 0.173617,0.345989 0.176472,0.341359 0.149194,0.333761 0.113511,0.325332 0.108595,0.323788
51 0.082419,0.443943 0.083128,0.442669 0.083107,0.442520 0.083293,0.442242 0.083225,0.441699 0.083313,0.442074 0.084928,0.442034 0.084932,0.442061 0.161525,0.498209 0.206906,0.531297 0.223104,0.543698 0.225345,0.544873 0.255418,0.568394 0.257011,0.570871 0.258798,0.573029 0.259307,0.575782 0.258074,0.577629 0.257369,0.581717 0.246799,0.575914 0.126296,0.483173 0.102864,0.464050 0.100243,0.461665 0.095513,0.457984 0.092513,0.456498 0.084069,0.448070 0.083381,0.446997 0.082458,0.444231 0.082419,0.443943
24 0.174569,0.346345 0.177423,0.341715 0.316824,0.376500 0.314921,0.378163 0.313494,0.382199
17 0.305153,0.610138 0.305537,0.612724 0.306433,0.613874 0.307968,0.614640 0.309631,0.614448 0.311295,0.613586 0.313854,0.611192 0.314110,0.610042 0.313598,0.608893 0.312062,0.607839 0.310527,0.607839 0.305665,0.608797
17 0.309120,0.600464 0.309759,0.602954 0.311679,0.605253 0.313470,0.605253 0.315005,0.605062 0.318460,0.603050 0.319484,0.601901 0.320123,0.599410 0.319867,0.598165 0.318972,0.597016 0.315389,0.595387 0.310783,0.597590 0.309759,0.598740 0.309376,0.599985
38 0.674990,0.568874 0.711673,0.565534 0.729520,0.563122 0.733238,0.563122 0.734725,0.564049 0.735468,0.567761 0.735468,0.568874 0.732742,0.571286 0.726545,0.575183 0.696306,0.578522 0.670776,0.580192 0.669785,0.576852 0.672015,0.571286
39 0.877103,0.463816 0.879335,0.469571 0.882559,0.474956 0.887272,0.478112 0.891488,0.478855 0.897689,0.478298 0.903642,0.473842 0.908354,0.468086 0.910586,0.458431 0.910090,0.452304 0.907362,0.446177 0.903146,0.442092 0.898929,0.439864 0.892232,0.439121 0.887520,0.440606 0.883055,0.444134 0.880327,0.447848 0.877351,0.456203
17 0.314621,0.624218 0.313086,0.624410 0.310015,0.626326 0.310476,0.628739 0.312446,0.629965 0.313726,0.631115 0.317053,0.630636 0.318716,0.629678 0.319995,0.627379 0.320123,0.626134 0.319612,0.624985 0.317692,0.623835 0.316029,0.623644
17 0.325326,0.606765 0.322879,0.607452 0.321656,0.609856 0.321656,0.611001 0.324714,0.612375 0.326396,0.611574 0.327314,0.610314 0.327620,0.609170 0.326243,0.606765
16 0.558636,0.246782 0.565333,0.242141 0.575998,0.232114 0.601792,0.203706 0.604521,0.201850 0.606009,0.202221 0.606753,0.203335 0.606009,0.205563 0.587159,0.224502 0.569797,0.244740 0.566821,0.249011 0.566821,0.256623 0.557644,0.255695 0.549211,0.253467
19 0.315067,0.615876 0.315251,0.617664 0.316536,0.620139 0.319292,0.622614 0.320945,0.623302 0.322598,0.623439 0.324251,0.623027 0.325354,0.620552 0.325170,0.615326 0.324619,0.614089 0.321312,0.612026 0.320210,0.607076 0.318557,0.606113 0.315434,0.607351 0.315251,0.610651 0.315434,0.613126 0.315067,0.614364
