14 0.589225,0.291251 0.597880,0.275012 0.598042,0.270654 0.598962,0.270482 0.609602,0.276653 0.631783,0.295165 0.705538,0.374087 0.715456,0.383181 0.723931,0.394223 0.732948,0.411112 0.733308,0.415984 0.732674,0.418842 0.730004,0.418842 0.732222,0.420875 0.732065,0.421584 0.729031,0.418670 0.717123,0.414055 0.710190,0.407539 0.709710,0.408133 0.700128,0.396185 0.664062,0.357536 0.624028,0.319862 0.604372,0.302973 0.589225,0.291251
7 0.707389,0.674161 0.710190,0.651361 0.715917,0.623128 0.723978,0.602458 0.729528,0.591496 0.738355,0.580638 0.759671,0.566678 0.785723,0.564740 0.801010,0.571720 0.814359,0.584128 0.825340,0.602742 0.833091,0.624845 0.838258,0.651214 0.838474,0.672154 0.835675,0.698911 0.830077,0.720626 0.820173,0.744668 0.805962,0.763669 0.792398,0.768710 0.779264,0.770649 0.757087,0.771037 0.739217,0.759016 0.727375,0.744280 0.718547,0.730320 0.711008,0.701620 0.707997,0.679909 0.707389,0.674161
35 0.498329,0.483231 0.531351,0.486761 0.534969,0.487848 0.534969,0.490563 0.534366,0.494637 0.530898,0.495452 0.497274,0.496266 0.495615,0.493551 0.495464,0.489477 0.496671,0.485675
15 0.187182,0.371165 0.188085,0.365742 0.190493,0.361133 0.194106,0.357067 0.198171,0.353271 0.205314,0.348125 0.206204,0.347759 0.210171,0.345160 0.244794,0.313007 0.297451,0.274358 0.298676,0.274505 0.297090,0.281807 0.297706,0.288709 0.299434,0.294474 0.269860,0.312037 0.256335,0.322430 0.253630,0.326327 0.253263,0.328856 0.193242,0.384991 0.191995,0.384174 0.187630,0.376854 0.187182,0.371165
3 0.460882,0.277153 0.470227,0.425376 0.480929,0.425919 0.483642,0.443293 0.488315,0.488423 0.489521,0.606011 0.488939,0.672986 0.396218,0.671714 0.376171,0.668191 0.365319,0.663304 0.357481,0.655432 0.336981,0.607653 0.319195,0.559566 0.303218,0.514231 0.289803,0.471845 0.286939,0.458815 0.285884,0.450128 0.286637,0.441984 0.310302,0.368664 0.333967,0.301582 0.343915,0.295066 0.360345,0.288551 0.398479,0.280950 0.434805,0.277964 0.452742,0.277692
5 0.474013,0.277143 0.494895,0.427359 0.481319,0.426337 0.488975,0.488354 0.489452,0.581579 0.489140,0.672256 0.691230,0.681096 0.694936,0.628162 0.698341,0.554721 0.698252,0.520914 0.695264,0.480305 0.689120,0.453281 0.679234,0.393029 0.658648,0.369846 0.631512,0.343550 0.605054,0.320292 0.589518,0.308537 0.572707,0.300203 0.558111,0.293923 0.536094,0.286548 0.487604,0.278911
69 0.480559,0.285343 0.488749,0.284657 0.531601,0.291517 0.547981,0.295977 0.562455,0.301122 0.572359,0.305238 0.588929,0.314157 0.602832,0.324104 0.619021,0.338168 0.634638,0.351889 0.644732,0.362865 0.647844,0.383103 0.649828,0.397768 0.643464,0.410318 0.640194,0.418123 0.640923,0.441073 0.525888,0.431469 0.499221,0.426665
54 0.461371,0.276950 0.473092,0.276625 0.473835,0.277279 0.494734,0.426563 0.481354,0.426072 0.480929,0.425919 0.470227,0.425376 0.460882,0.277153
9 0.112882,0.428544 0.116542,0.405665 0.191039,0.387052 0.253263,0.328856 0.276085,0.350571 0.265750,0.362980 0.258861,0.373450 0.256923,0.380042 0.257784,0.385859 0.261660,0.392839 0.272210,0.407962 0.280822,0.414554 0.288788,0.417656 0.292879,0.417269 0.293756,0.419929 0.286637,0.441984 0.285884,0.450128 0.286939,0.458815 0.289803,0.471845 0.303218,0.514231 0.319195,0.559566 0.336981,0.607653 0.357481,0.655432 0.365319,0.663304 0.375458,0.667870 0.393333,0.671171 0.376849,0.672092 0.340462,0.671316 0.338740,0.648825 0.332281,0.618966 0.322592,0.591822 0.309889,0.573208 0.297831,0.560024 0.289434,0.553044 0.277162,0.547615 0.262951,0.545288 0.251755,0.546064 0.235392,0.553820 0.219459,0.573208 0.161541,0.545288 0.154221,0.540247 0.148192,0.528614 0.155082,0.520471 0.156159,0.512715 0.153360,0.504960 0.136135,0.460729 0.129460,0.448320 0.123001,0.439789 0.115896,0.433973 0.112882,0.428544
11 0.689433,0.454355 0.690293,0.453129 0.695117,0.454487 0.705065,0.452858 0.711998,0.449057 0.716370,0.444985 0.716973,0.437656 0.715164,0.432226 0.709587,0.424625 0.702955,0.416481 0.710190,0.407539 0.717123,0.414055 0.729031,0.418670 0.733553,0.423013 0.747119,0.431429 0.822936,0.458861 0.851726,0.472978 0.868607,0.485465 0.871773,0.489537 0.856700,0.491166 0.852328,0.492795 0.849917,0.495238 0.848711,0.499310 0.849012,0.503925 0.853082,0.515599 0.867401,0.547361 0.870416,0.552247 0.863482,0.552247 0.839516,0.559034 0.829870,0.566092 0.823840,0.568535 0.816455,0.560120 0.806959,0.553061 0.789474,0.549261 0.772291,0.550618 0.745008,0.565821 0.734005,0.582380 0.724811,0.600324 0.715917,0.623128 0.710190,0.651361 0.706421,0.682037 0.691951,0.682580 0.691868,0.679023 0.695267,0.631825 0.698583,0.555512 0.698583,0.519949 0.695418,0.479500 0.689540,0.455029 0.689433,0.454355
6 0.717731,0.370758 0.728712,0.373084 0.796319,0.401004 0.818926,0.415740 0.852945,0.440557 0.866078,0.451803 0.874691,0.462273 0.886748,0.480111 0.892777,0.491744 0.893422,0.495234 0.882011,0.490581 0.874691,0.490581 0.871449,0.489121 0.868607,0.485465 0.851726,0.472978 0.822936,0.458861 0.776506,0.442062 0.746469,0.430252 0.736438,0.424741 0.730004,0.418842 0.738401,0.418842 0.743353,0.414964 0.745936,0.409535 0.745936,0.401780 0.742707,0.393249 0.734740,0.383166 0.717731,0.370758
7 0.209770,0.651960 0.211277,0.639938 0.215368,0.622876 0.221828,0.604651 0.228933,0.590303 0.235392,0.579445 0.250679,0.566261 0.264889,0.561607 0.278023,0.563546 0.290726,0.567036 0.298047,0.571690 0.307951,0.583323 0.318070,0.599997 0.324745,0.617835 0.329912,0.644592 0.330774,0.682982 0.327759,0.703534 0.323884,0.723698 0.315271,0.745802 0.297185,0.767517 0.283406,0.770232 0.257999,0.770232 0.243143,0.762088 0.233024,0.748904 0.218383,0.721759 0.214722,0.706636 0.210632,0.684921 0.209986,0.666307 0.209770,0.651960
13 0.116582,0.403698 0.117937,0.396378 0.121851,0.387431 0.129528,0.377400 0.151054,0.361405 0.157527,0.357609 0.165957,0.354898 0.184322,0.352729 0.205697,0.347849 0.198171,0.353271 0.194106,0.357067 0.190493,0.361133 0.188085,0.365742 0.187182,0.371165 0.187630,0.376854 0.191995,0.384174 0.193242,0.384991 0.191039,0.387052 0.116665,0.405634 0.116582,0.403698
0 0.107400,0.571325 0.107701,0.557769 0.109204,0.546658 0.112365,0.535000 0.115225,0.527680 0.114774,0.513311 0.119139,0.517378 0.130279,0.523342 0.148608,0.528122 0.148192,0.528614 0.154221,0.540247 0.161541,0.545288 0.219459,0.573208 0.219396,0.575120 0.211116,0.588405 0.205547,0.604672 0.203740,0.612263 0.200278,0.642627 0.201031,0.668925 0.201934,0.680583 0.202837,0.683565 0.153162,0.668383 0.138108,0.661063 0.127270,0.649676 0.118991,0.633952 0.112518,0.613347 0.108604,0.592200 0.107400,0.571325
1 0.824545,0.568250 0.829870,0.566092 0.839516,0.559034 0.863482,0.552247 0.870416,0.552247 0.872101,0.553507 0.890236,0.551732 0.894967,0.549957 0.899303,0.546762 0.901274,0.544277 0.901668,0.533982 0.900880,0.524397 0.906793,0.534337 0.910341,0.546052 0.910735,0.562383 0.908961,0.593624 0.905216,0.609599 0.900683,0.637290 0.904231,0.641195 0.906990,0.649716 0.906990,0.657526 0.902062,0.666756 0.887870,0.679182 0.857713,0.695153 0.843323,0.697994 0.850025,0.670658 0.851011,0.643322 0.845886,0.616341 0.838789,0.595753 0.833861,0.585103 0.825385,0.570547 0.824545,0.568250
12 0.253630,0.326327 0.256335,0.322430 0.269860,0.312037 0.299434,0.294474 0.297706,0.288709 0.297090,0.281807 0.298713,0.274337 0.316566,0.261346 0.329910,0.254850 0.351910,0.247705 0.398435,0.238287 0.468223,0.236018 0.494371,0.236021 0.540536,0.243176 0.578044,0.257474 0.594274,0.266568 0.598061,0.270140 0.597880,0.275012 0.589225,0.291251 0.604372,0.302973 0.624028,0.319862 0.664062,0.357536 0.700128,0.396185 0.709710,0.408133 0.703092,0.416311 0.699406,0.412749 0.688045,0.399433 0.681193,0.392612 0.658726,0.369213 0.630992,0.342609 0.605217,0.319505 0.588486,0.307289 0.572358,0.299416 0.558189,0.293444 0.534976,0.285300 0.486743,0.277970 0.477619,0.276611 0.473092,0.276625 0.461371,0.276950 0.459257,0.277115 0.452742,0.277692 0.434805,0.277964 0.398479,0.280950 0.360345,0.288551 0.343915,0.295066 0.330992,0.300994 0.313139,0.312362 0.298172,0.326977 0.279057,0.348412 0.275796,0.350106 0.253263,0.328856
41 0.645267,0.364389 0.679796,0.400507 0.688542,0.452376 0.667583,0.452919 0.663813,0.450204 0.642101,0.448303 0.641045,0.447217 0.640593,0.418159 0.642704,0.412456 0.650092,0.398335 0.646473,0.372265
67 0.256923,0.380042 0.258861,0.373450 0.265750,0.362980 0.276085,0.350571 0.279057,0.348412 0.298172,0.326977 0.313139,0.312362 0.330992,0.300994 0.333967,0.301582 0.310302,0.368664 0.294204,0.417269 0.288788,0.417656 0.280822,0.414554 0.272210,0.407962 0.261660,0.392839 0.257784,0.385859 0.256923,0.380042
73 0.110528,0.445561 0.111807,0.430430 0.113861,0.429978 0.115896,0.433644 0.123001,0.439460 0.129460,0.447991 0.136135,0.460400 0.153360,0.504631 0.156159,0.512386 0.155082,0.520142 0.148608,0.527794 0.130279,0.523013 0.119139,0.517049 0.114774,0.512982 0.113085,0.499509 0.111442,0.473193 0.110528,0.445561
52 0.339005,0.693672 0.339919,0.671633 0.340454,0.671208 0.340462,0.671316 0.376849,0.672092 0.396218,0.671714 0.488939,0.672986 0.489684,0.673065 0.675164,0.681322 0.692241,0.683465 0.706853,0.683794 0.705391,0.696294 0.674707,0.698926 0.381562,0.696633 0.342110,0.697620 0.339005,0.693672
35 0.310763,0.469381 0.338507,0.470739 0.343935,0.471825 0.346197,0.474269 0.346498,0.478614 0.344991,0.481330 0.328103,0.480515 0.308049,0.480787 0.305938,0.476442 0.306541,0.472097
50 0.681193,0.392612 0.688045,0.399433 0.699406,0.412749 0.703092,0.416311 0.702955,0.416481 0.709587,0.424625 0.715164,0.432226 0.716973,0.437656 0.716370,0.444985 0.711998,0.449057 0.705065,0.452858 0.695117,0.454487 0.690293,0.453129 0.688881,0.449358 0.679527,0.392863
66 0.455720,0.285216 0.415982,0.285216 0.380482,0.290942 0.338359,0.304301 0.321669,0.349152 0.326173,0.411657 0.465787,0.424540
58 0.726800,0.596442 0.734005,0.582380 0.745008,0.565821 0.772291,0.550618 0.789474,0.549261 0.806959,0.553061 0.816455,0.560120 0.823840,0.568535 0.824545,0.568250 0.825385,0.570547 0.833861,0.585103 0.838789,0.595753 0.845886,0.616341 0.851011,0.643322 0.850025,0.670658 0.844198,0.694425 0.843070,0.695587 0.838686,0.676837 0.838034,0.676356 0.838474,0.672154 0.838258,0.651214 0.833091,0.624845 0.825340,0.602742 0.814359,0.584128 0.801010,0.571720 0.785723,0.564740 0.759671,0.566678 0.738355,0.580638 0.729528,0.591496 0.726968,0.596553 0.726800,0.596442
71 0.848711,0.499310 0.849917,0.495238 0.852328,0.492795 0.856700,0.491166 0.871773,0.489537 0.871449,0.489121 0.874691,0.490581 0.882011,0.490581 0.891169,0.494315 0.894614,0.496895 0.900889,0.524412 0.900880,0.524397 0.901668,0.533982 0.901274,0.544277 0.899303,0.546762 0.894967,0.549957 0.890236,0.551732 0.872101,0.553507 0.870416,0.552247 0.867401,0.547361 0.853082,0.515599 0.849012,0.503925 0.848711,0.499310
27 0.605162,0.438902 0.641044,0.441694 0.640823,0.447877 0.609703,0.446082 0.483009,0.434109 0.481680,0.426929
47 0.199127,0.481245 0.202228,0.491418 0.204553,0.495606 0.209980,0.501391 0.216514,0.503186 0.223159,0.499994 0.228142,0.493013 0.231243,0.481245 0.231243,0.469876 0.228475,0.458098 0.225042,0.450917 0.221387,0.447726 0.216514,0.445332 0.211752,0.445931 0.207322,0.447925 0.202781,0.452114 0.200345,0.458895 0.199127,0.465278 0.198573,0.470863 0.198684,0.476847
46 0.742430,0.644978 0.748274,0.631492 0.753388,0.622939 0.762886,0.614715 0.773114,0.608794 0.783525,0.606820 0.793022,0.608136 0.802520,0.615044 0.808912,0.622610 0.815122,0.635439 0.819688,0.651886 0.821515,0.666689 0.821515,0.682150 0.819323,0.696624 0.814940,0.711097 0.809095,0.725242 0.801607,0.736756 0.789917,0.746953 0.777497,0.750571 0.765808,0.748598 0.755763,0.741690 0.748092,0.732150 0.742247,0.718663 0.738594,0.706821 0.736037,0.691031 0.736950,0.670637 0.738777,0.658465
56 0.200278,0.642627 0.203740,0.612263 0.205547,0.604672 0.211116,0.588405 0.219396,0.575120 0.219459,0.573208 0.235392,0.553820 0.251755,0.546064 0.262951,0.545288 0.277162,0.547615 0.289434,0.553044 0.297831,0.560024 0.309889,0.573208 0.322592,0.591822 0.332281,0.618966 0.338740,0.648825 0.340440,0.671020 0.339700,0.671553 0.331663,0.671224 0.330508,0.671165 0.329912,0.644592 0.324745,0.617835 0.318070,0.599997 0.307951,0.583323 0.298047,0.571690 0.290726,0.567036 0.278023,0.563546 0.264889,0.561607 0.250679,0.566261 0.235392,0.579445 0.228933,0.590303 0.221828,0.604651 0.215368,0.622876 0.211277,0.639938 0.209770,0.651960 0.209966,0.665000 0.209474,0.664974 0.203081,0.680106 0.201814,0.679040 0.201031,0.668925 0.200278,0.642627
46 0.233400,0.635698 0.238149,0.625171 0.244724,0.615303 0.254222,0.607737 0.265911,0.604448 0.277235,0.607079 0.291482,0.615632 0.299883,0.629119 0.305728,0.645566 0.310111,0.666290 0.310842,0.680435 0.309746,0.695896 0.304815,0.715962 0.299518,0.727146 0.288925,0.739975 0.279062,0.746225 0.266094,0.747541 0.258971,0.744251 0.252761,0.739975 0.246186,0.733396 0.237967,0.720238 0.231939,0.704448 0.228469,0.687672 0.227921,0.669580 0.229200,0.652474 0.231574,0.641290
22 0.708018,0.376905 0.717868,0.385476 0.725394,0.397635 0.727608,0.395243 0.719528,0.384280 0.712556,0.377104 0.706801,0.374115
21 0.643370,0.415758 0.651676,0.400000 0.655773,0.399801 0.664079,0.401396 0.674157,0.407181 0.677369,0.410173 0.677148,0.414361 0.675597,0.422340 0.672718,0.430916 0.666073,0.433709 0.656992,0.436102 0.646471,0.436302 0.642927,0.434906 0.643038,0.422739
19 0.264017,0.668984 0.265346,0.665393 0.267893,0.663598 0.270440,0.663399 0.273541,0.665194 0.276088,0.669383 0.276642,0.675566 0.276531,0.678957 0.274981,0.682946 0.272987,0.685140 0.270329,0.685140 0.266342,0.683744 0.264460,0.680752 0.263574,0.672574
31 0.725392,0.380093 0.721076,0.379694 0.719526,0.381687 0.720190,0.385275 0.727938,0.387667 0.730483,0.391255 0.730706,0.393848 0.728493,0.394645 0.725947,0.398233 0.725505,0.402818 0.728825,0.401622 0.729378,0.398034 0.733141,0.396838 0.733363,0.392851 0.730596,0.387868
23 0.718754,0.381490 0.718090,0.376108 0.715212,0.370527 0.711671,0.367736 0.708129,0.367537 0.703038,0.369929 0.704366,0.373118 0.705362,0.373716 0.709346,0.372321 0.712335,0.370327 0.714105,0.371922 0.715655,0.379696
25 0.460305,0.424734 0.480572,0.425930 0.481790,0.433111 0.447016,0.430717 0.295293,0.417347 0.296954,0.410964
29 0.708932,0.507559 0.719453,0.508356 0.721330,0.507269 0.722332,0.503769 0.722443,0.499381 0.721114,0.495990 0.719674,0.494394 0.707714,0.493397 0.705942,0.495591 0.705166,0.498782 0.705277,0.503769 0.706606,0.506960
19 0.772611,0.670169 0.771282,0.674158 0.771393,0.678745 0.772611,0.683732 0.774383,0.688120 0.777706,0.689716 0.781028,0.687721 0.783686,0.684131 0.784793,0.679344 0.785015,0.674357 0.784572,0.671166 0.782246,0.667576 0.779699,0.665781 0.776266,0.665980 0.774715,0.667376
16 0.326367,0.243968 0.328250,0.252145 0.329025,0.258329 0.336224,0.256733 0.339657,0.252943 0.333123,0.247159 0.325924,0.235590 0.308316,0.200087 0.305325,0.192906 0.303332,0.195300 0.316400,0.223224
30 0.725392,0.398630 0.721961,0.409593 0.720744,0.414975 0.724617,0.416171 0.728380,0.405806 0.729376,0.399627 0.727716,0.396238
62 0.908161,0.594594 0.897178,0.605968 0.885509,0.613880 0.879468,0.619814 0.875075,0.629704 0.872467,0.642562 0.872879,0.648496 0.875624,0.652452 0.878645,0.653935 0.884273,0.652946 0.894432,0.647012 0.900885,0.641573 0.900473,0.638111 0.901434,0.628715 0.907474,0.597809
Мелкие 0.701489,0.367537 0.719860,0.373118 0.725173,0.376506 0.734280,0.382787 0.742314,0.393402 0.745647,0.401422 0.745368,0.409438 0.743323,0.414977 0.738011,0.418365 0.733363,0.418564 0.733644,0.414584 0.731481,0.407402 0.718200,0.387469 0.698722,0.367337
