9 0.663256,0.264483 0.667096,0.261247 0.684074,0.307633 0.698021,0.341883 0.719042,0.386650 0.736223,0.412809 0.751988,0.440620 0.755020,0.451677 0.755424,0.456532 0.737435,0.460847 0.713585,0.463544 0.721670,0.426057 0.709138,0.391808 0.697617,0.365379 0.690745,0.347310 0.684479,0.325196 0.669319,0.281202 0.663256,0.264483
4 0.304285,0.190805 0.284072,0.173006 0.263658,0.160331 0.247690,0.153588 0.224850,0.146307 0.198169,0.141453 0.164617,0.137138 0.167649,0.174624 0.176542,0.247709 0.166031,0.247978 0.166233,0.270931 0.172297,0.332150 0.175935,0.361815 0.174720,0.382077 0.175731,0.400685 0.178763,0.419023 0.190890,0.419023 0.206050,0.415787 0.215752,0.395831 0.246272,0.343781 0.253953,0.324364 0.281442,0.243416 0.299229,0.203772
0 0.191691,0.623014 0.195075,0.604309 0.200876,0.586894 0.199426,0.567543 0.199909,0.555933 0.214895,0.568188 0.257920,0.576574 0.265467,0.576680 0.264839,0.579193 0.288689,0.612530 0.306860,0.627683 0.387117,0.636775 0.512045,0.639838 0.582459,0.639838 0.642651,0.636302 0.658930,0.627210 0.674072,0.611047 0.687701,0.591348 0.690630,0.582663 0.693299,0.582700 0.717956,0.580004 0.747868,0.568678 0.746251,0.578386 0.746655,0.602655 0.751506,0.617217 0.752314,0.635014 0.747059,0.665755 0.739379,0.702429 0.733720,0.720766 0.724019,0.738024 0.705830,0.749889 0.669311,0.762979 0.559091,0.773300 0.436302,0.775880 0.325599,0.770720 0.279674,0.762979 0.247768,0.752014 0.229398,0.742984 0.209094,0.717829 0.205227,0.702349 0.196042,0.656554 0.191691,0.623014
13 0.241064,0.413951 0.254538,0.356297 0.262895,0.330081 0.290200,0.334221 0.350771,0.339777 0.450335,0.346849 0.588134,0.348392 0.687319,0.345866 0.689508,0.342946 0.690745,0.347310 0.697617,0.365379 0.709138,0.391808 0.721010,0.426503 0.710415,0.474669 0.695651,0.523664 0.685051,0.553970 0.686187,0.564072 0.691108,0.581246 0.687701,0.591348 0.674072,0.611047 0.658930,0.627210 0.642651,0.636302 0.582459,0.639838 0.512045,0.639838 0.387117,0.636775 0.306860,0.627683 0.288689,0.612530 0.264839,0.579193 0.273546,0.544340 0.251589,0.463524 0.248347,0.451325 0.241064,0.413951
12 0.279611,0.248809 0.281442,0.243416 0.299229,0.203772 0.304285,0.190805 0.312667,0.177724 0.326639,0.159921 0.337790,0.149530 0.381121,0.140309 0.432244,0.138127 0.494982,0.140413 0.546416,0.146069 0.578350,0.153243 0.598697,0.158899 0.607740,0.164555 0.617914,0.172851 0.632044,0.188310 0.650413,0.221869 0.661435,0.245624 0.666908,0.261406 0.663256,0.264483 0.657478,0.249771 0.653805,0.240322 0.639674,0.210534 0.637414,0.207517 0.583719,0.198091 0.501199,0.191681 0.406450,0.189831 0.365472,0.190033 0.312300,0.194782 0.309440,0.196444 0.306614,0.199289 0.295747,0.227879 0.288333,0.249166 0.279611,0.248809
8 0.198488,0.442355 0.200806,0.426512 0.204463,0.416735 0.206050,0.415787 0.215752,0.395831 0.246272,0.343781 0.253953,0.324364 0.279611,0.248809 0.288333,0.249166 0.254538,0.356297 0.241064,0.413951 0.248347,0.451325 0.198488,0.442355
68 0.179613,0.174568 0.179803,0.166211 0.181131,0.160893 0.184738,0.156334 0.189673,0.154815 0.205807,0.156587 0.237126,0.162919 0.262560,0.173555 0.278315,0.182166 0.289513,0.190270 0.299384,0.199641 0.278125,0.249279 0.227825,0.249532 0.187965,0.247759 0.182650,0.208758 0.180372,0.183432
73 0.685051,0.553970 0.695651,0.523664 0.710415,0.474669 0.713585,0.463544 0.737435,0.460847 0.754084,0.456853 0.755077,0.459075 0.757785,0.480973 0.758796,0.510638 0.757785,0.535180 0.752732,0.548664 0.747881,0.565924 0.746597,0.569159 0.717956,0.580004 0.693299,0.582700 0.690630,0.582663 0.691108,0.581246 0.686187,0.564072 0.685051,0.553970
15 0.262895,0.330081 0.288333,0.249166 0.295747,0.227879 0.306614,0.199289 0.309440,0.196444 0.312300,0.194782 0.347893,0.191603 0.365986,0.190200 0.417382,0.190177 0.518281,0.193008 0.583719,0.198091 0.637414,0.207517 0.639674,0.210534 0.653805,0.240322 0.657478,0.249771 0.663256,0.264483 0.669319,0.281202 0.684479,0.325196 0.689508,0.342946 0.687319,0.345866 0.588134,0.348392 0.471757,0.347089 0.421417,0.344795 0.350771,0.339777 0.290200,0.334221 0.262895,0.330081
72 0.192028,0.525044 0.193968,0.472952 0.198091,0.443833 0.200073,0.442640 0.248347,0.451325 0.251589,0.463524 0.273546,0.544340 0.265467,0.576680 0.257920,0.578469 0.242896,0.577036 0.214895,0.568188 0.199989,0.555998 0.196878,0.545104 0.192028,0.525044
48 0.213853,0.714084 0.217733,0.722496 0.225250,0.729938 0.237375,0.738027 0.261140,0.746762 0.304304,0.758734 0.357205,0.765438 0.396211,0.767146 0.482782,0.770382 0.576144,0.766501 0.619551,0.762619 0.681872,0.754208 0.719217,0.737060 0.725522,0.728971 0.731099,0.717647 0.717762,0.726059 0.684805,0.738360 0.682821,0.744648 0.652045,0.750002 0.621491,0.754855 0.591643,0.758260 0.514307,0.761326 0.440830,0.761970 0.379479,0.759382 0.354166,0.758224 0.310367,0.753230 0.274720,0.743523 0.270840,0.738346 0.225250,0.721522 0.217248,0.714727 0.212883,0.709874
59 0.377781,0.562916 0.378509,0.509530 0.379721,0.503706 0.382389,0.502089 0.386026,0.501442 0.458775,0.504353 0.581236,0.505971 0.586086,0.506618 0.588026,0.516325 0.587299,0.566799 0.586086,0.573270 0.583176,0.574241 0.389178,0.572299 0.380206,0.571976 0.378024,0.570358
39 0.464676,0.459745 0.464873,0.468574 0.466947,0.477008 0.471491,0.484255 0.477910,0.488604 0.484725,0.491108 0.491638,0.490712 0.498256,0.486232 0.503194,0.480961 0.506848,0.473318 0.508033,0.463435 0.507046,0.454079 0.502996,0.445382 0.498750,0.439847 0.494206,0.436553 0.488577,0.434049 0.482947,0.434181 0.477416,0.436289 0.473466,0.439583 0.469713,0.443800 0.466256,0.451970 0.464972,0.456055
37 0.685480,0.737807 0.702711,0.733104 0.717887,0.728401 0.724055,0.724613 0.718181,0.732320 0.700557,0.739505 0.685284,0.743293 0.682934,0.743685
16 0.473074,0.157945 0.469593,0.158608 0.467480,0.163917 0.467231,0.170386 0.469593,0.174368 0.473572,0.175695 0.486378,0.174699 0.486751,0.170552 0.484389,0.163253 0.479415,0.158442 0.480534,0.135369 0.481653,0.119444 0.482772,0.107168 0.483270,0.100533 0.482275,0.098542 0.480286,0.099040 0.479167,0.102192 0.477426,0.131388 0.475188,0.156769
36 0.211905,0.709163 0.222993,0.718920 0.236675,0.726160 0.253660,0.731510 0.267106,0.736861 0.273004,0.745360 0.262860,0.744415 0.232193,0.734028 0.221106,0.725215 0.214736,0.715458
38 0.276921,0.563749 0.293727,0.565992 0.326668,0.570925 0.329021,0.575858 0.329357,0.579894 0.326332,0.583482 0.321290,0.584828 0.275576,0.578997
