4 0.213112,0.236829 0.196776,0.192784 0.187465,0.172950 0.177174,0.159655 0.167536,0.149629 0.160512,0.143744 0.151201,0.137847 0.131925,0.135014 0.118857,0.135014 0.086839,0.139155 0.077202,0.139809 0.077038,0.147001 0.074098,0.170758 0.067890,0.232027 0.064460,0.296759 0.063807,0.331223 0.065113,0.370891 0.068381,0.419091 0.051882,0.436309 0.050902,0.443284 0.051392,0.445463 0.049105,0.447643 0.046655,0.458977 0.040284,0.474015 0.036918,0.483420 0.038878,0.489958 0.039858,0.511318 0.043125,0.535510 0.046229,0.554037 0.052436,0.579786 0.059461,0.603761 0.064688,0.625774 0.076449,0.661985 0.082167,0.680729 0.084617,0.690755 0.084944,0.703832 0.083964,0.736989 0.104873,0.785838 0.115164,0.801967 0.127906,0.772107 0.129376,0.777556 0.131989,0.775812 0.141954,0.748786 0.159270,0.705849 0.166457,0.689721 0.174461,0.681874 0.181322,0.670541 0.188673,0.664002 0.193247,0.654834 0.200108,0.649385 0.210236,0.628243 0.228368,0.584836 0.236372,0.572631 0.245357,0.561733 0.254341,0.484976 0.252218,0.467976 0.239476,0.386392 0.227551,0.325365 0.223141,0.279344 0.219710,0.259946
2 0.411322,0.464187 0.415111,0.420896 0.418901,0.399046 0.434532,0.366498 0.439696,0.348718 0.452058,0.351646 0.462952,0.353542 0.480478,0.236566 0.489951,0.188535 0.497021,0.161556 0.511688,0.104744 0.586244,0.109982 0.652167,0.121503 0.729077,0.139310 0.791076,0.167591 0.808342,0.231485 0.837379,0.361368 0.860139,0.446211 0.864063,0.476587 0.867202,0.516390 0.867202,0.532101 0.860519,0.553795 0.848367,0.575046 0.722799,0.724831 0.680420,0.769871 0.652167,0.797104 0.631762,0.800247 0.584674,0.771966 0.446550,0.682933 0.444980,0.680838 0.423791,0.664079 0.415158,0.631608 0.417513,0.579236 0.412019,0.514295 0.411322,0.464187
8 0.619286,0.792753 0.631762,0.800247 0.652167,0.797104 0.680420,0.769871 0.722799,0.724831 0.848367,0.575046 0.860519,0.553795 0.867202,0.532101 0.867202,0.516390 0.864063,0.476587 0.861444,0.456316 0.864583,0.452670 0.897436,0.461221 0.944712,0.452670 1.000000,0.422442 1.000000,0.835328 0.956460,0.797601 0.915901,0.771933 0.889026,0.760290 0.855769,0.746611 0.825321,0.739129 0.792950,0.738591 0.756410,0.743405 0.725962,0.760507 0.705128,0.783805 0.693988,0.806678 0.689904,0.841742 0.637821,0.809009 0.636218,0.807537 0.607873,0.786133
7 0.714369,0.885705 0.714910,0.864754 0.719783,0.840551 0.731154,0.806956 0.746045,0.780947 0.767975,0.757105 0.794508,0.741211 0.802276,0.738746 0.825321,0.739129 0.855769,0.746611 0.889026,0.760290 0.914631,0.771323 0.956189,0.797601 0.999437,0.834800 0.999188,0.999133 0.751460,0.999133 0.733591,0.969150 0.721137,0.934472 0.715993,0.907018 0.714369,0.885705
12 0.209752,0.224379 0.222398,0.210004 0.250823,0.179326 0.320143,0.118653 0.368997,0.086881 0.455673,0.056249 0.533422,0.040624 0.686111,0.025625 0.794773,0.023750 0.906245,0.035624 0.999450,0.059999 0.999063,0.116873 0.924584,0.164040 0.999063,0.212789 0.999063,0.370958 0.952689,0.310334 0.875400,0.228461 0.831691,0.190293 0.819374,0.181327 0.768594,0.154670 0.730652,0.137795 0.639310,0.116546 0.583568,0.106546 0.537194,0.100921 0.492487,0.098832 0.450068,0.098421 0.395731,0.106546 0.357789,0.117171 0.323089,0.132358 0.295958,0.147170 0.245369,0.194669 0.211933,0.232071 0.209752,0.226254
35 0.695114,0.526439 0.713780,0.537009 0.746023,0.546070 0.789012,0.556640 0.793537,0.561926 0.793537,0.568721 0.791840,0.574761 0.789012,0.579292 0.783921,0.580802 0.760246,0.574222 0.724551,0.561933 0.692409,0.546841 0.688209,0.540373 0.687402,0.532396 0.688371,0.528947 0.689986,0.527222 0.692409,0.526144
15 0.924584,0.164040 0.998813,0.117031 0.999787,0.118046 0.999787,0.212388 0.995883,0.210707 0.924584,0.164040
64 0.468462,0.355864 0.474289,0.310755 0.487108,0.245424 0.518571,0.117873 0.543626,0.118651 0.576255,0.122539 0.649671,0.134983 0.713181,0.152094 0.746685,0.164538 0.778149,0.179315 0.783975,0.183204 0.793589,0.223258 0.808595,0.292089 0.786162,0.370253 0.771887,0.418473
40 0.187424,0.318040 0.169164,0.319406 0.155513,0.321456 0.138277,0.322140 0.116093,0.321456 0.109950,0.320317 0.103977,0.309156 0.100223,0.300045 0.098175,0.287289 0.098517,0.283189 0.102441,0.278405 0.115923,0.271116 0.130086,0.266105 0.143909,0.262461 0.163021,0.261322 0.171042,0.263144 0.182646,0.268611 0.186912,0.272255 0.183840,0.295945 0.191860,0.296856 0.192257,0.312493
65 0.791273,0.168319 0.793264,0.168504 0.803292,0.172885 0.819374,0.181327 0.831691,0.190293 0.875400,0.228461 0.952689,0.310334 0.999551,0.372587 0.999667,0.422625 0.944712,0.452670 0.897436,0.461221 0.864583,0.452670 0.860139,0.446211 0.837379,0.361368 0.808342,0.231485 0.791273,0.168319
68 0.192557,0.294736 0.194753,0.224689 0.183038,0.197973 0.175715,0.185267 0.170589,0.178751 0.165220,0.174841 0.153504,0.171257 0.135389,0.170352 0.116448,0.175135 0.112523,0.183107 0.108086,0.194952 0.104332,0.207480 0.101089,0.222058 0.098359,0.239142 0.093410,0.304288 0.092898,0.328660 0.093752,0.351211 0.097676,0.395173 0.146311,0.351211 0.193068,0.312943
53 0.424794,0.344462 0.441859,0.263827 0.466557,0.175897 0.473035,0.152088 0.488898,0.101692 0.510258,0.102528 0.505169,0.121235 0.490152,0.183192 0.472916,0.264283 0.459265,0.351296 0.424794,0.344462
46 0.982567,0.961280 0.966181,0.928238 0.941427,0.897057 0.917370,0.875649 0.887734,0.855172 0.866815,0.843072 0.845199,0.837487 0.819399,0.834230 0.794296,0.837953 0.772679,0.849587 0.759431,0.865876 0.751760,0.889611 0.750366,0.907761 0.751412,0.929168 0.756641,0.958488 0.769193,0.988272 0.776514,1.000000 0.996165,0.999442 0.991284,0.979430
24 0.436718,0.360570 0.439203,0.349345 0.856810,0.437615 0.859868,0.454198
16 0.960222,0.023663 0.938830,0.039356 0.934587,0.039828 0.926632,0.039946 0.922389,0.040772 0.915936,0.044901 0.909837,0.051745 0.919825,0.055757 0.946786,0.061302 0.963227,0.065904 0.980111,0.069326 0.982498,0.068264 0.983558,0.064606 0.983205,0.060004 0.983558,0.055403 0.986387,0.051505 0.987183,0.047729 0.988774,0.043835 0.994873,0.037818 0.999558,0.031564 0.999912,0.020827 0.992575,0.028025 0.978962,0.022243 0.972863,0.020591 0.968354,0.019883 0.965172,0.019883 0.963139,0.020355
19 0.887452,0.985368 0.885890,0.973899 0.878860,0.957911 0.870007,0.949570 0.858551,0.943835 0.849698,0.944009 0.842277,0.948006 0.837590,0.958085 0.837981,0.972682 0.845662,0.988496 0.853734,0.998401 0.885500,0.998401
51 0.237496,0.571751 0.245166,0.563374 0.246909,0.555927 0.603231,0.786759 0.661107,0.825851 0.689348,0.843070 0.687605,0.869597 0.317337,0.627131 0.237496,0.571751
55 0.688654,0.864014 0.692838,0.829576 0.692584,0.818732 0.693988,0.806678 0.705128,0.783805 0.725962,0.760507 0.756410,0.743405 0.792950,0.738591 0.814494,0.738949 0.814494,0.738949 0.802276,0.738746 0.794508,0.741211 0.767975,0.757105 0.746045,0.780947 0.740583,0.790488 0.735374,0.792810 0.720382,0.810030 0.702949,0.837953 0.688654,0.864014
