7 0.107888,0.526085 0.108160,0.510099 0.109794,0.494841 0.112517,0.482488 0.121775,0.463596 0.132938,0.446884 0.150093,0.433806 0.164797,0.426903 0.185763,0.425450 0.199378,0.428356 0.220616,0.438165 0.242127,0.453787 0.256286,0.475222 0.261732,0.496294 0.262549,0.531898 0.259554,0.554422 0.250568,0.574404 0.236954,0.594022 0.220889,0.609281 0.218166,0.606375 0.207002,0.606375 0.190664,0.610371 0.151182,0.605285 0.142196,0.598382 0.128854,0.584940 0.118779,0.571498 0.112244,0.554422 0.108432,0.535167 0.107888,0.526085
2 0.532368,0.529878 0.535019,0.435955 0.538887,0.374631 0.546533,0.312468 0.547098,0.311392 0.561843,0.311392 0.567161,0.251723 0.574903,0.179468 0.602944,0.181080 0.649356,0.186563 0.686583,0.193981 0.716558,0.204302 0.723025,0.206909 0.742739,0.249548 0.760610,0.294117 0.765628,0.304958 0.778440,0.334954 0.773122,0.361079 0.753058,0.404333 0.734445,0.441747 0.700360,0.498513 0.686098,0.518832 0.676429,0.526250 0.661925,0.530121 0.658432,0.530211 0.657341,0.531709 0.636906,0.531889 0.532127,0.532768
4 0.539734,0.274276 0.533932,0.311045 0.546502,0.311045 0.538767,0.373939 0.534899,0.435262 0.531398,0.533134 0.466488,0.534096 0.330031,0.535878 0.291716,0.535248 0.286640,0.502995 0.284464,0.455582 0.283014,0.396530 0.284706,0.368470 0.289782,0.341700 0.299693,0.310092 0.308750,0.270924 0.372978,0.225951 0.407500,0.205784 0.437387,0.191511 0.456185,0.185782 0.482979,0.181391 0.557181,0.176737
10 0.060296,0.355959 0.064863,0.352133 0.086316,0.343490 0.134108,0.328029 0.203989,0.311303 0.237443,0.302517 0.258365,0.292315 0.268621,0.285930 0.274906,0.290768 0.277452,0.294088 0.268138,0.303024 0.260644,0.312700 0.260886,0.318506 0.263787,0.321731 0.271280,0.325279 0.282642,0.327537 0.294705,0.327077 0.289902,0.342393 0.284826,0.369163 0.283134,0.397223 0.284584,0.456275 0.286760,0.503687 0.291836,0.535940 0.291935,0.535934 0.291391,0.536417 0.280346,0.536276 0.278753,0.516140 0.275992,0.501545 0.271850,0.496018 0.266008,0.494034 0.263884,0.493893 0.256875,0.473036 0.249441,0.458866 0.238289,0.444696 0.223633,0.430937 0.212907,0.423569 0.200693,0.417759 0.189330,0.413933 0.181577,0.412509 0.168939,0.412226 0.157681,0.413926 0.143662,0.419311 0.125714,0.429508 0.081109,0.413203 0.065709,0.412920 0.076117,0.396058 0.088543,0.379337 0.092472,0.371968 0.093322,0.366867 0.092897,0.362191 0.090030,0.358790 0.086419,0.357231 0.065182,0.355818 0.060296,0.355959
8 0.657335,0.532296 0.659529,0.530183 0.661925,0.530121 0.676429,0.526250 0.686098,0.518832 0.700360,0.498513 0.734445,0.441747 0.753058,0.404333 0.773122,0.361079 0.778440,0.334954 0.767553,0.309465 0.783253,0.309152 0.793629,0.302112 0.804690,0.290084 0.808773,0.283728 0.810134,0.277372 0.807412,0.271017 0.790059,0.254673 0.799246,0.241961 0.813537,0.235151 0.881929,0.291446 0.910851,0.301434 0.950322,0.308698 0.959849,0.313692 0.964273,0.333668 0.956787,0.339116 0.943517,0.353643 0.918677,0.398135 0.920039,0.403583 0.924802,0.413570 0.916636,0.423104 0.870020,0.444442 0.861561,0.447452 0.849604,0.451706 0.841728,0.441265 0.826611,0.430649 0.816665,0.426668 0.800155,0.425076 0.788021,0.425872 0.775490,0.429321 0.762163,0.436221 0.749034,0.446041 0.735309,0.459842 0.722579,0.481074 0.712832,0.507349 0.705671,0.533358 0.657335,0.532296
7 0.705546,0.533355 0.712832,0.507349 0.722579,0.481074 0.734162,0.461755 0.756487,0.449979 0.796043,0.450927 0.809308,0.455352 0.832995,0.471784 0.844365,0.490746 0.849102,0.517925 0.848391,0.544473 0.844365,0.563435 0.837496,0.579237 0.827784,0.593774 0.814993,0.607364 0.803624,0.615265 0.776147,0.615897 0.754119,0.614949 0.743223,0.609892 0.731854,0.599779 0.720010,0.581449 0.711720,0.563435 0.705833,0.549499 0.706272,0.534993
13 0.865697,0.271486 0.875187,0.273344 0.895635,0.277950 0.915818,0.284328 0.931486,0.287871 0.939984,0.291060 0.942108,0.292123 0.948156,0.296547 0.953262,0.300272 0.957776,0.304524 0.960166,0.308776 0.960166,0.314445 0.960072,0.314697 0.959849,0.313692 0.950322,0.308698 0.910851,0.301434 0.881929,0.291446 0.877308,0.287460 0.878632,0.286266 0.879345,0.283666 0.878434,0.280443 0.876903,0.278576 0.872001,0.275824 0.864022,0.271933
1 0.064074,0.413419 0.048914,0.412340 0.034361,0.409374 0.024457,0.406138 0.022234,0.399665 0.023244,0.393463 0.025266,0.386720 0.020415,0.390226 0.014149,0.399665 0.010915,0.408295 0.010308,0.421240 0.011319,0.437691 0.014957,0.453602 0.017989,0.462232 0.022638,0.482728 0.023649,0.489470 0.018191,0.495403 0.015564,0.504303 0.019202,0.511854 0.026680,0.519675 0.036585,0.526687 0.057808,0.537474 0.074988,0.543677 0.095807,0.547722 0.092977,0.535316 0.091765,0.521563 0.091765,0.504572 0.093988,0.487043 0.097828,0.470862 0.103488,0.458187 0.108743,0.448478 0.121477,0.433646 0.125218,0.429972 0.080513,0.413394
6 0.245568,0.263973 0.234855,0.268018 0.224547,0.274491 0.221111,0.279075 0.219898,0.282851 0.221717,0.288784 0.224749,0.291751 0.230611,0.293908 0.240110,0.295796 0.243951,0.297414 0.237281,0.301729 0.155622,0.321686 0.091158,0.340844 0.064478,0.351092 0.058818,0.355407 0.046691,0.355677 0.032340,0.360261 0.039212,0.350013 0.047297,0.340574 0.058010,0.331405 0.079637,0.317921 0.099041,0.307943 0.122488,0.297155 0.148359,0.287716 0.182519,0.278008 0.240528,0.263984
0 0.849604,0.451512 0.870020,0.444248 0.916636,0.422910 0.924923,0.413497 0.926349,0.413900 0.946253,0.411574 0.952936,0.409248 0.956132,0.406534 0.958457,0.402657 0.957730,0.410798 0.962670,0.438130 0.963106,0.446271 0.961798,0.457320 0.953662,0.487559 0.948432,0.496864 0.946253,0.504423 0.939715,0.513146 0.931434,0.521675 0.913129,0.530980 0.893080,0.536213 0.855598,0.543579 0.861554,0.531755 0.864315,0.514697 0.863298,0.495313 0.860537,0.479030 0.857050,0.468175 0.851094,0.454994
14 0.236390,0.286489 0.252632,0.270581 0.280709,0.251162 0.334208,0.213292 0.362796,0.194493 0.393016,0.175694 0.400776,0.172414 0.405676,0.178136 0.410986,0.181950 0.419358,0.185764 0.388728,0.202384 0.343805,0.229628 0.284589,0.271868 0.270499,0.283038 0.249467,0.295843 0.243750,0.296661 0.236195,0.294481 0.234727,0.291421
12 0.268647,0.285949 0.334757,0.236582 0.387366,0.203925 0.420845,0.185908 0.411279,0.181403 0.403683,0.175022 0.401433,0.172019 0.413249,0.166013 0.435193,0.159632 0.468671,0.154001 0.497367,0.151749 0.583736,0.153634 0.627420,0.158102 0.678264,0.166911 0.694195,0.170227 0.712868,0.175004 0.744046,0.186877 0.759569,0.198277 0.785170,0.216670 0.809083,0.232435 0.813390,0.234797 0.799246,0.241961 0.789912,0.254578 0.782638,0.249327 0.753098,0.222676 0.728622,0.207286 0.713220,0.203153 0.686583,0.193981 0.649356,0.186563 0.602944,0.181080 0.575843,0.179522 0.572201,0.177632 0.557402,0.177095 0.557498,0.176557 0.546114,0.177251 0.545756,0.177256 0.545679,0.177278 0.483286,0.181086 0.456212,0.185601 0.437601,0.191081 0.407143,0.204950 0.372817,0.225592 0.312210,0.268355 0.300820,0.275291 0.277647,0.293367 0.274906,0.290768 0.268647,0.285949
35 0.712582,0.357178 0.743415,0.357723 0.753216,0.356361 0.755871,0.357996 0.757300,0.362355 0.756688,0.366714 0.754033,0.368076 0.725854,0.366714 0.712582,0.366442 0.710744,0.363445 0.710744,0.359630
35 0.483679,0.374880 0.498789,0.374335 0.523497,0.374880 0.530235,0.373790 0.532073,0.369431 0.529623,0.363982 0.519413,0.361803 0.494706,0.363165 0.483475,0.363982 0.480820,0.368341 0.481024,0.371883
40 0.307172,0.280216 0.321589,0.268872 0.350237,0.248403 0.345247,0.278736 0.350053,0.294519 0.349868,0.324112 0.346541,0.326085 0.327688,0.326085 0.316041,0.327809 0.295709,0.327069
70 0.022234,0.399665 0.023244,0.393463 0.025266,0.386720 0.025615,0.382471 0.028254,0.368801 0.032445,0.361344 0.035519,0.359246 0.046691,0.355677 0.058818,0.355407 0.060296,0.355959 0.065182,0.355818 0.086419,0.357231 0.090030,0.358790 0.092897,0.362191 0.093322,0.366867 0.092472,0.371968 0.088543,0.379337 0.076117,0.396058 0.065709,0.412920 0.064074,0.413419 0.048914,0.412340 0.034361,0.409374 0.024457,0.406138 0.022234,0.399665
55 0.735309,0.459842 0.749034,0.446041 0.762163,0.436221 0.775490,0.429321 0.788021,0.425872 0.800155,0.425076 0.816665,0.426668 0.826611,0.430649 0.841728,0.441265 0.849604,0.451706 0.849676,0.451680 0.851094,0.454994 0.857050,0.468175 0.860537,0.479030 0.863298,0.495313 0.864315,0.514697 0.861554,0.531755 0.856943,0.540908 0.853281,0.541495 0.850634,0.538468 0.848577,0.537541 0.849102,0.517925 0.844365,0.490746 0.832995,0.471784 0.809308,0.455352 0.796043,0.450927 0.756487,0.449979 0.734162,0.461755
49 0.260644,0.312700 0.268138,0.303024 0.277267,0.295321 0.280050,0.293613 0.300820,0.275291 0.308758,0.270791 0.301092,0.305066 0.299267,0.312528 0.294705,0.327077 0.282642,0.327537 0.271280,0.325279 0.263787,0.321731 0.260886,0.318506 0.260644,0.312700
17 0.167043,0.524953 0.165616,0.527369 0.165506,0.528614 0.165506,0.529859 0.166768,0.532203 0.168580,0.532715 0.170775,0.532569 0.172587,0.531690 0.173410,0.530518 0.173794,0.527955 0.173465,0.526784 0.172587,0.525685 0.171214,0.524513 0.169074,0.523708 0.167317,0.524294
64 0.580143,0.185330 0.640958,0.189726 0.695945,0.202573 0.719257,0.211025 0.737502,0.252611 0.731927,0.305353 0.567727,0.311101
68 0.351602,0.247031 0.373843,0.231990 0.394865,0.218982 0.439652,0.199063 0.478650,0.189306 0.504243,0.186461 0.551262,0.184428 0.529598,0.313103 0.350383,0.319796 0.350078,0.294592 0.345813,0.277925
24 0.547965,0.312139 0.546887,0.319691 0.767628,0.311059 0.764393,0.305305
61 0.016045,0.452454 0.024068,0.459836 0.049242,0.472755 0.054499,0.480321 0.059478,0.491579 0.060723,0.498408 0.058925,0.502283 0.054914,0.505421 0.046061,0.505605 0.034719,0.502468 0.024483,0.495824 0.023238,0.492133 0.024206,0.487888 0.018673,0.463158
57 0.091765,0.504572 0.093988,0.487043 0.097828,0.470862 0.103488,0.458187 0.108743,0.448478 0.121477,0.433646 0.125218,0.429972 0.125714,0.429508 0.143662,0.419311 0.157681,0.413926 0.168939,0.412226 0.181577,0.412509 0.189330,0.413933 0.200693,0.417759 0.212907,0.423569 0.223633,0.430937 0.238289,0.444696 0.249441,0.458866 0.256525,0.472369 0.255062,0.473369 0.242127,0.453787 0.220616,0.438165 0.199378,0.428356 0.185763,0.425450 0.164797,0.426903 0.150093,0.433806 0.132938,0.446884 0.121775,0.463596 0.112517,0.482488 0.109794,0.494841 0.108160,0.510099 0.107982,0.520555 0.106434,0.523184 0.106234,0.534928 0.102233,0.538665 0.101433,0.548808 0.095504,0.546395 0.092977,0.535316 0.091765,0.521563 0.091765,0.504572
51 0.281080,0.536788 0.655228,0.532594 0.657371,0.532262 0.657335,0.532296 0.705546,0.533355 0.706272,0.534993 0.705874,0.548139 0.701842,0.550865 0.297667,0.550854 0.281080,0.551353 0.281080,0.536788
19 0.175138,0.527455 0.175512,0.531030 0.177070,0.534771 0.179874,0.536766 0.183301,0.537847 0.187601,0.536600 0.190093,0.533108 0.190841,0.528203 0.189283,0.523796 0.185233,0.519639 0.182179,0.518891 0.179749,0.519473 0.177568,0.521468 0.175761,0.523713
44 0.261875,0.495447 0.264052,0.493904 0.266008,0.494034 0.271850,0.496018 0.275992,0.501545 0.278753,0.516140 0.280346,0.536276 0.281080,0.536285 0.281080,0.551768 0.284081,0.556305 0.286081,0.570719 0.285481,0.574723 0.280080,0.582196 0.273878,0.587535 0.271477,0.587535 0.268677,0.556572 0.265476,0.518136 0.263475,0.502654 0.261875,0.495447
72 0.918677,0.398135 0.943517,0.353643 0.956787,0.339116 0.963883,0.333951 0.965071,0.336488 0.964450,0.357201 0.962121,0.382885 0.959327,0.400905 0.958457,0.402657 0.956132,0.406534 0.952936,0.409248 0.946253,0.411574 0.926349,0.413900 0.924923,0.413497 0.924802,0.413570 0.920039,0.403583 0.918677,0.398135
53 0.534053,0.311738 0.539854,0.274969 0.557402,0.177095 0.572201,0.177632 0.574903,0.179468 0.567161,0.251723 0.561843,0.311392 0.547098,0.311392 0.546623,0.311738 0.534053,0.311738
17 0.174590,0.513492 0.174590,0.514663 0.175743,0.517007 0.177554,0.518179 0.179475,0.518691 0.180353,0.518398 0.181945,0.516275 0.182110,0.515103 0.181835,0.513931 0.179201,0.511441 0.177115,0.511368 0.175303,0.512173
20 0.315634,0.304937 0.331806,0.311050 0.342856,0.311410 0.347708,0.310691 0.346360,0.295587 0.340700,0.278326 0.335849,0.276528 0.323720,0.279764 0.315365,0.284439 0.311861,0.288754 0.312939,0.296306
65 0.723025,0.206909 0.728622,0.207286 0.753098,0.222676 0.782638,0.249327 0.789912,0.254578 0.790059,0.254673 0.807412,0.271017 0.810134,0.277372 0.808773,0.283728 0.804690,0.290084 0.793629,0.302112 0.783253,0.309152 0.767553,0.309465 0.765628,0.304958 0.760610,0.294117 0.742739,0.249548 0.723025,0.206909
26 0.350673,0.326154 0.350403,0.320041 0.545539,0.311770 0.544731,0.319321
29 0.257582,0.365111 0.269642,0.364356 0.272657,0.365111 0.274483,0.367760 0.275672,0.371145 0.274164,0.375419 0.271337,0.376676 0.256828,0.377179 0.254943,0.375168 0.254378,0.372653 0.254567,0.370139 0.256451,0.366116
17 0.788633,0.524344 0.787200,0.526838 0.787262,0.529249 0.788321,0.530413 0.791001,0.530829 0.792808,0.530164 0.793680,0.529416 0.794303,0.528169 0.794553,0.526922 0.794553,0.525674 0.794179,0.524510 0.793182,0.523180 0.791312,0.522349 0.790440,0.522349
17 0.189410,0.521328 0.189849,0.522573 0.191386,0.524989 0.192264,0.525575 0.194020,0.525941 0.194898,0.525502 0.195447,0.524330 0.195722,0.521914 0.195557,0.520742 0.194953,0.519570 0.193910,0.518472 0.192044,0.517739 0.191166,0.517739 0.190288,0.517886 0.189574,0.519057
28 0.146848,0.553984 0.146038,0.555231 0.145664,0.556561 0.145976,0.557725 0.147783,0.559388 0.148717,0.559721 0.149652,0.559056 0.150462,0.557642 0.150774,0.555148 0.150587,0.553984 0.149839,0.552737 0.148904,0.552321
46 0.757305,0.495693 0.763372,0.489710 0.772868,0.483727 0.792652,0.478448 0.801357,0.480208 0.809534,0.484431 0.819821,0.493230 0.826680,0.502028 0.830900,0.517162 0.832219,0.528073 0.831164,0.546726 0.827207,0.562915 0.821668,0.574882 0.814018,0.584384 0.803731,0.593183 0.790805,0.598814 0.778935,0.601278 0.763900,0.596702 0.751766,0.586144 0.744644,0.574530 0.740160,0.560804 0.739104,0.547782 0.740160,0.531240 0.745435,0.516106 0.751238,0.504844
28 0.812312,0.564751 0.811253,0.566580 0.811190,0.567744 0.811564,0.568908 0.812499,0.570072 0.814368,0.570155 0.815241,0.569407 0.815490,0.566912 0.815054,0.565748 0.813247,0.564501
46 0.128497,0.524044 0.129815,0.508910 0.132717,0.498352 0.139839,0.484626 0.149335,0.474068 0.159095,0.467732 0.167536,0.464213 0.182304,0.462807 0.189690,0.464215 0.204198,0.470198 0.217914,0.483220 0.225300,0.495186 0.232159,0.509264 0.234796,0.524046 0.235060,0.540236 0.230576,0.558537 0.225037,0.569799 0.217123,0.580006 0.201033,0.590916 0.187580,0.593732 0.169906,0.590916 0.154080,0.582821 0.141946,0.569095 0.134296,0.557129 0.128229,0.532845
17 0.190123,0.537439 0.189629,0.539929 0.189684,0.542346 0.190672,0.543371 0.192538,0.544177 0.194404,0.543957 0.195283,0.543078 0.195722,0.538391 0.195228,0.537146 0.193471,0.535608 0.191715,0.535389 0.190837,0.535755
17 0.776482,0.529831 0.774924,0.531827 0.774613,0.532991 0.774675,0.535402 0.775111,0.536566 0.776046,0.537480 0.776918,0.537564 0.777853,0.537148 0.778725,0.536150 0.780034,0.533739 0.780781,0.531245 0.780532,0.529915 0.779660,0.528834 0.777853,0.528834
17 0.785704,0.551531 0.785081,0.555189 0.785829,0.557684 0.786577,0.558848 0.787449,0.559430 0.788321,0.559679 0.790066,0.559014 0.791624,0.556852 0.791811,0.555605 0.791811,0.554441 0.791001,0.552113 0.790253,0.550949 0.789381,0.550450 0.787574,0.550201 0.786701,0.550534
17 0.175523,0.541467 0.174755,0.542712 0.174261,0.545422 0.174590,0.546593 0.175413,0.547765 0.177225,0.548937 0.178103,0.549083 0.179859,0.548717 0.181616,0.547692 0.182110,0.546520 0.182439,0.544177 0.182384,0.542785 0.181616,0.540442 0.180682,0.539416 0.179749,0.538977 0.178816,0.538977 0.176785,0.539709
16 0.702656,0.171598 0.712102,0.161955 0.720833,0.149733 0.747811,0.112762 0.756470,0.099967 0.768564,0.082870 0.769780,0.082488 0.770425,0.083634 0.758044,0.101107 0.746881,0.117816 0.734501,0.134429 0.711243,0.168148 0.710170,0.173495 0.710026,0.176932 0.703944,0.176550 0.699435,0.174259
17 0.793556,0.539642 0.793618,0.540806 0.794054,0.541970 0.795550,0.544049 0.796422,0.544464 0.798229,0.544631 0.799101,0.544547 0.799974,0.543799 0.800909,0.541471 0.800971,0.540307 0.800410,0.537813 0.799538,0.536982 0.797544,0.536483 0.796671,0.536483 0.794677,0.537397
17 0.775360,0.546127 0.774114,0.548621 0.773927,0.552113 0.774924,0.554441 0.775859,0.554857 0.776731,0.554774 0.777666,0.554358 0.778601,0.553360 0.779348,0.550949 0.779224,0.548455 0.778725,0.547125 0.777977,0.545961 0.777043,0.545545
Мелкие 0.219898,0.282851 0.221111,0.279075 0.224547,0.274491 0.234855,0.268018 0.244390,0.264418 0.254514,0.262817 0.265237,0.261863 0.252632,0.270581 0.236390,0.286489 0.234727,0.291421 0.236195,0.294481 0.238634,0.295185 0.238407,0.295457 0.230611,0.293908 0.224749,0.291751 0.221717,0.288784 0.219898,0.282851
19 0.778663,0.540141 0.780221,0.535485 0.781965,0.533323 0.783773,0.532159 0.785580,0.531993 0.787449,0.532326 0.789318,0.533157 0.791001,0.535152 0.791873,0.537564 0.791811,0.541139 0.791001,0.543467 0.789505,0.545711 0.787262,0.547956 0.785197,0.548900 0.783087,0.548788 0.781342,0.547540 0.779598,0.545129 0.779161,0.543965 0.778787,0.542469 0.778663,0.540141
