5 0.740678,0.274573 0.745150,0.291359 0.745988,0.316724 0.743473,0.356263 0.738722,0.409604 0.733413,0.428255 0.691495,0.477866 0.695966,0.462199 0.699599,0.444668 0.697084,0.420795 0.697364,0.410723 0.702673,0.374168 0.704350,0.337986 0.703791,0.313367 0.702114,0.299938 0.688701,0.272335 0.691822,0.271856 0.685353,0.237578 0.681590,0.219250 0.664426,0.160476 0.656573,0.139452 0.661914,0.140662 0.670931,0.144463 0.682482,0.152950 0.690356,0.161128 0.697074,0.170619 0.708590,0.189643 0.714663,0.201098 0.726678,0.227974 0.734137,0.249474
15 0.177595,0.233426 0.180092,0.231427 0.191336,0.219782 0.220223,0.194421 0.258804,0.162073 0.277415,0.148875 0.296802,0.136195 0.304571,0.133847 0.305878,0.133568 0.325665,0.130873 0.364075,0.128415 0.385251,0.129191 0.455901,0.131110 0.501468,0.135018 0.526899,0.139507 0.548973,0.143809 0.569971,0.149738 0.559068,0.163752 0.549376,0.181001 0.542108,0.196632 0.534364,0.215090 0.534344,0.215081 0.511648,0.264300 0.481031,0.265468 0.443433,0.259808 0.370214,0.251506 0.237065,0.239054 0.204555,0.236789 0.177595,0.233426
66 0.651037,0.144267 0.630016,0.145744 0.621828,0.146925 0.610765,0.156377 0.606560,0.161103 0.608994,0.193297 0.610784,0.210682 0.623865,0.277745 0.639973,0.278362 0.680024,0.273636 0.674050,0.233467 0.668739,0.209542 0.662986,0.186799 0.653471,0.155195
67 0.578033,0.250369 0.583041,0.219251 0.589606,0.187731 0.596667,0.170189 0.601667,0.159066 0.602500,0.157953 0.604793,0.169983 0.606578,0.202496 0.608619,0.260372 0.608874,0.283182 0.610398,0.289189 0.603763,0.289555 0.595820,0.283331 0.587013,0.270653 0.580105,0.257745 0.578033,0.250369
46 0.583917,0.603742 0.582593,0.619451 0.582446,0.637516 0.583035,0.659313 0.585094,0.670898 0.587007,0.677575 0.590390,0.683269 0.594215,0.684251 0.599805,0.682091 0.604513,0.676789 0.611427,0.661473 0.617017,0.643800 0.622460,0.617683 0.625255,0.595887 0.627168,0.557792 0.625549,0.542476 0.623343,0.530105 0.620548,0.522839 0.617753,0.518127 0.614222,0.516359 0.610103,0.516359 0.605248,0.519894 0.600982,0.529712 0.593774,0.550330 0.588919,0.570949 0.584800,0.596672
3 0.602242,0.155104 0.609029,0.146943 0.622097,0.139353 0.632234,0.137132 0.651526,0.138142 0.663631,0.177222 0.672331,0.210244 0.679518,0.249224 0.682998,0.272854 0.691798,0.271731 0.691822,0.271856 0.688701,0.272335 0.702114,0.299938 0.703791,0.313367 0.704350,0.337986 0.702673,0.374168 0.697364,0.410723 0.697084,0.420795 0.699599,0.444668 0.695966,0.462199 0.692095,0.475764 0.691077,0.478148 0.683266,0.489087 0.667773,0.506691 0.652151,0.526347 0.650743,0.527201 0.649463,0.526517 0.648694,0.523270 0.645583,0.435318 0.631080,0.363933 0.620203,0.320375 0.611139,0.292547 0.608874,0.283623 0.608619,0.260813 0.606578,0.202937 0.604793,0.170424 0.602242,0.155104
11 0.718956,0.445203 0.722864,0.440594 0.733385,0.428142 0.738694,0.409492 0.743445,0.356150 0.745960,0.316611 0.745121,0.291246 0.740650,0.274460 0.740307,0.273144 0.740531,0.273008 0.745387,0.272468 0.748421,0.274359 0.750444,0.276654 0.756311,0.288130 0.760559,0.298257 0.766021,0.309868 0.766932,0.316484 0.767437,0.325800 0.765617,0.333226 0.764909,0.326745 0.763695,0.325669 0.762279,0.325804 0.761065,0.327019 0.759851,0.329450 0.757828,0.335255 0.751658,0.356858 0.748522,0.371305 0.740936,0.413430 0.738003,0.427067 0.731630,0.434088 0.723086,0.442054 0.713371,0.452479
56 0.598569,0.480654 0.601690,0.472322 0.607388,0.460336 0.616886,0.446045 0.622757,0.441435 0.628801,0.439821 0.635191,0.443509 0.637263,0.446506 0.641580,0.458031 0.643134,0.467943 0.643134,0.505054 0.641232,0.525568 0.637916,0.540968 0.631832,0.560358 0.631923,0.548700 0.630413,0.526762 0.627730,0.508853 0.624208,0.493631 0.618674,0.484676 0.607789,0.481088 0.598725,0.480765 0.598569,0.480654
9 0.400337,0.358911 0.415706,0.321569 0.496523,0.280770 0.503258,0.275238 0.510856,0.266018 0.534344,0.215081 0.542460,0.218309 0.582500,0.220245 0.578033,0.250810 0.580105,0.258186 0.587013,0.271094 0.595820,0.283772 0.603763,0.289995 0.610398,0.289629 0.611139,0.292547 0.620203,0.320375 0.631080,0.363933 0.645583,0.435318 0.648694,0.523270 0.649463,0.526517 0.650542,0.527094 0.650038,0.528795 0.636914,0.545622 0.641232,0.525568 0.643134,0.505054 0.643134,0.467943 0.641580,0.458031 0.637263,0.446506 0.635191,0.443509 0.628801,0.439821 0.622757,0.441435 0.616886,0.446045 0.607388,0.460336 0.601690,0.472322 0.592019,0.498139 0.536586,0.501593 0.528124,0.501362 0.523635,0.498827 0.519145,0.486610 0.526225,0.468861 0.528124,0.461255 0.527952,0.454339 0.518799,0.425296 0.509647,0.402937 0.496696,0.382653 0.490997,0.376199 0.482017,0.371358 0.400337,0.358911
7 0.523747,0.668021 0.531965,0.663992 0.544543,0.656381 0.551084,0.647427 0.557121,0.632876 0.560647,0.624363 0.576244,0.553401 0.580940,0.535044 0.585803,0.516688 0.594189,0.494526 0.598494,0.480757 0.607789,0.481088 0.618674,0.484676 0.624208,0.493631 0.627730,0.508853 0.630413,0.526762 0.631923,0.548700 0.631755,0.570190 0.630078,0.589889 0.626724,0.615633 0.623537,0.634885 0.619345,0.658166 0.615320,0.672940 0.609450,0.689954 0.603914,0.700030 0.594187,0.711447 0.583957,0.716148 0.548403,0.710999 0.542701,0.708761 0.537164,0.701376 0.531797,0.692198 0.523747,0.668021
7 0.711914,0.469908 0.733884,0.443940 0.737741,0.436105 0.739250,0.430733 0.736232,0.429837 0.735853,0.429579 0.738031,0.427180 0.740964,0.413543 0.748550,0.371418 0.751686,0.356971 0.755096,0.345030 0.756021,0.344995 0.758201,0.347234 0.761555,0.360217 0.761555,0.369396 0.758369,0.411481 0.756189,0.428942 0.752499,0.451775 0.750319,0.462296 0.745623,0.470803 0.742604,0.474161 0.740089,0.474832 0.711914,0.469908
0 0.053995,0.465084 0.063041,0.426595 0.064737,0.402444 0.068412,0.408482 0.076328,0.413010 0.078855,0.414004 0.078872,0.414897 0.087070,0.448858 0.096964,0.463952 0.113078,0.473008 0.206650,0.506215 0.259514,0.519044 0.297113,0.526969 0.334994,0.530365 0.355631,0.529988 0.362133,0.525459 0.372875,0.511498 0.383528,0.490506 0.386162,0.491121 0.460228,0.498668 0.481430,0.497536 0.503198,0.493008 0.519145,0.486610 0.523635,0.498827 0.528124,0.501362 0.536586,0.501593 0.592019,0.498139 0.592133,0.497836 0.592636,0.498630 0.585803,0.516688 0.580940,0.535044 0.576244,0.553401 0.560647,0.624363 0.557121,0.632876 0.551084,0.647427 0.544543,0.656381 0.531965,0.663992 0.523747,0.668021 0.524199,0.669378 0.521855,0.668474 0.504894,0.678285 0.481995,0.689982 0.465599,0.696020 0.437047,0.699793 0.418389,0.700548 0.392381,0.698284 0.318032,0.677907 0.200148,0.637531 0.148698,0.615268 0.110817,0.594136 0.084526,0.578288 0.073218,0.562817 0.071239,0.548855 0.063324,0.534138 0.057104,0.510743 0.053995,0.465084
13 0.069260,0.306976 0.068984,0.290364 0.071522,0.273392 0.102053,0.261694 0.148864,0.246600 0.164130,0.239054 0.174307,0.233016 0.204555,0.236789 0.237065,0.239054 0.370214,0.251506 0.443433,0.259808 0.481031,0.265468 0.511648,0.264300 0.510856,0.266018 0.503258,0.275238 0.496523,0.280770 0.415706,0.321569 0.407517,0.341465 0.399731,0.358295 0.392381,0.376785 0.380225,0.417538 0.373440,0.447349 0.373723,0.456028 0.375985,0.466593 0.383067,0.490627 0.372875,0.511498 0.362133,0.525459 0.355631,0.529988 0.334994,0.530365 0.297113,0.526969 0.259514,0.519044 0.206650,0.506215 0.113078,0.473008 0.096964,0.463952 0.087070,0.448858 0.078872,0.414897 0.078307,0.385841 0.072370,0.353389 0.070391,0.334522 0.069260,0.326598
12 0.295783,0.135724 0.321627,0.125482 0.346565,0.119147 0.382851,0.111891 0.417235,0.107900 0.449443,0.107537 0.526908,0.108113 0.591575,0.114470 0.606561,0.117315 0.628208,0.123272 0.647057,0.127184 0.659646,0.132696 0.669836,0.138564 0.681825,0.148788 0.692216,0.160701 0.701074,0.173948 0.706869,0.186217 0.696478,0.169503 0.690218,0.161057 0.684090,0.154567 0.678162,0.149499 0.671302,0.144609 0.661977,0.140786 0.653585,0.138564 0.651708,0.138731 0.651526,0.138142 0.632234,0.137132 0.622097,0.139353 0.609029,0.146943 0.602242,0.155104 0.602613,0.157329 0.601489,0.158871 0.596207,0.170767 0.589606,0.188171 0.582431,0.219671 0.542460,0.218309 0.534364,0.215090 0.542108,0.196632 0.549376,0.181001 0.559068,0.163752 0.569971,0.149738 0.548973,0.143809 0.526899,0.139507 0.501468,0.135018 0.455901,0.131110 0.385833,0.129450 0.364851,0.128156 0.325665,0.130873 0.305878,0.133568 0.295783,0.135724
35 0.716965,0.314292 0.713758,0.315362 0.709215,0.315005 0.706809,0.316432 0.706008,0.318394 0.705740,0.321783 0.706141,0.324637 0.707077,0.327134 0.714827,0.325350 0.716831,0.323923 0.718034,0.321961 0.718435,0.318751 0.718034,0.316075
35 0.651667,0.338154 0.649485,0.338906 0.636657,0.342473 0.635321,0.345684 0.635321,0.349786 0.635989,0.355672 0.637726,0.357099 0.652424,0.350856 0.655498,0.346932 0.655899,0.343543 0.654562,0.338728 0.652959,0.337657
54 0.651708,0.138731 0.653585,0.138564 0.656573,0.139452 0.664426,0.160476 0.681590,0.219250 0.685353,0.237578 0.691798,0.271731 0.682998,0.272854 0.679518,0.249224 0.672331,0.210244 0.663631,0.177222 0.651708,0.138731
41 0.718378,0.216762 0.723662,0.241096 0.724983,0.270367 0.733702,0.272130 0.752460,0.271777 0.763292,0.269661 0.766991,0.265429 0.770690,0.252381 0.771218,0.244975 0.762500,0.237922 0.751668,0.234042 0.743742,0.233690 0.736080,0.236511 0.735551,0.240390 0.735815,0.250618 0.734425,0.250203 0.726587,0.227768 0.721618,0.216634 0.717107,0.210996
69 0.660331,0.146039 0.671837,0.150469 0.682661,0.158120 0.690424,0.165828 0.698833,0.177643 0.714322,0.204816 0.716314,0.210428 0.722952,0.241146 0.724501,0.270092 0.692194,0.270978 0.682016,0.218994 0.665420,0.161103
58 0.755096,0.345030 0.757856,0.335368 0.759879,0.329562 0.761093,0.327132 0.762307,0.325917 0.763723,0.325782 0.764937,0.326858 0.765218,0.329435 0.765362,0.335017 0.764412,0.361127 0.760880,0.388143 0.760153,0.387923 0.761555,0.369396 0.761555,0.360217 0.758201,0.347234 0.756021,0.344995 0.755096,0.345030
72 0.059573,0.341680 0.060277,0.318174 0.061956,0.301939 0.064199,0.301534 0.069214,0.304212 0.069260,0.306976 0.069260,0.326598 0.070391,0.334522 0.072370,0.353389 0.078307,0.385841 0.078855,0.414004 0.076328,0.413010 0.068412,0.408482 0.064737,0.402444 0.064200,0.398809 0.061887,0.383755 0.061598,0.367543 0.059573,0.341680
73 0.375985,0.466593 0.373723,0.456028 0.373440,0.447349 0.380225,0.417538 0.392381,0.376785 0.399295,0.359460 0.400337,0.358911 0.482017,0.371358 0.490997,0.376199 0.496696,0.382653 0.509647,0.402937 0.518799,0.425296 0.527952,0.454339 0.528124,0.461255 0.526225,0.468861 0.519145,0.486610 0.503198,0.493008 0.481430,0.497536 0.460228,0.498668 0.386162,0.491121 0.383528,0.490506
59 0.137087,0.360381 0.132655,0.396786 0.132314,0.409073 0.132314,0.415899 0.136405,0.419540 0.202545,0.434557 0.274139,0.452305 0.278912,0.453215 0.283003,0.449120 0.288799,0.387685 0.287823,0.385009 0.283003,0.384044 0.149701,0.358105 0.141178,0.356740 0.139360,0.356286 0.137428,0.357195
25 0.608177,0.279218 0.611095,0.287158 0.642296,0.284761 0.689995,0.277870 0.687975,0.273153 0.676527,0.273975 0.641174,0.277570 0.614574,0.278619
46 0.759215,0.375707 0.758479,0.367656 0.757302,0.363728 0.754360,0.363728 0.752006,0.367263 0.749652,0.377278 0.744356,0.419889 0.742885,0.450325 0.743915,0.455627 0.745092,0.457394 0.746857,0.457591 0.751123,0.447969 0.754066,0.434420 0.758479,0.402216 0.759215,0.379045
47 0.566641,0.374844 0.566560,0.385365 0.568410,0.398033 0.570662,0.405977 0.576134,0.415101 0.578225,0.416496 0.581121,0.416603 0.583775,0.414671 0.586750,0.410484 0.590450,0.403184 0.592541,0.394059 0.593153,0.384902 0.591085,0.361900 0.588903,0.354847 0.584307,0.346106 0.581017,0.343009 0.577529,0.342119 0.575117,0.342272 0.572130,0.343652 0.570177,0.346566 0.568224,0.352086 0.567294,0.360766 0.566845,0.371561
27 0.725686,0.270079 0.728940,0.271278 0.730624,0.272776 0.730624,0.275323 0.690669,0.277570 0.689883,0.272926 0.691679,0.270829
8 0.061851,0.301560 0.064681,0.289855 0.068203,0.278427 0.070757,0.272990 0.086667,0.265851 0.094920,0.264051 0.071522,0.273392 0.068984,0.290364 0.069214,0.304212 0.064199,0.301534 0.061956,0.301939 0.061851,0.301560
52 0.631778,0.567220 0.631832,0.560358 0.636914,0.545622 0.650038,0.528795 0.650542,0.527094 0.650743,0.527201 0.652151,0.526347 0.667773,0.506691 0.683266,0.489087 0.691077,0.478148 0.691495,0.477866 0.720734,0.444867 0.731658,0.434201 0.735853,0.429579 0.736232,0.429837 0.739250,0.430733 0.737741,0.436105 0.734044,0.443615 0.733656,0.444209 0.711914,0.469908 0.699698,0.486289 0.634834,0.566529 0.632377,0.566529 0.631778,0.567220
19 0.604202,0.587801 0.605904,0.590694 0.606523,0.594826 0.605440,0.603916 0.603583,0.608668 0.601261,0.609907 0.599249,0.607635 0.598939,0.600817 0.599868,0.593173 0.601725,0.588628 0.603118,0.587388
39 0.179002,0.307950 0.177634,0.314230 0.176932,0.320408 0.177153,0.324527 0.178356,0.333636 0.180059,0.339694 0.185344,0.346042 0.190364,0.348158 0.195913,0.347806 0.201991,0.342515 0.205690,0.333698 0.207276,0.326643 0.207540,0.315004 0.206496,0.308908 0.203767,0.301552 0.199084,0.295958 0.194856,0.294195 0.189836,0.294547 0.184287,0.298780 0.181116,0.303012
16 0.419342,0.090558 0.422169,0.101339 0.423179,0.116708 0.425603,0.117247 0.429845,0.116708 0.434087,0.114551 0.427221,0.102691 0.425403,0.097298 0.407830,0.039581 0.396720,0.000000 0.395000,0.000000 0.413333,0.066741
38 0.079941,0.403264 0.081700,0.402291 0.089712,0.404543 0.102548,0.409913 0.103698,0.411703 0.104847,0.415539 0.104656,0.419631 0.103123,0.422188 0.100249,0.421932 0.081091,0.414772 0.080476,0.408135
