5 0.194778,0.195242 0.205233,0.194777 0.213074,0.197800 0.219172,0.205007 0.223703,0.217096 0.240604,0.295211 0.233809,0.359378 0.220218,0.408230 0.221612,0.427526 0.222657,0.460107 0.227013,0.505710 0.229627,0.562204 0.233286,0.590568 0.203142,0.550813 0.164982,0.503618 0.160452,0.474538 0.163936,0.453614 0.156095,0.407084 0.155747,0.381510 0.153482,0.342453 0.157489,0.332223 0.165679,0.306625 0.174043,0.296163 0.182755,0.247573
3 0.115500,0.347526 0.118462,0.314724 0.128220,0.299845 0.137977,0.291010 0.141811,0.284733 0.146341,0.261252 0.151220,0.239631 0.159235,0.217080 0.170038,0.205688 0.181190,0.198016 0.192687,0.195364 0.194536,0.195311 0.182755,0.247573 0.174043,0.296163 0.165679,0.306625 0.157489,0.332223 0.153482,0.342453 0.155747,0.381510 0.156095,0.407084 0.163936,0.453614 0.160452,0.474538 0.164982,0.503618 0.165936,0.504798 0.164114,0.503347 0.149826,0.486608 0.142857,0.474286 0.134841,0.448480 0.127523,0.408462 0.125258,0.391026 0.121424,0.374752 0.117068,0.360570 0.115500,0.347526
52 0.137593,0.481043 0.139576,0.475595 0.139470,0.475078 0.142159,0.474647 0.146317,0.480404 0.149826,0.486608 0.164114,0.503347 0.165086,0.504120 0.175967,0.517203 0.203142,0.550813 0.232547,0.589593 0.239389,0.600567 0.238997,0.598308 0.243010,0.605426 0.244326,0.618249 0.240901,0.618249 0.231026,0.609291 0.173559,0.532088 0.171240,0.530460 0.140393,0.489916 0.137593,0.481043
63 0.483363,0.488669 0.492002,0.489053 0.605670,0.471198 0.608295,0.463492 0.611445,0.459640 0.614595,0.458239 0.622471,0.458939 0.626146,0.461391 0.635071,0.464894 0.697549,0.450183 0.712250,0.443528 0.712443,0.445201 0.714277,0.489777 0.712554,0.489394 0.640558,0.511408 0.637558,0.517912 0.631558,0.520413 0.625934,0.520413 0.617684,0.518412 0.540438,0.532421 0.506470,0.536362 0.483363,0.488669
66 0.154286,0.231571 0.160093,0.221159 0.167352,0.213411 0.178240,0.204695 0.185136,0.202274 0.189128,0.203000 0.163904,0.297186 0.155738,0.300091 0.142309,0.291375 0.148842,0.252877
29 0.227323,0.401336 0.234027,0.405930 0.234390,0.412699 0.232940,0.416808 0.231128,0.417776 0.229316,0.417776 0.226236,0.415841 0.223880,0.414149 0.223337,0.412699 0.222793,0.410281 0.222975,0.406413 0.224062,0.402787 0.225874,0.401336
11 0.220218,0.408230 0.233751,0.359584 0.235728,0.360463 0.242528,0.358369 0.247497,0.352437 0.248281,0.345109 0.245928,0.336734 0.244620,0.329058 0.244620,0.321381 0.245405,0.319985 0.254820,0.317193 0.261358,0.315100 0.263450,0.321032 0.268419,0.328011 0.271035,0.329058 0.270250,0.331849 0.270250,0.336734 0.271296,0.340922 0.273911,0.344760 0.332233,0.401639 0.360740,0.433044 0.371201,0.447002 0.371985,0.451189 0.370939,0.452585 0.369893,0.452585 0.365447,0.450840 0.343479,0.445606 0.335633,0.444908 0.332494,0.445606 0.327264,0.448397 0.324648,0.452585 0.323079,0.456772 0.323079,0.469334 0.338248,0.529353 0.324125,0.525166 0.299541,0.520978 0.293788,0.520978 0.289080,0.520978 0.280711,0.522025 0.277573,0.523421 0.263450,0.494807 0.254820,0.482943 0.251681,0.480849 0.247497,0.480500 0.242266,0.483292 0.239651,0.487130 0.237559,0.492714 0.233636,0.521357 0.234420,0.571954 0.239389,0.600567 0.232547,0.589593 0.233286,0.590568 0.229627,0.562204 0.227013,0.505710 0.222657,0.460107 0.221612,0.427526 0.220218,0.408230
30 0.308831,0.320180 0.288822,0.321493 0.274718,0.324557 0.280294,0.329371 0.351143,0.329371 0.389192,0.327183 0.374432,0.321931 0.341959,0.318430 0.334743,0.314929 0.315719,0.318430
7 0.117409,0.421394 0.117409,0.411898 0.120092,0.404426 0.122833,0.401522 0.124489,0.407581 0.134950,0.460970 0.138873,0.473881 0.139189,0.473715 0.139576,0.475595 0.137593,0.481043 0.140393,0.489916 0.171661,0.531013 0.170261,0.533970 0.152060,0.535060 0.137826,0.534749 0.132109,0.533036 0.128843,0.527277 0.125809,0.516224 0.123709,0.503615 0.122192,0.489916 0.119276,0.467316
7 0.242233,0.582800 0.243925,0.551192 0.246826,0.535065 0.252869,0.520229 0.257704,0.511843 0.266648,0.507973 0.270368,0.510553 0.275955,0.521788 0.283569,0.541516 0.291546,0.567318 0.300007,0.605420 0.317170,0.705727 0.347387,0.720886 0.345453,0.731529 0.340618,0.741528 0.330949,0.747011 0.309676,0.752494 0.292997,0.755074 0.281877,0.751204 0.273658,0.743463 0.266650,0.732461 0.258672,0.704723 0.252629,0.680533 0.248520,0.656988 0.247309,0.647306 0.242475,0.600217 0.242233,0.582800
9 0.110366,0.366405 0.112159,0.351736 0.110887,0.308764 0.113504,0.298710 0.127627,0.283356 0.131811,0.273586 0.135187,0.262541 0.136627,0.263732 0.134165,0.270059 0.134427,0.280528 0.137565,0.289251 0.137902,0.291079 0.128220,0.299845 0.118462,0.314724 0.115500,0.347526 0.117068,0.360570 0.121424,0.374752 0.125258,0.391026 0.127523,0.408462 0.134841,0.448480 0.142191,0.472142 0.138873,0.473881 0.134950,0.460970 0.124489,0.407581 0.116381,0.377921 0.113504,0.376525 0.111412,0.388389 0.110366,0.366405
1 0.276937,0.523986 0.280711,0.522025 0.289080,0.520978 0.299541,0.520978 0.324125,0.525166 0.338248,0.529353 0.346573,0.533922 0.426444,0.554935 0.471816,0.555936 0.505940,0.536424 0.540438,0.532421 0.617684,0.518412 0.625934,0.520413 0.631558,0.520413 0.637558,0.517912 0.640558,0.511408 0.712554,0.489394 0.728304,0.492896 0.732053,0.488393 0.734678,0.481389 0.734299,0.473348 0.739549,0.481853 0.742924,0.495362 0.744799,0.511872 0.742924,0.549396 0.735049,0.579415 0.735049,0.590422 0.739924,0.599428 0.742924,0.618440 0.742174,0.628947 0.738424,0.641455 0.727925,0.651961 0.693801,0.670473 0.589182,0.710029 0.496561,0.737547 0.472562,0.741549 0.414440,0.735045 0.358943,0.725039 0.342868,0.718619 0.317170,0.705727 0.300007,0.605420 0.291546,0.567318 0.283569,0.541516
6 0.270250,0.331849 0.270870,0.329642 0.283042,0.332126 0.301680,0.332826 0.565505,0.316711 0.584931,0.314259 0.585981,0.312532 0.611708,0.328994 0.645309,0.347207 0.697287,0.384335 0.706737,0.394142 0.711462,0.401847 0.715137,0.414106 0.714350,0.428817 0.712250,0.443528 0.697549,0.450183 0.635071,0.464894 0.626146,0.461391 0.622471,0.458939 0.614595,0.458239 0.611445,0.459640 0.608295,0.463492 0.605670,0.471198 0.492002,0.489053 0.476251,0.488352 0.378597,0.455078 0.371834,0.450383 0.371201,0.447002 0.360740,0.433044 0.332233,0.401639 0.273911,0.344760 0.271296,0.340922 0.270250,0.336734 0.270250,0.331849
12 0.135000,0.262514 0.151749,0.223908 0.160328,0.211177 0.171233,0.198553 0.187590,0.187618 0.200018,0.182697 0.260708,0.174887 0.301296,0.172487 0.356014,0.174887 0.411759,0.181399 0.447210,0.190311 0.478550,0.203342 0.505881,0.226074 0.528331,0.249318 0.577183,0.303980 0.575207,0.309491 0.550602,0.279297 0.518453,0.243592 0.487920,0.215315 0.476785,0.206209 0.461519,0.201416 0.448949,0.198776 0.412673,0.194946 0.370825,0.191827 0.335264,0.191582 0.295212,0.193019 0.250491,0.197092 0.235225,0.199488 0.234327,0.201166 0.258394,0.297978 0.261342,0.315124 0.254879,0.317193 0.245464,0.319985 0.245045,0.320730 0.240519,0.296576 0.240664,0.295211 0.223762,0.217096 0.219232,0.205007 0.213133,0.197800 0.205292,0.194777 0.194837,0.195242 0.194596,0.195311 0.192746,0.195364 0.181249,0.198016 0.170098,0.205688 0.159295,0.217080 0.156895,0.221929 0.151558,0.231661 0.139163,0.259909 0.136763,0.263608
14 0.234327,0.201166 0.235225,0.199488 0.250491,0.197092 0.295212,0.193019 0.335264,0.191582 0.370825,0.191827 0.412673,0.194946 0.448949,0.198776 0.461519,0.201416 0.476785,0.206209 0.487920,0.215315 0.518453,0.243592 0.550602,0.279297 0.575158,0.309430 0.575289,0.310224 0.576300,0.315348 0.565505,0.316711 0.301680,0.332826 0.283042,0.332126 0.270870,0.329642 0.271035,0.329058 0.268419,0.328011 0.263450,0.321032 0.261358,0.315100 0.261339,0.315106 0.258394,0.297978 0.234327,0.201166
35 0.157982,0.357413 0.160073,0.359853 0.166213,0.363340 0.167650,0.366652 0.167650,0.369267 0.166866,0.372056 0.162032,0.371707 0.157068,0.366478 0.155892,0.362294 0.157068,0.358459
50 0.233751,0.359584 0.233809,0.359378 0.240519,0.296576 0.245030,0.320651 0.244620,0.321381 0.244620,0.329058 0.245928,0.336734 0.248281,0.345109 0.247497,0.352437 0.242528,0.358369 0.235728,0.360463 0.233751,0.359584
35 0.123490,0.329173 0.125323,0.331964 0.129373,0.335276 0.129765,0.338065 0.128851,0.338936 0.126891,0.339285 0.124147,0.337716 0.122057,0.335276 0.121404,0.334055 0.121006,0.331405 0.121643,0.329307
69 0.194935,0.198884 0.205460,0.198642 0.215078,0.206148 0.221066,0.222612 0.229958,0.263289 0.224696,0.307839 0.223788,0.316314 0.218889,0.315829 0.217074,0.304207 0.212537,0.296702 0.206368,0.292343 0.195480,0.291375 0.176425,0.292586 0.178966,0.278542 0.188402,0.226244
41 0.231689,0.264513 0.226415,0.310757 0.223401,0.319302 0.218504,0.319302 0.217750,0.309249 0.213606,0.299699 0.205318,0.293667 0.191756,0.290651 0.175556,0.293667 0.161994,0.298191 0.155213,0.304223 0.155213,0.312265 0.157473,0.323826 0.161994,0.336895 0.181961,0.342424 0.209462,0.346445 0.223778,0.346445 0.232819,0.357504 0.239601,0.294170
58 0.233636,0.521357 0.237559,0.492714 0.239651,0.487130 0.242266,0.483292 0.247497,0.480500 0.251681,0.480849 0.254820,0.482943 0.263450,0.494807 0.270978,0.510060 0.270618,0.511054 0.270368,0.510553 0.266648,0.507973 0.257704,0.511843 0.252869,0.520229 0.246826,0.535065 0.243925,0.551192 0.242233,0.582800 0.242475,0.600217 0.243010,0.605426 0.238997,0.598308 0.234420,0.571954 0.233636,0.521357
56 0.112004,0.385030 0.113504,0.376525 0.116381,0.377921 0.122833,0.401522 0.120092,0.404426 0.117409,0.411898 0.117409,0.421394 0.117848,0.432195 0.116360,0.425575 0.112004,0.393131 0.112004,0.385030
71 0.323079,0.456772 0.324648,0.452585 0.327264,0.448397 0.332494,0.445606 0.335633,0.444908 0.343479,0.445606 0.365447,0.450840 0.369893,0.452585 0.370939,0.452585 0.371985,0.451189 0.371834,0.450383 0.378597,0.455078 0.476251,0.488352 0.483363,0.488669 0.506470,0.536362 0.505940,0.536424 0.471816,0.555936 0.426444,0.554935 0.346573,0.533922 0.338248,0.529353 0.338248,0.529353 0.323079,0.469334 0.323079,0.456772
70 0.713060,0.437852 0.714350,0.428817 0.715110,0.414613 0.719006,0.417163 0.724666,0.430647 0.731942,0.455728 0.734368,0.471639 0.734368,0.473459 0.734299,0.473348 0.734368,0.474802 0.734368,0.482217 0.732053,0.488393 0.728304,0.492896 0.714277,0.489777 0.712443,0.445201 0.713060,0.437852
46 0.122530,0.420733 0.119626,0.425575 0.119082,0.436713 0.120896,0.468915 0.123074,0.488769 0.125796,0.506929 0.127248,0.513708 0.128699,0.516129 0.130696,0.516613 0.133055,0.512982 0.134506,0.503297 0.134688,0.477632 0.133962,0.461894 0.126522,0.424849 0.124344,0.421701
46 0.250283,0.637748 0.255182,0.667771 0.262260,0.691257 0.270063,0.713048 0.276596,0.719585 0.282040,0.721522 0.287121,0.717406 0.290932,0.705542 0.292202,0.683993 0.291657,0.647191 0.288391,0.618620 0.280406,0.585933 0.274418,0.566564 0.268611,0.555910 0.264800,0.551552 0.258993,0.550099 0.255001,0.552036 0.252642,0.556394 0.249920,0.565353 0.248287,0.582786 0.248831,0.609419 0.250101,0.631453
59 0.566293,0.569709 0.599204,0.560439 0.644548,0.548241 0.700132,0.532628 0.706455,0.532302 0.709711,0.533520 0.710278,0.537138 0.710961,0.591144 0.710736,0.595081 0.708640,0.596624 0.572875,0.637041 0.567390,0.635577 0.566658,0.630210 0.564464,0.575076
60 0.565913,0.625669 0.511360,0.637069 0.493845,0.638700 0.501584,0.671852 0.509731,0.691960 0.519099,0.697938 0.521136,0.705547 0.576532,0.694678 0.682030,0.656634 0.720726,0.632721 0.729688,0.621308 0.734576,0.599569 0.733761,0.584895 0.737020,0.562070 0.711358,0.579461 0.711116,0.595039 0.709961,0.595999 0.708848,0.597012 0.682030,0.604461 0.572599,0.637519 0.567075,0.635863 0.566170,0.630633
62 0.493257,0.639404 0.501276,0.672076 0.509582,0.692329 0.518747,0.698252 0.520895,0.705704 0.493687,0.708188 0.464760,0.705513 0.443852,0.702647 0.393445,0.689839 0.367382,0.680285 0.356928,0.671114 0.351057,0.659459 0.351916,0.652389 0.355640,0.644556 0.360079,0.638442 0.365664,0.633474 0.371105,0.632518 0.382275,0.632327 0.428673,0.637868 0.473925,0.640352
21 0.156181,0.305144 0.162105,0.299348 0.175929,0.294341 0.192320,0.291970 0.204959,0.294605 0.213648,0.300665 0.217005,0.309097 0.216413,0.319636 0.215425,0.324379 0.207329,0.328068 0.184618,0.328332 0.161710,0.326487 0.158551,0.325697 0.155983,0.311732
40 0.556681,0.281039 0.557556,0.280237 0.566493,0.279811 0.575591,0.282366 0.581496,0.287690 0.582613,0.294504 0.581336,0.302596 0.579262,0.303874 0.576430,0.303137 0.556681,0.281039
18 0.491567,0.615258 0.491941,0.620584 0.493688,0.624246 0.496557,0.626742 0.499176,0.627574 0.503667,0.627574 0.506536,0.625577 0.508781,0.621749 0.510403,0.615757 0.510528,0.610598 0.508657,0.607103 0.505164,0.605272 0.499301,0.604606 0.495434,0.606437 0.492690,0.609266
39 0.607757,0.490161 0.607535,0.484357 0.607902,0.478563 0.609641,0.471603 0.613118,0.467157 0.618189,0.463484 0.623839,0.462904 0.629635,0.465031 0.634126,0.468511 0.638038,0.477016 0.640936,0.485909 0.641950,0.497507 0.640646,0.507173 0.636444,0.514132 0.631518,0.517418 0.625868,0.518578 0.618479,0.515678 0.614510,0.512894 0.611669,0.507753 0.609884,0.501838 0.608192,0.494414
23 0.543495,0.316720 0.510014,0.309376 0.474698,0.306317 0.461626,0.307541 0.459104,0.313048 0.469653,0.313048 0.484559,0.310600 0.525837,0.318556
22 0.404066,0.319168 0.448096,0.310600 0.467359,0.308152 0.479743,0.308152 0.496713,0.313048 0.524232,0.318556 0.513683,0.319474 0.482953,0.319780 0.479778,0.316490 0.467359,0.317944 0.422870,0.318862
31 0.485705,0.321003 0.476532,0.318250 0.449243,0.320391 0.415073,0.320086 0.363704,0.316720 0.342148,0.314272 0.337791,0.317026 0.344441,0.321309 0.363475,0.320086 0.388472,0.321615 0.414385,0.324675 0.443509,0.324675
