56 0.170287,0.611687 0.171414,0.591981 0.173828,0.572559 0.179300,0.550568 0.187831,0.531718 0.192016,0.524007 0.201014,0.511409 0.210028,0.503126 0.219685,0.495701 0.229664,0.490560 0.237068,0.488275 0.253485,0.488275 0.263464,0.489417 0.274409,0.493987 0.284388,0.499733 0.293241,0.506302 0.306439,0.522011 0.313843,0.533435 0.328006,0.563709 0.333962,0.586557 0.337664,0.607978 0.338955,0.623970 0.338431,0.629329 0.330889,0.632286 0.331080,0.627673 0.330276,0.611108 0.326413,0.584832 0.322869,0.573108 0.317718,0.559970 0.309993,0.545404 0.302267,0.532552 0.290678,0.521414 0.279251,0.514559 0.264926,0.510275 0.250279,0.511417 0.235954,0.516558 0.225170,0.522556 0.211972,0.538308 0.201027,0.557729 0.188151,0.596286 0.185576,0.615136 0.185448,0.619436 0.171974,0.637278 0.170931,0.631109 0.170287,0.611687
5 0.486943,0.167403 0.513822,0.336482 0.500463,0.337053 0.507062,0.374467 0.509959,0.404208 0.512052,0.447651 0.513339,0.570497 0.512696,0.595916 0.511730,0.609625 0.540701,0.608768 0.724993,0.598782 0.730948,0.563367 0.735776,0.479356 0.736903,0.439086 0.735937,0.402528 0.732879,0.381965 0.725475,0.355689 0.713565,0.287961 0.677189,0.248547 0.631479,0.208848 0.613935,0.196824 0.598483,0.188256 0.570156,0.178831 0.555348,0.175118 0.537643,0.171119 0.497888,0.167978
1 0.865011,0.470967 0.889103,0.453799 0.897956,0.450371 0.905682,0.448943 0.905649,0.448857 0.907718,0.450489 0.915652,0.448280 0.921408,0.445244 0.926697,0.439999 0.935098,0.449109 0.936965,0.456010 0.935876,0.485548 0.932920,0.497418 0.926697,0.507908 0.926853,0.517018 0.928097,0.522815 0.927319,0.528888 0.928097,0.534409 0.926542,0.539102 0.929497,0.545451 0.929958,0.551664 0.928907,0.558880 0.923430,0.572780 0.915652,0.585203 0.908340,0.594588 0.877848,0.605078 0.882827,0.591552 0.885316,0.574160 0.885627,0.547107 0.882982,0.519226 0.880026,0.503215 0.874581,0.486652 0.865833,0.473373
9 0.047803,0.359146 0.048286,0.345437 0.049895,0.333442 0.052310,0.326302 0.079511,0.321446 0.133108,0.308842 0.149364,0.298845 0.180106,0.269714 0.205847,0.247135 0.214217,0.246278 0.246085,0.266556 0.237233,0.276552 0.232726,0.283978 0.231439,0.287976 0.231117,0.291975 0.231761,0.297115 0.234497,0.304256 0.251719,0.325962 0.258318,0.330531 0.263307,0.332816 0.269906,0.334244 0.277715,0.334393 0.268691,0.369986 0.269174,0.379126 0.273841,0.397690 0.290419,0.444529 0.308285,0.490830 0.329692,0.540526 0.350133,0.585080 0.363009,0.606215 0.373471,0.615926 0.384391,0.617771 0.385471,0.619686 0.338955,0.623970 0.337664,0.607978 0.333962,0.586557 0.328006,0.563709 0.313843,0.533435 0.306439,0.522011 0.293241,0.506302 0.284388,0.499733 0.274409,0.493987 0.263464,0.489417 0.253485,0.488275 0.237068,0.488275 0.229664,0.490560 0.219685,0.495701 0.210028,0.503126 0.201014,0.511409 0.190874,0.523404 0.164317,0.517122 0.138565,0.503127 0.109915,0.493131 0.103477,0.487419 0.098326,0.475995 0.106213,0.463999 0.107501,0.458858 0.106696,0.450862 0.099775,0.435439 0.081442,0.398565 0.073073,0.385141 0.065347,0.375430 0.047803,0.359146
7 0.741019,0.597783 0.741077,0.597776 0.745262,0.572357 0.750734,0.545796 0.757494,0.523519 0.765381,0.504669 0.772785,0.490960 0.785017,0.476108 0.791486,0.469380 0.792589,0.468903 0.803855,0.466903 0.819307,0.468903 0.833471,0.473758 0.847473,0.487181 0.859062,0.504069 0.867754,0.521777 0.872421,0.540056 0.874514,0.558049 0.873709,0.586895 0.871777,0.601175 0.866627,0.620025 0.859867,0.640303 0.837977,0.674862 0.823974,0.682859 0.795325,0.686857 0.783736,0.683430 0.772952,0.675433 0.764100,0.665151 0.754121,0.648586 0.747522,0.630593 0.743498,0.614028 0.741245,0.599176 0.741019,0.597783
13 0.052327,0.326299 0.052632,0.323985 0.056655,0.311990 0.062772,0.303421 0.070175,0.295424 0.080316,0.287427 0.108321,0.272862 0.127153,0.266864 0.156446,0.260866 0.165621,0.257724 0.153388,0.265150 0.147916,0.270862 0.143570,0.277146 0.141961,0.282287 0.142121,0.287427 0.144536,0.293140 0.149332,0.298865 0.133108,0.308842 0.079511,0.321446 0.052327,0.326299
35 0.523798,0.399909 0.549312,0.400814 0.560335,0.401901 0.561559,0.403169 0.562274,0.405161 0.562478,0.408602 0.562172,0.410231 0.561253,0.411680 0.558192,0.413129 0.524308,0.413129 0.519511,0.411680 0.518695,0.410050 0.517878,0.406791 0.518082,0.405161 0.519205,0.401539 0.520225,0.400633 0.522981,0.400090
69 0.493516,0.175277 0.501972,0.174989 0.522135,0.176720 0.568153,0.184799 0.604414,0.199515 0.625716,0.212788 0.660189,0.241930 0.678420,0.261009 0.685042,0.308844 0.683074,0.320190 0.682091,0.343752 0.682225,0.345823 0.680352,0.346094 0.518558,0.336283 0.493516,0.175277
67 0.231117,0.291975 0.231439,0.287976 0.232726,0.283978 0.237233,0.276552 0.246085,0.266556 0.246088,0.266307 0.281955,0.225944 0.309753,0.203042 0.321483,0.197125 0.321483,0.197125 0.305388,0.244821 0.279636,0.326818 0.277715,0.334393 0.269906,0.334244 0.263307,0.332816 0.258318,0.330531 0.251719,0.325962 0.234497,0.304256 0.231761,0.297115 0.231117,0.291975
50 0.713636,0.288364 0.721270,0.296967 0.738013,0.314344 0.738019,0.314668 0.747676,0.325236 0.751539,0.332090 0.753632,0.336945 0.753793,0.340944 0.752827,0.345799 0.750573,0.349798 0.733351,0.355795 0.728362,0.356081 0.725833,0.355030 0.725370,0.353789 0.716271,0.298808 0.715293,0.297789 0.713636,0.288364
46 0.217511,0.593898 0.222430,0.584200 0.229535,0.575471 0.243608,0.566501 0.253173,0.565531 0.263420,0.566501 0.271892,0.570137 0.281320,0.578138 0.289108,0.587594 0.297033,0.603596 0.300995,0.619598 0.303044,0.636570 0.303318,0.651877 0.301815,0.665454 0.296486,0.681941 0.288834,0.697943 0.279133,0.709096 0.269842,0.714430 0.259458,0.717824 0.246205,0.715884 0.232268,0.706914 0.222977,0.695518 0.216691,0.683153 0.211089,0.665939 0.208767,0.652362 0.207810,0.635375 0.208903,0.619131 0.212866,0.604826
52 0.339080,0.635750 0.339213,0.623947 0.351205,0.622842 0.688259,0.600773 0.700383,0.600116 0.729992,0.600116 0.736182,0.598331 0.740922,0.597794 0.740922,0.606419 0.739419,0.617087 0.340857,0.643023 0.339080,0.635750
11 0.724670,0.598800 0.724993,0.598782 0.730948,0.563367 0.735776,0.479356 0.736903,0.439086 0.735937,0.402528 0.732879,0.381965 0.725475,0.355689 0.725467,0.355644 0.728362,0.356081 0.733351,0.355795 0.750573,0.349798 0.752827,0.345799 0.753793,0.340944 0.753632,0.336945 0.751539,0.332090 0.747676,0.325236 0.738019,0.314668 0.743813,0.306957 0.744940,0.304101 0.755030,0.314681 0.764043,0.314967 0.773056,0.324392 0.800096,0.337530 0.857235,0.352409 0.901819,0.375257 0.911476,0.384111 0.893449,0.385825 0.889586,0.388395 0.887172,0.392108 0.886528,0.396678 0.887011,0.401533 0.891035,0.410387 0.905682,0.448943 0.897956,0.450371 0.889103,0.453799 0.865011,0.470967 0.857929,0.462685 0.848272,0.455830 0.836683,0.452403 0.825417,0.452117 0.816081,0.454402 0.804493,0.459543 0.794353,0.466398 0.785017,0.476108 0.772785,0.490960 0.765381,0.504669 0.757494,0.523519 0.750734,0.545796 0.745262,0.572357 0.741077,0.597776 0.725948,0.599490 0.724670,0.598800
41 0.678156,0.259101 0.716271,0.298808 0.725370,0.353789 0.689468,0.355970 0.682828,0.355098 0.682091,0.343752 0.683074,0.320190 0.685042,0.308844
3 0.268691,0.369986 0.279636,0.326818 0.305388,0.244821 0.321483,0.197125 0.337579,0.188271 0.350455,0.183131 0.383128,0.173420 0.403248,0.170564 0.424493,0.168555 0.448314,0.166841 0.470848,0.167689 0.486138,0.335911 0.500470,0.337094 0.507062,0.374467 0.509959,0.404208 0.512052,0.447651 0.513339,0.570497 0.512696,0.595916 0.511730,0.609625 0.517453,0.609456 0.386991,0.618211 0.373471,0.615926 0.363009,0.606215 0.350133,0.585080 0.329692,0.540526 0.308285,0.490830 0.290419,0.444529 0.273841,0.397690 0.269174,0.379126 0.268691,0.369986
0 0.044745,0.510871 0.045550,0.500303 0.052149,0.484595 0.052471,0.478883 0.051827,0.462603 0.053758,0.459462 0.056334,0.464888 0.063415,0.469743 0.077740,0.474599 0.095606,0.476027 0.098341,0.476027 0.103477,0.487419 0.109915,0.493131 0.138565,0.503127 0.164317,0.517122 0.190833,0.523669 0.192016,0.524007 0.187831,0.531718 0.179300,0.550568 0.173828,0.572559 0.171414,0.591981 0.170287,0.611687 0.170931,0.631109 0.174311,0.651101 0.135199,0.642533 0.108159,0.635393 0.086271,0.627398 0.074360,0.618258 0.062128,0.603693 0.057782,0.593696 0.056977,0.575418 0.052149,0.568563 0.047803,0.552855 0.045389,0.524580 0.044745,0.510871
15 0.141961,0.282287 0.143570,0.277146 0.147916,0.270862 0.153388,0.265150 0.165621,0.257724 0.165966,0.257493 0.182760,0.242988 0.204756,0.222418 0.230914,0.199473 0.260787,0.176529 0.276365,0.166299 0.274509,0.169123 0.274260,0.176170 0.275253,0.182776 0.278480,0.189823 0.248696,0.210523 0.207991,0.243555 0.205847,0.247135 0.205847,0.247135 0.180106,0.269714 0.149364,0.298845 0.149332,0.298865 0.144536,0.293140 0.142121,0.287427 0.141961,0.282287
12 0.207991,0.243555 0.248696,0.210523 0.278480,0.189823 0.275253,0.182776 0.274260,0.176170 0.274509,0.169123 0.277983,0.163838 0.302307,0.151506 0.342764,0.139615 0.413503,0.129044 0.436586,0.127283 0.465129,0.126842 0.497892,0.128163 0.525938,0.132127 0.558949,0.139615 0.580789,0.147223 0.600396,0.158233 0.613551,0.167923 0.613551,0.174970 0.611565,0.178933 0.643932,0.203243 0.673119,0.226059 0.720029,0.270982 0.740630,0.295205 0.744940,0.304101 0.743813,0.306957 0.738013,0.314344 0.721270,0.296967 0.713636,0.288364 0.706097,0.279870 0.687566,0.259580 0.685918,0.258005 0.677189,0.248547 0.631479,0.208848 0.613935,0.196824 0.598483,0.188256 0.570156,0.178831 0.555348,0.175118 0.537643,0.171119 0.497888,0.167978 0.486943,0.167403 0.455199,0.167013 0.448314,0.166841 0.424493,0.168555 0.403248,0.170564 0.383128,0.173420 0.350455,0.183131 0.337579,0.188271 0.321483,0.197125 0.309753,0.203042 0.281955,0.225944 0.246088,0.266307 0.214217,0.246278 0.205847,0.247135
6 0.723379,0.268039 0.813190,0.299455 0.847795,0.315164 0.895277,0.343438 0.907348,0.352863 0.911855,0.359718 0.921029,0.379710 0.922317,0.385994 0.917810,0.382281 0.911372,0.379710 0.906270,0.379338 0.901819,0.375257 0.857235,0.352409 0.800096,0.337530 0.773056,0.324392 0.764149,0.315078 0.764583,0.314878 0.769894,0.315164 0.774079,0.312879 0.774884,0.310308 0.774401,0.307167 0.767319,0.296599 0.758627,0.289173 0.749775,0.283461 0.736899,0.277749 0.727081,0.271751 0.723379,0.268039
35 0.299879,0.395929 0.338356,0.396653 0.340295,0.398826 0.341213,0.400456 0.341519,0.402267 0.341009,0.405708 0.340193,0.407519 0.337335,0.409330 0.299879,0.410598 0.298450,0.410236 0.296409,0.408968 0.294572,0.407519 0.293552,0.405889 0.293245,0.400818 0.294062,0.399189 0.295287,0.396834 0.298246,0.395929
7 0.184774,0.641983 0.185576,0.615136 0.188151,0.596286 0.201027,0.557729 0.211972,0.538308 0.225170,0.522556 0.235954,0.516558 0.250279,0.511417 0.264926,0.510275 0.279251,0.514559 0.290678,0.521414 0.302267,0.532552 0.309993,0.545404 0.317718,0.559970 0.322869,0.573108 0.326413,0.584832 0.330276,0.611108 0.331080,0.627673 0.330276,0.647094 0.326574,0.668229 0.320457,0.691363 0.315468,0.702787 0.305650,0.721953 0.297441,0.731378 0.287462,0.741088 0.274425,0.746229 0.255754,0.749371 0.239820,0.746515 0.223403,0.739375 0.211653,0.726522 0.201030,0.708529 0.191695,0.688537 0.185740,0.657120 0.184774,0.641983
66 0.309932,0.254919 0.327006,0.201820 0.344568,0.193741 0.388147,0.180756 0.458718,0.174120 0.465710,0.174120 0.474003,0.254912 0.480995,0.336569 0.388797,0.332529 0.317087,0.328208 0.309932,0.254919
54 0.486943,0.167403 0.513822,0.336482 0.500463,0.337053 0.500470,0.337094 0.486138,0.335911 0.470848,0.167689
62 0.928540,0.505556 0.921982,0.509678 0.918839,0.512588 0.917746,0.520346 0.916243,0.536833 0.915697,0.551380 0.916243,0.560351 0.917199,0.561321 0.919932,0.558169 0.924988,0.549198 0.927174,0.542652 0.926764,0.537803 0.928677,0.531741 0.927037,0.528347 0.928267,0.524468 0.927310,0.518406 0.926354,0.515982 0.927447,0.511133 0.927447,0.507738
73 0.046729,0.377660 0.048095,0.361174 0.049847,0.361044 0.065347,0.375430 0.073073,0.385141 0.081442,0.398565 0.099775,0.435439 0.106696,0.450862 0.107501,0.458858 0.106213,0.463999 0.098326,0.475995 0.098341,0.476027 0.095606,0.476027 0.077740,0.474599 0.063415,0.469743 0.060210,0.467546 0.059983,0.467126 0.055474,0.460095 0.052194,0.447244 0.047276,0.401906 0.046729,0.377660
46 0.792582,0.534181 0.798321,0.527150 0.804469,0.523029 0.811574,0.519634 0.819909,0.518664 0.830703,0.519634 0.840541,0.526423 0.846826,0.536848 0.851608,0.547031 0.855161,0.561821 0.855707,0.578793 0.854614,0.591643 0.852428,0.603766 0.848192,0.619040 0.841770,0.631405 0.828517,0.648879 0.817723,0.655426 0.808295,0.658335 0.797228,0.655426 0.788483,0.648637 0.782061,0.640878 0.777279,0.627059 0.774410,0.612996 0.773726,0.598934 0.774683,0.583174 0.777689,0.567900 0.781515,0.554323 0.786980,0.542927
71 0.886528,0.396678 0.887172,0.392108 0.889586,0.388395 0.893449,0.385825 0.911476,0.384111 0.914944,0.384426 0.919796,0.392540 0.922118,0.402480 0.924714,0.419210 0.926491,0.439333 0.926378,0.440316 0.921408,0.445244 0.915652,0.448280 0.907718,0.450489 0.905649,0.448857 0.891035,0.410387 0.887011,0.401533 0.886528,0.396678
47 0.159924,0.404669 0.160904,0.392665 0.163937,0.384387 0.167669,0.379006 0.172101,0.375280 0.177681,0.373398 0.184367,0.373398 0.191054,0.377160 0.196273,0.383237 0.199861,0.393076 0.201328,0.405231 0.200676,0.418253 0.197741,0.427225 0.194479,0.434170 0.187140,0.440536 0.176702,0.440536 0.169853,0.434749 0.163656,0.426067 0.160883,0.415070
21 0.689029,0.304284 0.687887,0.313545 0.686746,0.325988 0.687235,0.336696 0.705337,0.335538 0.712676,0.331197 0.714796,0.323963 0.715286,0.306889 0.711861,0.302548 0.706805,0.299654 0.700934,0.297339 0.692943,0.296760
58 0.791486,0.469380 0.794353,0.466398 0.804493,0.459543 0.816081,0.454402 0.825417,0.452117 0.836683,0.452403 0.848272,0.455830 0.857929,0.462685 0.865011,0.470967 0.865833,0.473373 0.874581,0.486652 0.880026,0.503215 0.882982,0.519226 0.885627,0.547107 0.885316,0.574160 0.882827,0.591552 0.878628,0.602960 0.877384,0.603549 0.873806,0.594315 0.872813,0.593522 0.873709,0.586895 0.874514,0.558049 0.872421,0.540056 0.867754,0.521777 0.859062,0.504069 0.847473,0.487181 0.833471,0.473758 0.819307,0.468903 0.803855,0.466903 0.792589,0.468903 0.791486,0.469380
48 0.055123,0.571674 0.061973,0.579777 0.070616,0.596562 0.066213,0.602928 0.060668,0.595115 0.057080,0.579777
27 0.681690,0.345088 0.681690,0.350876 0.501643,0.343928 0.500338,0.336982
25 0.457123,0.334369 0.498710,0.336685 0.500178,0.343341 0.278706,0.334650 0.281153,0.327415
Мелкие 0.723875,0.271602 0.728799,0.272801 0.736899,0.277749 0.749775,0.283461 0.758627,0.289173 0.767319,0.296599 0.774401,0.307167 0.774884,0.310308 0.774079,0.312879 0.769894,0.315164 0.764583,0.314878 0.764149,0.315078 0.764043,0.314967 0.755030,0.314681 0.752587,0.312119 0.754022,0.310664 0.753226,0.307683 0.750220,0.302977 0.730771,0.280230 0.723875,0.271602
29 0.747106,0.398808 0.758522,0.398519 0.760479,0.400834 0.761621,0.404307 0.760969,0.410094 0.759338,0.413278 0.745475,0.412699 0.743844,0.410094 0.743192,0.404596 0.744171,0.400834 0.746128,0.398229
19 0.814950,0.598823 0.811851,0.598534 0.810057,0.595061 0.809568,0.589563 0.811199,0.584064 0.813808,0.580302 0.817396,0.580013 0.819190,0.583485 0.819843,0.589852 0.818864,0.594772
16 0.275407,0.083345 0.275833,0.081361 0.276667,0.079882 0.277853,0.080740 0.279158,0.083055 0.307698,0.137461 0.317647,0.147300 0.307991,0.154018 0.305042,0.140574 0.301820,0.134151 0.297441,0.127141 0.300645,0.131810 0.288128,0.106858 0.279457,0.090339 0.275407,0.083345
19 0.251687,0.651199 0.250219,0.645990 0.250545,0.638755 0.252502,0.633835 0.255927,0.632388 0.258699,0.633835 0.261309,0.637887 0.262450,0.643096 0.261309,0.648884 0.259384,0.652762 0.255764,0.653803
33 0.925959,0.510689 0.919762,0.517345 0.919435,0.525738 0.920740,0.530368 0.922697,0.529210 0.924328,0.524869 0.925796,0.514162
