13 0.838694,0.249700 0.842585,0.248190 0.851338,0.246680 0.863009,0.250131 0.931333,0.284432 0.939965,0.291335 0.952730,0.310319 0.952319,0.314332 0.911524,0.305763 0.871932,0.294890 0.864909,0.290925 0.866413,0.289609 0.867993,0.284000 0.866899,0.277529 0.862523,0.270841 0.858146,0.265879 0.848299,0.258329 0.845016,0.255956 0.838694,0.249700
70 0.045552,0.473393 0.045688,0.467327 0.049615,0.419824 0.053720,0.416340 0.054071,0.415869 0.054902,0.415647 0.066426,0.414113 0.074354,0.414722 0.073259,0.416120 0.083189,0.416798 0.093373,0.419300 0.097320,0.421785 0.099229,0.423818 0.100757,0.427206 0.101266,0.430595 0.100630,0.436468 0.079214,0.489985 0.079115,0.489973 0.077009,0.490379 0.058701,0.487801 0.052163,0.483933 0.047804,0.479034 0.045552,0.473393
6 0.047892,0.417521 0.048372,0.414113 0.051541,0.406275 0.058552,0.393835 0.064793,0.380033 0.071515,0.371854 0.085248,0.356858 0.098404,0.348168 0.118282,0.333854 0.156885,0.313236 0.167929,0.307783 0.202019,0.295661 0.214023,0.290720 0.219112,0.288839 0.233325,0.282534 0.253779,0.275547 0.271832,0.268390 0.281820,0.265323 0.254451,0.279467 0.242640,0.286964 0.233805,0.297699 0.226795,0.307242 0.224106,0.314910 0.223434,0.322067 0.224586,0.327860 0.225834,0.331439 0.229003,0.333654 0.235437,0.335358 0.241196,0.336335 0.236463,0.342005 0.210493,0.353752 0.183632,0.362562 0.137293,0.379299 0.118452,0.387657 0.102157,0.395338 0.085226,0.405051 0.076442,0.412054 0.074354,0.414722 0.066426,0.414113 0.054902,0.415647 0.047892,0.417521
1 0.032402,0.494246 0.032693,0.488316 0.041556,0.473878 0.045479,0.469753 0.045334,0.472846 0.047804,0.479034 0.052163,0.483933 0.058701,0.487801 0.077009,0.490379 0.079115,0.489973 0.099102,0.492232 0.105976,0.497654 0.121762,0.505334 0.131191,0.511573 0.124958,0.516420 0.117548,0.531632 0.109557,0.552258 0.106069,0.568759 0.104035,0.585776 0.103890,0.608723 0.104762,0.614167 0.105924,0.626543 0.108830,0.648974 0.112608,0.658256 0.102437,0.657225 0.085001,0.653099 0.069308,0.643817 0.059137,0.632215 0.046351,0.615169 0.041556,0.603824 0.039667,0.591706 0.043154,0.585776 0.044462,0.553032 0.041556,0.544781 0.035889,0.535499 0.034146,0.529569 0.032402,0.494246
35 0.698098,0.396497 0.708275,0.396087 0.727356,0.394445 0.736261,0.393624 0.737186,0.394240 0.738689,0.397523 0.739036,0.401012 0.738342,0.405937 0.737417,0.407168 0.735567,0.407989 0.697173,0.409835 0.694397,0.407783 0.693472,0.404500 0.693588,0.401217 0.694282,0.399575 0.697173,0.397113
12 0.267595,0.315267 0.278493,0.304438 0.294331,0.287649 0.323245,0.256693 0.356374,0.224207 0.405631,0.184473 0.404178,0.181895 0.398656,0.175449 0.396331,0.165394 0.397058,0.159722 0.399383,0.156628 0.409263,0.150182 0.430041,0.139353 0.488161,0.124663 0.508794,0.122858 0.565316,0.123118 0.592487,0.124149 0.643342,0.130353 0.664120,0.134994 0.691146,0.143244 0.714539,0.152269 0.729505,0.159488 0.740112,0.166965 0.743745,0.175473 0.744181,0.181919 0.743745,0.187849 0.752172,0.192748 0.788788,0.219820 0.793848,0.224742 0.762706,0.243612 0.761480,0.243753 0.739967,0.222912 0.716719,0.204091 0.706104,0.196289 0.700487,0.193031 0.697560,0.191551 0.664443,0.178627 0.630318,0.172821 0.584671,0.169581 0.568062,0.169289 0.556381,0.169289 0.556375,0.169510 0.541305,0.169062 0.519550,0.168558 0.495240,0.170803 0.466518,0.176102 0.444337,0.183419 0.429114,0.189604 0.413336,0.198845 0.383619,0.220543 0.360585,0.240475 0.321341,0.277843 0.310514,0.290607 0.282707,0.319908 0.272236,0.333351 0.263197,0.321430
7 0.120358,0.618580 0.121271,0.595091 0.126597,0.565359 0.132835,0.549160 0.143485,0.530801 0.154744,0.516491 0.172546,0.504612 0.187913,0.499482 0.203128,0.500022 0.217008,0.504501 0.229843,0.516218 0.238627,0.527061 0.250721,0.549216 0.258232,0.566158 0.264724,0.589877 0.266948,0.599117 0.267487,0.609127 0.265661,0.650165 0.261249,0.668524 0.256989,0.682293 0.241622,0.711722 0.231884,0.721984 0.220473,0.731163 0.209518,0.733053 0.177567,0.731703 0.166308,0.725223 0.151701,0.711994 0.143790,0.702275 0.132987,0.683106 0.125532,0.657187 0.120815,0.635589 0.120358,0.618580
14 0.240694,0.333750 0.241966,0.327183 0.259081,0.297839 0.269605,0.284295 0.284870,0.266442 0.302448,0.248589 0.322917,0.226632 0.379235,0.174485 0.382934,0.171411 0.397334,0.159354 0.397058,0.159722 0.396331,0.165394 0.398656,0.175449 0.404178,0.181895 0.405631,0.184473 0.356374,0.224207 0.323245,0.256693 0.294331,0.287649 0.278493,0.304438 0.267595,0.315267 0.263197,0.321430 0.253267,0.331162 0.244737,0.335228 0.241555,0.335906 0.241422,0.336064 0.240694,0.333750
49 0.256068,0.358703 0.256831,0.355992 0.267016,0.340631 0.272617,0.333854 0.282707,0.319908 0.300582,0.302316 0.291607,0.358202 0.291559,0.358465 0.291543,0.358604 0.289065,0.374034 0.288452,0.376775 0.283183,0.376775 0.270453,0.374968 0.257850,0.368417 0.256068,0.362995 0.256068,0.358703
15 0.740164,0.167085 0.744922,0.170429 0.752712,0.176374 0.765276,0.185442 0.799617,0.211032 0.820139,0.231841 0.835132,0.246258 0.838694,0.249700 0.845016,0.255956 0.848299,0.258329 0.858146,0.265879 0.862523,0.270841 0.866899,0.277529 0.867993,0.284000 0.866413,0.289609 0.864909,0.290925 0.860730,0.288565 0.794023,0.224637 0.793848,0.224742 0.788788,0.219820 0.752172,0.192748 0.743745,0.187849 0.744181,0.181919 0.743745,0.175473 0.740164,0.167085
55 0.733063,0.509962 0.734572,0.507969 0.750357,0.493730 0.763215,0.485598 0.776709,0.482435 0.789440,0.481077 0.800261,0.482885 0.807899,0.485821 0.817956,0.492146 0.828013,0.502312 0.834251,0.511573 0.833709,0.510770 0.836234,0.515717 0.840732,0.522189 0.844988,0.531033 0.848635,0.543330 0.850580,0.554568 0.852039,0.567727 0.852160,0.582397 0.851674,0.603754 0.849475,0.622795 0.846698,0.630626 0.842593,0.626193 0.839380,0.620809 0.838894,0.619704 0.839386,0.603995 0.837560,0.584016 0.830713,0.557558 0.822649,0.538119 0.814281,0.525430 0.796480,0.505991 0.788263,0.501131 0.779895,0.498161 0.763919,0.497081 0.753117,0.498701 0.742771,0.503561 0.735468,0.507611 0.733063,0.509962
26 0.337096,0.371654 0.336382,0.365320 0.389209,0.359620 0.530915,0.344741 0.530558,0.351391 0.468628,0.358042
65 0.706104,0.196289 0.716719,0.204091 0.739967,0.222912 0.761667,0.244083 0.764743,0.249027 0.777473,0.262581 0.789440,0.277942 0.792750,0.284267 0.794277,0.291270 0.791604,0.300531 0.784602,0.311374 0.775564,0.322443 0.767289,0.329220 0.757868,0.331253 0.751517,0.331074 0.731555,0.267465 0.706104,0.196289
4 0.519550,0.168558 0.541305,0.169062 0.528508,0.258126 0.519124,0.344163 0.531636,0.344415 0.525096,0.396678 0.521825,0.458032 0.520119,0.549669 0.520688,0.594075 0.519835,0.623847 0.472202,0.626118 0.352338,0.629673 0.300724,0.632953 0.291482,0.632701 0.288496,0.616553 0.285794,0.593593 0.280391,0.512802 0.279112,0.489842 0.278827,0.467135 0.279112,0.441652 0.280391,0.417683 0.281955,0.405824 0.289065,0.374034 0.300582,0.302316 0.321341,0.277843 0.360585,0.240475 0.383619,0.220543 0.413336,0.198845 0.429114,0.189604 0.444337,0.183419 0.466518,0.176102 0.495240,0.170803
57 0.103890,0.608723 0.104035,0.585776 0.106069,0.568759 0.109557,0.552258 0.117548,0.531632 0.124958,0.516420 0.131191,0.511573 0.131692,0.511240 0.139967,0.501526 0.149642,0.494532 0.159189,0.490240 0.168355,0.488207 0.177267,0.487303 0.186942,0.487981 0.200181,0.492725 0.212275,0.500179 0.217008,0.504501 0.203128,0.500022 0.187913,0.499482 0.172546,0.504612 0.154744,0.516491 0.143485,0.530801 0.132835,0.549160 0.126597,0.565359 0.121271,0.595091 0.120358,0.618580 0.120735,0.632622 0.111891,0.656495 0.108830,0.648974 0.105924,0.626543 0.104762,0.614167 0.103890,0.608723
51 0.272168,0.635131 0.272472,0.635118 0.272490,0.635282 0.275119,0.635002 0.293941,0.634181 0.419943,0.627969 0.612317,0.621577 0.690055,0.621631 0.691925,0.621622 0.691931,0.621572 0.693001,0.621538 0.691038,0.640856 0.686576,0.643389 0.274488,0.653499 0.273595,0.649699 0.272168,0.635131
2 0.519852,0.623224 0.520688,0.594075 0.520119,0.549669 0.521825,0.458032 0.525096,0.396678 0.531667,0.344675 0.546712,0.342701 0.550693,0.286437 0.555954,0.186977 0.556381,0.169289 0.580552,0.169289 0.630318,0.172821 0.664443,0.178627 0.698710,0.191999 0.706104,0.196289 0.731555,0.267465 0.751746,0.331803 0.760419,0.358084 0.761841,0.363887 0.762694,0.370951 0.761130,0.381044 0.757007,0.398453 0.730133,0.476700 0.721033,0.499660 0.694018,0.560496 0.678946,0.591025 0.671126,0.603892 0.666007,0.609471 0.659040,0.614770 0.649513,0.618302 0.633730,0.619816 0.569035,0.621085 0.519852,0.623224
10 0.073259,0.416120 0.076442,0.412054 0.085226,0.405051 0.102157,0.395338 0.118452,0.387657 0.137293,0.379299 0.183632,0.362562 0.210493,0.353752 0.236463,0.342005 0.241555,0.335906 0.244737,0.335228 0.253267,0.331162 0.263197,0.321430 0.272617,0.333854 0.267016,0.340631 0.256831,0.355992 0.256068,0.358703 0.256068,0.362995 0.257850,0.368417 0.270453,0.374968 0.283183,0.376775 0.288452,0.376775 0.281955,0.405824 0.280391,0.417683 0.279112,0.441652 0.278827,0.467135 0.279112,0.489842 0.280391,0.512802 0.285794,0.593593 0.288496,0.616553 0.291482,0.632701 0.295662,0.632815 0.272490,0.635282 0.269944,0.611563 0.264724,0.589877 0.258232,0.566158 0.250721,0.549216 0.238627,0.527061 0.229843,0.516218 0.212275,0.500179 0.200181,0.492725 0.186942,0.487981 0.177267,0.487303 0.168355,0.488207 0.159189,0.490240 0.149642,0.494532 0.139967,0.501526 0.131692,0.511240 0.121762,0.505592 0.105976,0.497912 0.099102,0.492490 0.079115,0.490231 0.100630,0.436468 0.101266,0.430595 0.100757,0.427206 0.099229,0.423818 0.097320,0.421785 0.093373,0.419300 0.083189,0.416798 0.073259,0.416120
8 0.630080,0.619888 0.633730,0.619816 0.649513,0.618302 0.659040,0.614770 0.666007,0.609471 0.671126,0.603892 0.678946,0.591025 0.694018,0.560496 0.721033,0.499660 0.730133,0.476700 0.757007,0.398453 0.761130,0.381044 0.762694,0.370951 0.761841,0.363887 0.760419,0.358084 0.751746,0.331803 0.751517,0.331074 0.757868,0.331253 0.767289,0.329220 0.775564,0.322443 0.784602,0.311374 0.791604,0.300531 0.794277,0.291270 0.792750,0.284267 0.789440,0.277942 0.777473,0.262581 0.764743,0.249027 0.761676,0.243935 0.762706,0.243612 0.794023,0.224637 0.860730,0.288565 0.871932,0.294890 0.911524,0.305763 0.952388,0.314347 0.954934,0.328578 0.956335,0.345746 0.956462,0.352523 0.952643,0.353653 0.939403,0.369691 0.929474,0.389570 0.920944,0.409449 0.913179,0.429554 0.910124,0.438590 0.909614,0.443560 0.911142,0.449659 0.914579,0.456436 0.915470,0.460050 0.909105,0.473604 0.849145,0.506152 0.834251,0.511573 0.828013,0.502312 0.817956,0.492146 0.807899,0.485821 0.800261,0.482885 0.789440,0.481077 0.776709,0.482435 0.763215,0.485598 0.750357,0.493730 0.734572,0.507969 0.723624,0.522427 0.712676,0.542983 0.705801,0.558597 0.699436,0.578475 0.693707,0.606035 0.691925,0.621622 0.644695,0.621860 0.630080,0.619888
7 0.694389,0.614527 0.696073,0.594653 0.699436,0.578475 0.705801,0.558597 0.712676,0.542983 0.723624,0.522427 0.733063,0.509962 0.735468,0.507611 0.742771,0.503561 0.753117,0.498701 0.763919,0.497081 0.779895,0.498161 0.788263,0.501131 0.796480,0.505991 0.814281,0.525430 0.822649,0.538119 0.830713,0.557558 0.837560,0.584016 0.839386,0.603995 0.838625,0.628294 0.835126,0.649892 0.829800,0.669601 0.822955,0.685808 0.816565,0.697687 0.806523,0.711452 0.794503,0.723061 0.782787,0.730080 0.767725,0.732510 0.753118,0.731430 0.741098,0.727651 0.724971,0.713071 0.712951,0.696602 0.707626,0.685533 0.701387,0.669604 0.695758,0.640176 0.694389,0.614527
0 0.833709,0.510770 0.834251,0.511573 0.849145,0.506152 0.909105,0.473604 0.915470,0.460050 0.915254,0.459174 0.921578,0.459628 0.933979,0.455960 0.945407,0.450783 0.949783,0.445821 0.950756,0.443017 0.952215,0.453372 0.951972,0.463726 0.952458,0.471924 0.955619,0.480985 0.957321,0.489614 0.956591,0.505146 0.954160,0.526935 0.951972,0.541604 0.945771,0.555410 0.943948,0.561667 0.944920,0.565765 0.943826,0.571590 0.941030,0.578709 0.931669,0.590574 0.917688,0.603302 0.900182,0.612147 0.878663,0.620129 0.848635,0.630072 0.851674,0.603754 0.852160,0.582397 0.852039,0.567727 0.850580,0.554568 0.848635,0.543330 0.844988,0.531033 0.840732,0.522189 0.836234,0.515717 0.833709,0.510770
Мелкие 0.223434,0.322067 0.224106,0.314910 0.226795,0.307242 0.233805,0.297699 0.242640,0.286964 0.254451,0.279467 0.278296,0.267144 0.283067,0.265733 0.284061,0.267388 0.269605,0.284295 0.259081,0.297839 0.241966,0.327183 0.240694,0.333750 0.241422,0.336064 0.241196,0.336335 0.235437,0.335358 0.229003,0.333654 0.225834,0.331439 0.224586,0.327860 0.223434,0.322067
35 0.475021,0.414555 0.511796,0.410451 0.514108,0.411067 0.516074,0.413734 0.516653,0.415376 0.516653,0.418659 0.516537,0.420506 0.515843,0.422148 0.513993,0.423584 0.511102,0.424405 0.474558,0.427688 0.471205,0.426867 0.470395,0.425226 0.469817,0.421942 0.471205,0.417018 0.474096,0.414760
53 0.519124,0.344163 0.528508,0.258126 0.541305,0.169062 0.556375,0.169510 0.555954,0.186977 0.550693,0.286437 0.546712,0.342701 0.531667,0.344675 0.531636,0.344415 0.519124,0.344163
40 0.299423,0.313115 0.339667,0.269406 0.333075,0.326453 0.336545,0.354361 0.336892,0.375702 0.330415,0.376729 0.322089,0.376934 0.316538,0.374882 0.313531,0.372624 0.305321,0.372419 0.289709,0.374061 0.291559,0.358465 0.296994,0.328710
64 0.552543,0.341638 0.556668,0.275186 0.561782,0.178876 0.562607,0.176534 0.612098,0.179169 0.636679,0.181511 0.662910,0.185902 0.679737,0.191464 0.700523,0.201124 0.720155,0.254988 0.714216,0.327294 0.600715,0.338418 0.552543,0.341638
68 0.333075,0.326453 0.339523,0.270652 0.357052,0.253825 0.370249,0.239189 0.394665,0.220453 0.421721,0.202596 0.443002,0.194400 0.459499,0.188252 0.492164,0.180641 0.525323,0.177128 0.533902,0.177128 0.530602,0.206987 0.512785,0.346330 0.432279,0.353063 0.343689,0.364480 0.336706,0.364270 0.336545,0.354361 0.333075,0.326453
46 0.728193,0.615109 0.731584,0.601808 0.736760,0.588507 0.743006,0.575206 0.751751,0.565071 0.760318,0.558104 0.771562,0.553671 0.785839,0.554937 0.798154,0.561588 0.808327,0.576789 0.814038,0.594207 0.817429,0.615425 0.816358,0.635060 0.811717,0.654378 0.803865,0.674646 0.791372,0.691747 0.778879,0.698715 0.765672,0.701565 0.749431,0.694914 0.739080,0.682563 0.733012,0.669579 0.728907,0.657862 0.727479,0.642661 0.727479,0.629360
46 0.142052,0.609235 0.144372,0.596884 0.147763,0.585800 0.158471,0.568065 0.170429,0.559198 0.180606,0.556664 0.189172,0.556980 0.195954,0.559514 0.211659,0.571865 0.218263,0.580415 0.224509,0.592766 0.229863,0.607651 0.233610,0.624114 0.234145,0.643432 0.233253,0.658317 0.230754,0.670034 0.225043,0.682385 0.220224,0.690936 0.212372,0.699803 0.204876,0.704237 0.196488,0.706770 0.183816,0.705504 0.173287,0.700437 0.164720,0.692519 0.157760,0.681435 0.151692,0.669084 0.145981,0.653566 0.142768,0.636149 0.141519,0.623164
72 0.909614,0.443560 0.910124,0.438590 0.913179,0.429554 0.920944,0.409449 0.929474,0.389570 0.939403,0.369691 0.952643,0.353653 0.954318,0.353158 0.956096,0.353676 0.957167,0.371411 0.956096,0.402130 0.952527,0.434116 0.949809,0.445748 0.949783,0.445821 0.945407,0.450783 0.933979,0.455960 0.921578,0.459628 0.915254,0.459174 0.914579,0.456436 0.911142,0.449659 0.909614,0.443560
61 0.041405,0.543261 0.049258,0.552762 0.059966,0.560363 0.064428,0.565113 0.065677,0.589498 0.065499,0.608183 0.064606,0.612300 0.060323,0.611666 0.053898,0.605966 0.045332,0.591082 0.043725,0.581898 0.044796,0.553079
20 0.325316,0.311154 0.318891,0.311471 0.312288,0.313688 0.306755,0.317488 0.302472,0.322238 0.300509,0.326672 0.301758,0.337124 0.305685,0.349158 0.309790,0.356125 0.319427,0.360876 0.328350,0.362459 0.333169,0.360876 0.328172,0.317489 0.326744,0.313372
24 0.531985,0.352034 0.532878,0.345066 0.737226,0.325748 0.749184,0.323227 0.750969,0.332411 0.695643,0.337478
19 0.771039,0.619403 0.768362,0.620036 0.766398,0.624786 0.766398,0.633337 0.768005,0.636504 0.773716,0.638404 0.775679,0.637137 0.777285,0.633970 0.777999,0.625736 0.777464,0.622569 0.776571,0.621303 0.774786,0.619719 0.772109,0.619719
29 0.252500,0.425179 0.258747,0.423912 0.268027,0.424229 0.268920,0.425179 0.269812,0.428346 0.270169,0.434679 0.269277,0.437846 0.266600,0.439113 0.251965,0.438163 0.250716,0.435313 0.250716,0.430246 0.251430,0.427079
19 0.181736,0.636647 0.181736,0.628730 0.182272,0.627146 0.186198,0.623663 0.188875,0.623663 0.191552,0.626513 0.193158,0.631580 0.193158,0.638547 0.191731,0.641397 0.189946,0.642664 0.185306,0.642031
32 0.045153,0.552121 0.050329,0.557821 0.060858,0.565738 0.060502,0.572389 0.058895,0.579989 0.055504,0.579356 0.050864,0.573656 0.047473,0.566055
16 0.685875,0.142197 0.695334,0.131112 0.704793,0.114961 0.726031,0.075692 0.727458,0.075375 0.727637,0.078225 0.724067,0.086142 0.708719,0.114328 0.698011,0.138396 0.697118,0.149480
