9 0.750882,0.289218 0.757600,0.287902 0.773078,0.300566 0.790601,0.317011 0.809292,0.331319 0.838789,0.346120 0.877340,0.363882 0.882596,0.370789 0.884933,0.375394 0.880552,0.373420 0.871207,0.372598 0.847843,0.372269 0.825647,0.373091 0.832948,0.352041 0.800823,0.332141 0.770742,0.307637
8 0.112438,0.388992 0.113898,0.382249 0.122660,0.371231 0.148944,0.355114 0.162962,0.343602 0.172884,0.330612 0.185734,0.311535 0.197716,0.295087 0.215531,0.294594 0.188079,0.332912 0.180193,0.347056 0.176981,0.357910 0.179609,0.364652 0.190707,0.382085 0.138722,0.383072 0.119155,0.384552 0.112438,0.388992
13 0.176981,0.357910 0.180193,0.347056 0.188079,0.332912 0.190159,0.330008 0.344397,0.326880 0.582460,0.323960 0.751318,0.322985 0.787304,0.323375 0.790238,0.323519 0.800823,0.332141 0.832948,0.352041 0.825902,0.372355 0.822253,0.374036 0.802529,0.413786 0.795955,0.424697 0.795609,0.433271 0.803567,0.445546 0.789727,0.459601 0.767581,0.472656 0.748204,0.478307 0.717754,0.481230 0.670349,0.482220 0.533325,0.487091 0.389726,0.488845 0.291802,0.488066 0.270695,0.487091 0.260314,0.484558 0.247165,0.478908 0.228826,0.467801 0.216024,0.457279 0.227095,0.440524 0.227441,0.437991 0.226403,0.435653 0.214293,0.418701 0.195954,0.387330 0.191510,0.382681 0.179609,0.364652 0.176981,0.357910
0 0.109680,0.491598 0.112794,0.485557 0.117638,0.482440 0.119714,0.471138 0.114870,0.449120 0.120060,0.453212 0.128365,0.455355 0.144628,0.456914 0.204490,0.458083 0.216855,0.457962 0.228826,0.467801 0.247165,0.478908 0.260314,0.484558 0.270695,0.487091 0.291802,0.488066 0.389726,0.488845 0.533325,0.487091 0.670349,0.482220 0.717754,0.481230 0.748204,0.478307 0.767581,0.472656 0.789727,0.459601 0.801161,0.447990 0.804168,0.445787 0.822837,0.446162 0.872318,0.443434 0.885121,0.440121 0.885813,0.446356 0.884429,0.466426 0.892041,0.477532 0.895156,0.485327 0.891349,0.502278 0.886159,0.516308 0.882699,0.529583 0.874394,0.540105 0.857093,0.550822 0.838408,0.556862 0.685813,0.569917 0.620069,0.573814 0.558823,0.576347 0.448096,0.577910 0.299653,0.576547 0.287197,0.575183 0.279584,0.571286 0.266089,0.568753 0.252248,0.568168 0.243252,0.569337 0.237016,0.570512 0.232517,0.573630 0.192725,0.572071 0.163659,0.568953 0.145320,0.563497 0.134247,0.555703 0.124213,0.542454 0.109680,0.491598
48 0.133504,0.547138 0.138693,0.553513 0.157561,0.558826 0.190580,0.562544 0.266523,0.565732 0.449542,0.565732 0.682076,0.560422 0.800943,0.551125 0.846698,0.546344 0.869811,0.539438 0.877830,0.534656 0.878774,0.533063 0.808019,0.540762 0.795283,0.546871 0.711793,0.552715 0.641038,0.556434 0.463680,0.559620 0.345283,0.561480 0.234434,0.559620 0.230189,0.558824 0.227359,0.556167 0.219812,0.555370 0.169811,0.553503 0.141038,0.548988
12 0.239181,0.255398 0.253287,0.248714 0.280623,0.244232 0.304554,0.242113 0.333218,0.240335 0.355010,0.238936 0.441869,0.237028 0.533911,0.237808 0.593772,0.239174 0.622146,0.239954 0.647060,0.241513 0.673357,0.243851 0.692042,0.248527 0.719369,0.260023 0.738400,0.272883 0.757085,0.287302 0.757403,0.287941 0.750882,0.289218 0.739438,0.281262 0.715217,0.262556 0.707950,0.258659 0.660891,0.254178 0.640476,0.253203 0.620758,0.252424 0.531484,0.251645 0.461242,0.251645 0.391692,0.253013 0.343253,0.254380 0.242561,0.260030 0.233564,0.269773 0.214990,0.294444 0.197716,0.295087 0.219866,0.271098
59 0.366995,0.405757 0.648598,0.400178 0.656145,0.400178 0.659919,0.401772 0.662749,0.405491 0.660391,0.437100 0.657089,0.441350 0.646240,0.445068 0.387749,0.448787 0.380202,0.448256 0.371240,0.445334 0.369353,0.436834
73 0.795609,0.433271 0.795955,0.424697 0.802529,0.413786 0.822253,0.374036 0.825647,0.373091 0.847843,0.372269 0.871207,0.372598 0.880552,0.373420 0.884233,0.375078 0.888327,0.379632 0.893521,0.397035 0.894560,0.418094 0.893002,0.428331 0.885730,0.437252 0.885146,0.440350 0.885121,0.440121 0.872318,0.443434 0.822837,0.446162 0.803567,0.445546 0.795609,0.433271
15 0.190159,0.330008 0.215531,0.294594 0.214990,0.294444 0.233564,0.269773 0.242561,0.260030 0.293204,0.257188 0.353803,0.254196 0.435754,0.252179 0.567059,0.251955 0.620758,0.252424 0.640476,0.253203 0.660891,0.254178 0.707950,0.258659 0.715217,0.262556 0.739438,0.281262 0.750882,0.289218 0.770742,0.307637 0.790238,0.323519 0.787304,0.323375 0.751318,0.322985 0.582460,0.323960 0.344397,0.326880 0.190159,0.330008
72 0.107798,0.425461 0.110343,0.405298 0.110161,0.392197 0.112438,0.388992 0.119116,0.384655 0.142208,0.383006 0.190707,0.382085 0.191510,0.382681 0.195954,0.387330 0.214293,0.418701 0.226403,0.435653 0.227441,0.437991 0.227095,0.440524 0.216024,0.457279 0.204490,0.458083 0.144628,0.456914 0.128365,0.455355 0.120060,0.453212 0.114870,0.449120 0.114871,0.449125 0.113432,0.447978 0.109797,0.437743 0.107798,0.425461
38 0.232018,0.449150 0.276933,0.449150 0.299869,0.448523 0.305921,0.450496 0.307196,0.451662 0.307355,0.453007 0.306718,0.455429 0.304647,0.456595 0.296046,0.457492 0.258935,0.458299 0.231381,0.457850
16 0.473645,0.218845 0.472446,0.233704 0.471113,0.238432 0.467648,0.242109 0.467115,0.243535 0.471913,0.244360 0.480975,0.244135 0.480841,0.238657 0.478576,0.236856 0.479642,0.194745 0.476444,0.194370 0.475377,0.195571 0.474978,0.200749
39 0.508837,0.358176 0.518075,0.358087 0.524127,0.358446 0.529863,0.359793 0.535757,0.362483 0.541809,0.366519 0.544676,0.371721 0.545472,0.377641 0.543720,0.381049 0.538305,0.386520 0.531775,0.389659 0.521581,0.391453 0.514414,0.391722 0.504857,0.390736 0.497849,0.388942 0.491067,0.385548 0.487496,0.380959 0.486063,0.376206 0.487337,0.370286 0.490523,0.365622 0.495142,0.362752 0.500557,0.360151 0.505654,0.358896
37 0.800870,0.546385 0.816798,0.545667 0.837822,0.543515 0.861872,0.539568 0.871747,0.537236 0.875411,0.534546 0.875889,0.532034 0.869358,0.533649 0.855183,0.536071 0.827310,0.539658 0.815364,0.541631 0.805012,0.542169 0.799278,0.546116
36 0.134293,0.548073 0.137797,0.551391 0.145442,0.553275 0.153087,0.554620 0.169652,0.556772 0.205489,0.559553 0.230813,0.560270 0.229220,0.558118 0.224602,0.556414 0.220779,0.555696 0.213293,0.554889 0.186535,0.553992 0.165983,0.552831 0.149419,0.550320 0.141614,0.549603 0.135721,0.548347
