5 0.610792,0.258954 0.620400,0.283653 0.614552,0.285770 0.621653,0.288123 0.628337,0.294944 0.650894,0.310940 0.656324,0.318467 0.661337,0.334697 0.663843,0.361749 0.661337,0.394715 0.649641,0.438702 0.655071,0.448111 0.658830,0.462225 0.690995,0.419179 0.705198,0.395891 0.718147,0.347670 0.714805,0.279671 0.704780,0.270732 0.690160,0.265557 0.681388,0.232595 0.666767,0.213071 0.652147,0.197781 0.629172,0.176119 0.593248,0.152361 0.577792,0.144598 0.555235,0.136601 0.539780,0.132131 0.516805,0.129309 0.547299,0.165298 0.572780,0.198230 0.596590,0.233514
7 0.339902,0.924304 0.355948,0.910428 0.353656,0.907040 0.346206,0.902522 0.345919,0.898972 0.357667,0.883805 0.385461,0.818592 0.396063,0.792102 0.403799,0.766286 0.421851,0.725625 0.427295,0.710296 0.427438,0.706852 0.440027,0.679724 0.453713,0.655440 0.466103,0.634716 0.483302,0.610644 0.490336,0.602205 0.494917,0.602314 0.504086,0.604089 0.515261,0.607477 0.522997,0.612802 0.527868,0.619740 0.534172,0.631358 0.538183,0.659756 0.536178,0.681076 0.535605,0.701891 0.533026,0.721576 0.512395,0.796959 0.495776,0.838129 0.488040,0.853941 0.461679,0.890420 0.440762,0.913332 0.425862,0.923820 0.411536,0.928983 0.388040,0.928983 0.355661,0.927047 0.339902,0.924304
11 0.689538,0.263220 0.693629,0.263001 0.714160,0.263543 0.722822,0.270428 0.736938,0.282170 0.742391,0.288674 0.744637,0.297526 0.742071,0.301862 0.739825,0.303126 0.737259,0.307281 0.728276,0.326250 0.719921,0.345556 0.718123,0.347181 0.714805,0.279671 0.704780,0.270732 0.690160,0.265557 0.689538,0.263220
3 0.368814,0.160541 0.382298,0.149284 0.396918,0.141051 0.413627,0.135876 0.434096,0.131407 0.458324,0.128349 0.473779,0.127643 0.503020,0.127643 0.509582,0.133421 0.543167,0.175851 0.565363,0.208907 0.593400,0.256633 0.605666,0.288374 0.614552,0.285770 0.621653,0.288123 0.628337,0.294944 0.650894,0.310940 0.656324,0.318467 0.661337,0.334697 0.663843,0.361749 0.661337,0.394715 0.649641,0.438702 0.655071,0.448111 0.658623,0.461445 0.658338,0.462888 0.624455,0.515197 0.570140,0.597682 0.568576,0.560314 0.564487,0.538426 0.561859,0.530039 0.557770,0.521323 0.536158,0.492690 0.509582,0.461772 0.486802,0.428524 0.480669,0.414874 0.469279,0.404842 0.450880,0.386897 0.443287,0.378838 0.437154,0.369300 0.432481,0.366668 0.432481,0.359088 0.421675,0.353167 0.417586,0.334419 0.411161,0.292318 0.395099,0.229312 0.375823,0.176987 0.368814,0.160541
15 0.000000,0.157083 0.000377,0.136689 0.063620,0.140450 0.162296,0.147765 0.240198,0.155812 0.247587,0.158347 0.223848,0.178191 0.186013,0.211402 0.153742,0.245450 0.109230,0.295371 0.105247,0.300540 0.104940,0.300576 0.085778,0.323815 0.041290,0.375274 0.017737,0.399017 0.000000,0.414444 0.000000,0.157083
7 0.683908,0.441502 0.695535,0.422742 0.700006,0.409648 0.704478,0.399701 0.704174,0.397570 0.705198,0.395891 0.718147,0.347670 0.718123,0.347181 0.720256,0.346121 0.728276,0.326250 0.730487,0.321581 0.733991,0.322756 0.735333,0.328170 0.736227,0.342145 0.734439,0.358135 0.731756,0.373118 0.727284,0.392525 0.718340,0.425260 0.713869,0.431933 0.706043,0.437599 0.695088,0.440117 0.683908,0.441502
35 0.676463,0.323348 0.675367,0.326126 0.666599,0.330909 0.664407,0.334766 0.665777,0.340938 0.667147,0.342172 0.670983,0.342172 0.677285,0.340166 0.683313,0.336463 0.684957,0.333532 0.684135,0.328594 0.682217,0.324737 0.678929,0.323348
41 0.653764,0.203305 0.657194,0.204722 0.663139,0.210258 0.690349,0.244766 0.696751,0.245538 0.695150,0.230860 0.696294,0.228542 0.699495,0.226611 0.706812,0.224808 0.716872,0.224422 0.735393,0.224808 0.747055,0.226353 0.768091,0.230860 0.777465,0.235366 0.779752,0.237813 0.774722,0.252620 0.770377,0.258156 0.765347,0.261762 0.747969,0.263436 0.711385,0.262792 0.675715,0.262663 0.671370,0.244637 0.653764,0.203305
69 0.528101,0.138420 0.530169,0.138331 0.555787,0.143348 0.575994,0.149352 0.594452,0.157416 0.611636,0.168347 0.632799,0.184833 0.640436,0.191490 0.654328,0.204628 0.671370,0.244637 0.675715,0.262663 0.663190,0.267298 0.624047,0.282799 0.617205,0.266044 0.608136,0.246056 0.595088,0.224283 0.572494,0.195330 0.548626,0.163329 0.528737,0.140750 0.528101,0.138420
54 0.503020,0.127643 0.506903,0.127778 0.516805,0.129309 0.547299,0.165298 0.572780,0.198230 0.596590,0.233514 0.610792,0.258954 0.620400,0.283653 0.614552,0.285770 0.605666,0.288374 0.593400,0.256633 0.565363,0.208907 0.543167,0.175851 0.509582,0.133421 0.503020,0.127643
67 0.308404,0.326381 0.308862,0.313736 0.316194,0.281996 0.315764,0.282030 0.325308,0.247769 0.339032,0.212051 0.352015,0.184659 0.365739,0.166905 0.368814,0.160541 0.375823,0.176987 0.395099,0.229312 0.411161,0.292318 0.417586,0.334419 0.421675,0.353167 0.432481,0.359088 0.432481,0.366553 0.429382,0.367669 0.414260,0.371797 0.394097,0.373346 0.369351,0.366894 0.329483,0.349863 0.312070,0.337735 0.308404,0.326381
66 0.505506,0.137255 0.536375,0.175784 0.554514,0.199990 0.562947,0.212982 0.579488,0.240246 0.592376,0.266319 0.598900,0.281731 0.601923,0.291408 0.531117,0.316785 0.465561,0.338827 0.445672,0.299582 0.419577,0.257538 0.410984,0.247055 0.400165,0.213880 0.385208,0.175979 0.378684,0.167557 0.386799,0.162539 0.400801,0.155530 0.420809,0.147507 0.443387,0.142310 0.459931,0.139256 0.477666,0.137398 0.493672,0.136797
9 0.000000,0.414444 0.017737,0.399017 0.041290,0.375274 0.085778,0.323815 0.104940,0.300576 0.156722,0.294641 0.316194,0.281996 0.308862,0.313736 0.308404,0.326381 0.312070,0.337735 0.329483,0.349863 0.369351,0.366894 0.394097,0.373346 0.414260,0.371797 0.429382,0.367669 0.432481,0.366553 0.432481,0.366668 0.437154,0.369300 0.443287,0.378838 0.450880,0.386897 0.469279,0.404842 0.480669,0.414874 0.486802,0.428524 0.509582,0.461772 0.536158,0.492690 0.557770,0.521323 0.561859,0.530039 0.564487,0.538426 0.568576,0.560314 0.570099,0.596701 0.566560,0.605193 0.556351,0.621173 0.553207,0.623569 0.558570,0.603990 0.560049,0.588455 0.558570,0.571272 0.555241,0.564816 0.552652,0.562004 0.548214,0.559504 0.543775,0.558775 0.539152,0.559192 0.532124,0.562108 0.516220,0.573459 0.506049,0.583352 0.483302,0.610644 0.466103,0.634716 0.453713,0.655440 0.440027,0.679724 0.426157,0.709612 0.414137,0.719317 0.394904,0.733272 0.374746,0.744519 0.310574,0.770883 0.283019,0.784630 0.231537,0.815474 0.206025,0.832972 0.179395,0.846926 0.160716,0.855778 0.143518,0.861818 0.132976,0.863589 0.114483,0.863276 0.108750,0.861818 0.121695,0.847343 0.132976,0.831826 0.143139,0.811401 0.144063,0.802133 0.141104,0.793906 0.135002,0.788490 0.124275,0.784116 0.102453,0.777972 0.049192,0.767645 0.027740,0.764208 0.000370,0.760876 0.000000,0.414444
12 0.000000,0.088955 0.091149,0.088762 0.149403,0.090097 0.241849,0.095453 0.342843,0.099505 0.502006,0.111921 0.530544,0.119774 0.557404,0.128000 0.574578,0.135635 0.590462,0.143867 0.607507,0.156011 0.627006,0.171136 0.655415,0.197766 0.660322,0.205547 0.658557,0.204484 0.652147,0.197781 0.629172,0.176119 0.627433,0.174968 0.627264,0.174630 0.591753,0.151203 0.580648,0.145313 0.571867,0.141896 0.556727,0.137130 0.555235,0.136601 0.552923,0.135932 0.539067,0.131570 0.522682,0.130000 0.506903,0.127778 0.503020,0.127643 0.473779,0.127643 0.458324,0.128349 0.434096,0.131407 0.413627,0.135876 0.396918,0.141051 0.382298,0.149284 0.368814,0.160541 0.365739,0.166905 0.352015,0.184659 0.339032,0.212051 0.325308,0.247769 0.315764,0.282030 0.156722,0.294641 0.105247,0.300540 0.109230,0.295371 0.153742,0.245450 0.186013,0.211402 0.223848,0.178191 0.247587,0.158347 0.240198,0.155812 0.162296,0.147765 0.063620,0.140450 0.000000,0.136667 0.000000,0.088955
0 0.000000,0.928366 0.105192,0.864899 0.108819,0.861836 0.114483,0.863276 0.132976,0.863589 0.143518,0.861818 0.160716,0.855778 0.179395,0.846926 0.206025,0.832972 0.231537,0.815474 0.283019,0.784630 0.310574,0.770883 0.374746,0.744519 0.394904,0.733272 0.414137,0.719317 0.426157,0.709612 0.427438,0.706852 0.427295,0.710296 0.421851,0.725625 0.403799,0.766286 0.396063,0.792102 0.385461,0.818592 0.357667,0.883805 0.345919,0.898972 0.346206,0.902522 0.353656,0.907040 0.355948,0.910428 0.339902,0.924304 0.339942,0.924310 0.338257,0.925488 0.294155,0.965775 0.274554,0.982450 0.256259,0.999742 0.000000,1.000000 0.000000,0.928366
35 0.560835,0.403445 0.562753,0.408691 0.556999,0.415171 0.546038,0.420572 0.531790,0.419492 0.527680,0.421652 0.523296,0.425509 0.518912,0.433687 0.518912,0.440167 0.520282,0.443099 0.523296,0.445568 0.527680,0.446030 0.529872,0.445568 0.544394,0.440630 0.563027,0.429367 0.571521,0.421343 0.573987,0.414091 0.572343,0.409771 0.567959,0.404834 0.563849,0.403599
58 0.730487,0.321581 0.737259,0.307281 0.739825,0.303126 0.741646,0.302101 0.742272,0.302965 0.743677,0.307712 0.741569,0.318392 0.735982,0.338317 0.735333,0.328170 0.733991,0.322756 0.730487,0.321581
46 0.500909,0.653907 0.491135,0.654777 0.480221,0.661632 0.467628,0.680306 0.456714,0.698507 0.448318,0.717181 0.436565,0.749589 0.424811,0.793083 0.421453,0.815775 0.421033,0.839650 0.423132,0.858324 0.426910,0.866360 0.432367,0.868251 0.439503,0.868961 0.448738,0.866597 0.462171,0.857614 0.474344,0.841304 0.491974,0.812939 0.502049,0.787410 0.512123,0.755971 0.519679,0.725951 0.520260,0.706041 0.521527,0.689914 0.521273,0.673940 0.519880,0.665882 0.514182,0.658822 0.510129,0.655756 0.506203,0.654187
25 0.424983,0.354274 0.430940,0.356262 0.434029,0.358995 0.433588,0.366077 0.457857,0.358250 0.585161,0.308916 0.623992,0.292516 0.623011,0.290155 0.619413,0.287528 0.614482,0.286027 0.601023,0.291881 0.440843,0.349671
56 0.490336,0.602205 0.506049,0.583352 0.516220,0.573459 0.532124,0.562108 0.539152,0.559192 0.543775,0.558775 0.548214,0.559504 0.552652,0.562004 0.555241,0.564816 0.558570,0.571272 0.560049,0.588455 0.558570,0.603990 0.553451,0.622678 0.550467,0.627341 0.536362,0.646858 0.534172,0.631358 0.527868,0.619740 0.522997,0.612802 0.515261,0.607477 0.504086,0.604089 0.494917,0.602314 0.490336,0.602205
47 0.296718,0.567877 0.299674,0.585561 0.312605,0.605743 0.322950,0.614273 0.333665,0.617810 0.349183,0.617810 0.365809,0.611360 0.377632,0.603662 0.386869,0.595132 0.393889,0.582857 0.398692,0.568293 0.399801,0.546031 0.398323,0.534172 0.391303,0.520024 0.383544,0.509621 0.375415,0.504836 0.366179,0.501091 0.356203,0.499010 0.344380,0.499010 0.332187,0.501091 0.318886,0.508581 0.311497,0.515239 0.304107,0.525849 0.300043,0.535212 0.297457,0.550400 0.296718,0.561219
27 0.688114,0.264934 0.686790,0.262977 0.677190,0.262884 0.615452,0.285813 0.620086,0.287584 0.625880,0.291498 0.627038,0.293362 0.680997,0.269035
19 0.479325,0.748390 0.482787,0.744940 0.485584,0.744490 0.486650,0.745615 0.487049,0.752664 0.485717,0.760763 0.483599,0.765496 0.480657,0.768713 0.478979,0.770065 0.476795,0.770362 0.475285,0.769177 0.474531,0.767363 0.473937,0.761339 0.475862,0.754764 0.477461,0.750490
52 0.537741,0.646761 0.563956,0.609752 0.685442,0.426611 0.690995,0.419179 0.695792,0.411313 0.698355,0.412396 0.694294,0.422584 0.667709,0.466455 0.551033,0.644682 0.543279,0.654870 0.539587,0.655494 0.537741,0.646761
73 0.000000,0.766685 0.000370,0.760876 0.027740,0.764208 0.049192,0.767645 0.070908,0.771856 0.071341,0.771445 0.071160,0.771904 0.102453,0.777972 0.124275,0.784116 0.135002,0.788490 0.141104,0.793906 0.144063,0.802133 0.143139,0.811401 0.132976,0.831826 0.121695,0.847343 0.108750,0.861818 0.108819,0.861836 0.105192,0.864899 0.000000,0.928366 0.000000,0.766685
46 0.724787,0.340737 0.728713,0.341521 0.730233,0.345372 0.730233,0.365339 0.728460,0.374824 0.724028,0.391803 0.716809,0.413267 0.714530,0.418402 0.711997,0.420327 0.708831,0.420684 0.708198,0.418830 0.709211,0.398649 0.713263,0.367771 0.716303,0.354500 0.718836,0.347868 0.722381,0.342876
