44 0.560280,0.557855 0.563617,0.557299 0.571801,0.558890 0.588775,0.562526 0.593219,0.564192 0.594253,0.565889 0.598229,0.593187 0.598475,0.597521 0.597262,0.617292 0.593322,0.628881 0.588775,0.630472 0.570059,0.628375 0.574699,0.616558 0.575989,0.596656 0.573593,0.581177 0.567509,0.566527 0.560280,0.557855
4 0.759594,0.285906 0.773891,0.337242 0.777653,0.377014 0.786290,0.374318 0.791198,0.380681 0.798722,0.393938 0.799475,0.422709 0.796465,0.450069 0.791198,0.475738 0.795713,0.493226 0.794208,0.501970 0.787812,0.520044 0.608724,0.590279 0.610229,0.572227 0.610605,0.499735 0.608724,0.450373 0.603456,0.439372 0.600070,0.412294 0.599318,0.383241 0.621139,0.357291 0.665911,0.314937 0.684347,0.304501 0.701654,0.296885 0.721970,0.292372
2 0.769744,0.285325 0.811882,0.283915 0.843862,0.286171 0.860040,0.291531 0.873209,0.304506 0.895030,0.338072 0.909704,0.353868 0.917981,0.359509 0.920238,0.366561 0.917604,0.386870 0.911585,0.412576 0.901803,0.431757 0.890515,0.449809 0.877347,0.476042 0.862298,0.489299 0.845743,0.498043 0.801724,0.514403 0.788230,0.519689 0.794575,0.501418 0.796080,0.492674 0.791566,0.475186 0.796833,0.449518 0.799843,0.422157 0.799090,0.393386 0.791566,0.380129 0.786329,0.373586 0.797209,0.371394 0.793823,0.344316 0.783665,0.310750 0.769744,0.285325
7 0.854474,0.504278 0.861039,0.501143 0.876577,0.494252 0.882485,0.489330 0.884017,0.485229 0.882227,0.482686 0.883507,0.482143 0.898453,0.447538 0.908124,0.431224 0.916286,0.420238 0.923189,0.420916 0.930410,0.422556 0.937851,0.426840 0.940914,0.433239 0.945291,0.446036 0.944853,0.465067 0.942227,0.480489 0.937413,0.493614 0.929973,0.503786 0.921876,0.512974 0.911372,0.518716 0.897147,0.521177 0.880078,0.520685 0.870012,0.518388 0.860821,0.513630 0.854474,0.504278
7 0.402050,0.674021 0.405368,0.649420 0.408686,0.636290 0.415323,0.616526 0.421775,0.601594 0.431914,0.585562 0.448321,0.567026 0.456801,0.558734 0.457644,0.557798 0.466627,0.550271 0.475005,0.544358 0.488705,0.536064 0.492312,0.534279 0.509709,0.535239 0.530540,0.539247 0.545288,0.545625 0.556349,0.553088 0.566488,0.565250 0.572571,0.579900 0.574968,0.595379 0.573677,0.615281 0.566672,0.633123 0.556902,0.652472 0.547315,0.664772 0.534964,0.675566 0.514317,0.685794 0.490721,0.696850 0.472839,0.701273 0.456801,0.700582 0.436154,0.695330 0.417351,0.685794 0.402787,0.677087 0.402050,0.674021
9 0.849548,0.496033 0.862298,0.489299 0.877347,0.476042 0.890515,0.449809 0.901803,0.431757 0.911585,0.412576 0.917604,0.386870 0.920238,0.366561 0.917981,0.359509 0.909704,0.353868 0.902333,0.345933 0.905707,0.345172 0.912520,0.341382 0.915378,0.334955 0.914938,0.328364 0.912740,0.322926 0.898692,0.312801 0.905248,0.305173 0.909883,0.307604 0.921972,0.314690 0.933181,0.322764 0.940654,0.325895 0.953403,0.325566 0.964173,0.329026 0.976042,0.339902 0.977361,0.343692 0.976482,0.358193 0.971866,0.380463 0.973404,0.383923 0.975383,0.385901 0.962415,0.404199 0.960876,0.408154 0.954941,0.415240 0.950326,0.408813 0.944611,0.406177 0.939336,0.406177 0.935379,0.406836 0.927906,0.410956 0.917795,0.418206 0.908124,0.431224 0.898453,0.447538 0.883507,0.482143 0.856692,0.493513 0.849548,0.496033
14 0.262750,0.391606 0.264602,0.388462 0.269767,0.384298 0.275196,0.379312 0.276690,0.380221 0.293360,0.369194 0.319443,0.352874 0.343762,0.338317 0.389261,0.314351 0.420836,0.299501 0.483985,0.297443 0.528700,0.298177 0.574788,0.299648 0.625582,0.301853 0.652450,0.304211 0.656372,0.305387 0.646370,0.311268 0.627151,0.328912 0.602244,0.353025 0.557349,0.399351 0.559727,0.399834 0.559629,0.399917 0.557107,0.399405 0.532929,0.414733 0.532800,0.415168 0.499460,0.417264 0.415864,0.411029 0.391792,0.409881 0.355903,0.405943 0.283611,0.396094 0.262907,0.391724 0.262750,0.391606
11 0.317746,0.511820 0.347199,0.496660 0.415776,0.466339 0.519301,0.426597 0.529192,0.420500 0.532050,0.417699 0.532929,0.414733 0.557107,0.399405 0.567657,0.401547 0.577548,0.405996 0.570295,0.415224 0.565899,0.423134 0.566998,0.427583 0.574471,0.431208 0.588538,0.429890 0.602012,0.427824 0.603456,0.439372 0.608724,0.450373 0.610605,0.499735 0.610229,0.572227 0.608773,0.589683 0.604143,0.592419 0.598429,0.594562 0.594253,0.565889 0.580405,0.543149 0.572932,0.533921 0.561722,0.527155 0.549414,0.524025 0.537545,0.523695 0.522379,0.525013 0.508311,0.529298 0.490411,0.536607 0.476222,0.545415 0.467649,0.551547 0.457612,0.559274 0.429844,0.559293 0.404347,0.560941 0.377971,0.563743 0.352475,0.569016 0.351376,0.567862 0.369179,0.543144 0.377751,0.529632 0.380609,0.521558 0.381268,0.517438 0.379730,0.515131 0.377092,0.513318 0.372696,0.511835 0.368300,0.511176 0.332913,0.514292 0.310273,0.517752
6 0.030199,0.490618 0.035451,0.480610 0.050551,0.464532 0.065651,0.453868 0.095631,0.437438 0.121673,0.427102 0.252536,0.381820 0.250786,0.384938 0.252317,0.387563 0.261071,0.391336 0.283611,0.396094 0.355903,0.405943 0.391792,0.409881 0.415864,0.411029 0.499460,0.417264 0.532800,0.415168 0.532050,0.417699 0.529192,0.420500 0.519301,0.426597 0.415776,0.466339 0.347199,0.496660 0.317746,0.511820 0.317145,0.512297 0.312791,0.513419 0.307758,0.516208 0.304913,0.518833 0.220661,0.533435 0.180614,0.541310 0.151872,0.536720 0.112481,0.527533 0.086002,0.519493 0.084689,0.512767 0.083157,0.510798 0.079218,0.508993 0.075717,0.509157 0.068496,0.513095 0.046174,0.502267 0.036546,0.496360 0.030199,0.490618
35 0.791691,0.409171 0.785236,0.411906 0.766433,0.417376 0.764935,0.419160 0.764150,0.421954 0.765523,0.424014 0.771998,0.423573 0.794955,0.416218 0.797506,0.413864 0.797506,0.409745 0.796917,0.408568 0.793974,0.407392
12 0.270099,0.376208 0.287649,0.365620 0.352916,0.330258 0.381436,0.315341 0.418319,0.297961 0.432442,0.292821 0.455614,0.287270 0.490579,0.280486 0.538431,0.274723 0.577372,0.271331 0.626733,0.269277 0.664165,0.268557 0.723947,0.268970 0.769058,0.269998 0.820338,0.275038 0.841728,0.277608 0.864900,0.284084 0.883822,0.292410 0.901510,0.302279 0.905086,0.305048 0.898875,0.312923 0.881898,0.301764 0.864210,0.292923 0.860040,0.291428 0.843862,0.286068 0.811882,0.283812 0.783160,0.284773 0.760415,0.285727 0.759594,0.285803 0.721970,0.292269 0.701654,0.296782 0.684347,0.304398 0.665911,0.314835 0.621139,0.357188 0.611065,0.369168 0.605578,0.374211 0.580475,0.403617 0.576610,0.405471 0.567657,0.401444 0.557349,0.399351 0.602244,0.353025 0.627151,0.328912 0.646370,0.311268 0.656372,0.305387 0.652450,0.304211 0.625582,0.301853 0.574788,0.299648 0.528700,0.298177 0.483985,0.297443 0.420836,0.299501 0.389261,0.314351 0.343762,0.338317 0.319443,0.352874 0.293360,0.369194 0.276690,0.380221 0.270099,0.376208
68 0.627648,0.359952 0.667581,0.319374 0.687402,0.306757 0.728165,0.296384 0.752473,0.292178 0.757337,0.291059 0.761448,0.301711 0.768180,0.337878 0.771920,0.377130 0.726295,0.391429 0.716632,0.393240 0.716905,0.392077 0.712785,0.388252 0.694734,0.382957 0.669619,0.380309 0.653530,0.380603 0.642934,0.383251 0.629985,0.388399 0.629003,0.371777 0.627648,0.359952
53 0.759594,0.285803 0.760415,0.285727 0.769750,0.285335 0.783665,0.310750 0.793823,0.344316 0.797209,0.371394 0.789630,0.373333 0.786290,0.374318 0.777653,0.377014 0.773891,0.337242 0.759594,0.285906
64 0.775617,0.289086 0.825729,0.289086 0.855273,0.293572 0.876589,0.317404 0.880329,0.336469 0.880329,0.347123 0.800299,0.368992 0.795437,0.340114 0.784966,0.307591 0.775617,0.289086
0 0.954823,0.415075 0.954941,0.415240 0.960876,0.408154 0.962415,0.404199 0.975383,0.385901 0.975179,0.385697 0.976932,0.385653 0.977676,0.407187 0.973807,0.425263 0.967407,0.438317 0.958478,0.446574 0.957272,0.446957 0.957675,0.424779 0.956154,0.419839 0.955270,0.419249 0.955650,0.418680 0.954823,0.415075
63 0.021796,0.512991 0.023570,0.507861 0.023835,0.506710 0.029589,0.491613 0.030690,0.491062 0.036546,0.496360 0.046174,0.502267 0.068496,0.513095 0.075717,0.509157 0.079218,0.508993 0.083157,0.510798 0.084689,0.512767 0.086002,0.519493 0.112481,0.527533 0.151872,0.536720 0.180541,0.541561 0.180741,0.542222 0.149522,0.574472 0.113238,0.563369 0.076489,0.549688 0.070660,0.546648 0.064070,0.547218 0.060522,0.546268 0.056467,0.542848 0.056467,0.539237 0.040044,0.529712 0.021796,0.516031 0.021796,0.512991
46 0.899316,0.482569 0.900138,0.494431 0.902193,0.500439 0.907124,0.506293 0.913700,0.506909 0.921919,0.504136 0.929727,0.497820 0.934864,0.487961 0.940001,0.475021 0.942672,0.462081 0.940617,0.450373 0.937740,0.444981 0.932193,0.440206 0.926234,0.439590 0.917809,0.442362 0.910823,0.449911 0.905891,0.458384 0.900344,0.472864 0.899727,0.479334
46 0.463967,0.668561 0.475679,0.675031 0.482254,0.677496 0.492528,0.677496 0.508966,0.674877 0.523761,0.667483 0.532596,0.660550 0.544103,0.648226 0.554582,0.633284 0.558897,0.617109 0.559103,0.603398 0.553555,0.587223 0.545747,0.576902 0.534445,0.572589 0.521706,0.570586 0.508144,0.571510 0.486158,0.580753 0.473419,0.591691 0.462117,0.606017 0.454720,0.621422 0.452255,0.637597 0.453487,0.653772 0.460885,0.666096
40 0.598787,0.383986 0.626845,0.352948 0.629003,0.371777 0.629985,0.388399 0.642934,0.383251 0.653530,0.380603 0.669619,0.380309 0.694734,0.382957 0.712785,0.388252 0.716905,0.392077 0.713766,0.405463 0.708861,0.413848 0.694145,0.416790 0.636656,0.418849 0.601730,0.427675
35 0.909155,0.373553 0.899933,0.378113 0.892870,0.379290 0.888749,0.381349 0.888945,0.384732 0.891300,0.385909 0.909351,0.381937 0.913079,0.380319 0.914649,0.376348 0.912687,0.373994
49 0.565899,0.423134 0.570295,0.415224 0.577548,0.405996 0.580475,0.403617 0.597260,0.384064 0.598787,0.383986 0.599680,0.397245 0.600070,0.412294 0.601423,0.423112 0.601730,0.427675 0.601986,0.427611 0.602012,0.427824 0.588538,0.429890 0.574471,0.431208 0.566998,0.427583 0.565899,0.423134
65 0.860040,0.291428 0.864210,0.292923 0.881898,0.301764 0.898722,0.312822 0.912740,0.322926 0.914938,0.328364 0.915378,0.334955 0.912520,0.341382 0.905707,0.345172 0.902333,0.345933 0.895030,0.338072 0.873209,0.304506 0.860040,0.291531
57 0.492874,0.535601 0.508311,0.529298 0.522379,0.525013 0.537545,0.523695 0.549414,0.524025 0.561722,0.527155 0.572932,0.533921 0.580405,0.543149 0.593219,0.564192 0.588775,0.562526 0.571801,0.558890 0.563617,0.557299 0.560280,0.557855 0.557370,0.554365 0.546309,0.546901 0.531562,0.540524 0.510730,0.536516 0.493333,0.535556 0.492979,0.535731 0.492874,0.535601
42 0.920418,0.419459 0.921179,0.418319 0.925487,0.415848 0.953873,0.418319 0.956154,0.419839 0.957675,0.424779 0.957168,0.452711 0.957675,0.471902 0.955140,0.478362 0.941708,0.485202 0.941180,0.483345 0.942227,0.480489 0.944853,0.465067 0.945291,0.446036 0.940914,0.433239 0.937851,0.426840 0.930410,0.422556 0.923189,0.420916 0.921152,0.420716 0.920418,0.419459
1 0.005069,0.538453 0.007350,0.523442 0.016727,0.511851 0.023570,0.507861 0.021796,0.512991 0.021796,0.516031 0.040044,0.529712 0.056467,0.539237 0.056467,0.542848 0.060522,0.546268 0.064070,0.547218 0.070660,0.546648 0.076489,0.549688 0.113238,0.563369 0.162914,0.578570 0.197382,0.585600 0.253140,0.582746 0.309658,0.576476 0.347168,0.570206 0.352593,0.568889 0.377971,0.563743 0.404347,0.560941 0.429844,0.559293 0.457612,0.559274 0.458666,0.559075 0.457823,0.560011 0.449343,0.568303 0.432936,0.586839 0.422797,0.602871 0.416344,0.617803 0.409708,0.637567 0.406390,0.650697 0.403071,0.675297 0.403484,0.677013 0.392788,0.681362 0.364149,0.688202 0.285074,0.696373 0.209852,0.698845 0.186535,0.699225 0.176398,0.697325 0.156629,0.691245 0.122414,0.677944 0.068177,0.651696 0.042325,0.635165 0.019769,0.613314 0.015714,0.603624 0.016727,0.597163 0.023063,0.592797 0.020782,0.586336 0.009377,0.562395 0.005069,0.538453
55 0.916286,0.420238 0.917795,0.418206 0.927906,0.410956 0.935379,0.406836 0.939336,0.406177 0.944611,0.406177 0.950326,0.408813 0.954823,0.415075 0.955650,0.418680 0.955270,0.419249 0.956154,0.419839 0.953873,0.418319 0.925487,0.415848 0.921179,0.418319 0.920418,0.419459 0.921152,0.420716 0.916286,0.420238
72 0.971866,0.380463 0.976482,0.358193 0.977315,0.344448 0.978630,0.345131 0.981507,0.348828 0.982329,0.356531 0.981302,0.369317 0.979041,0.382565 0.976944,0.385991 0.976932,0.385653 0.975179,0.385697 0.973404,0.383923 0.971866,0.380463
70 0.149522,0.574472 0.181135,0.541998 0.243041,0.529556 0.304913,0.518833 0.310273,0.517752 0.332913,0.514292 0.368300,0.511176 0.372696,0.511835 0.377092,0.513318 0.379730,0.515131 0.381268,0.517438 0.380609,0.521558 0.377751,0.529632 0.369179,0.543144 0.351376,0.567862 0.352399,0.568936 0.347168,0.570206 0.309658,0.576476 0.253140,0.582746 0.197382,0.585600 0.162914,0.578570 0.149522,0.574472
60 0.021363,0.586977 0.024720,0.589494 0.040895,0.599790 0.060427,0.610086 0.097660,0.625873 0.100407,0.625187 0.100707,0.618386 0.117497,0.626099 0.156256,0.635251 0.169074,0.636853 0.165107,0.658360 0.160834,0.667284 0.151984,0.670029 0.108037,0.656759 0.069583,0.637082 0.050966,0.623582 0.031129,0.607566 0.027772,0.602075 0.021363,0.589719 0.021363,0.586977
59 0.024720,0.589494 0.040895,0.599790 0.060427,0.610086 0.097660,0.625873 0.100407,0.625187 0.101933,0.590638 0.100712,0.586748 0.034486,0.557461 0.016480,0.548767 0.011597,0.547623 0.007935,0.551512 0.009156,0.576681 0.017091,0.583773
61 0.152041,0.670011 0.160834,0.667284 0.165107,0.658360 0.169074,0.636853 0.184944,0.638226 0.209664,0.638454 0.310987,0.634794 0.319227,0.636166 0.332655,0.640742 0.343337,0.649666 0.341200,0.653555 0.332045,0.659275 0.317090,0.665911 0.260325,0.672775 0.207528,0.675749 0.176399,0.676436 0.160529,0.674148 0.152041,0.670011
52 0.599069,0.595265 0.619312,0.585868 0.881653,0.482999 0.884068,0.489035 0.873200,0.496580 0.599874,0.605224 0.599069,0.595265
20 0.625934,0.391279 0.639908,0.384457 0.651931,0.380803 0.659406,0.380316 0.679228,0.381290 0.700353,0.384458 0.713026,0.388843 0.716276,0.391279 0.713026,0.404679 0.700028,0.405897 0.666557,0.407115 0.633086,0.406628 0.627237,0.403948 0.623662,0.395908
26 0.787118,0.373971 0.790367,0.377869 0.715626,0.398334 0.716926,0.393218
24 0.898582,0.344734 0.787770,0.373239 0.790694,0.377624 0.902481,0.348145
29 0.596367,0.460715 0.582719,0.463882 0.579469,0.467537 0.579469,0.470217 0.581744,0.473871 0.583369,0.474602 0.589218,0.474602 0.599617,0.470947 0.602217,0.468755 0.602542,0.465344 0.599292,0.462664
16 0.739056,0.268433 0.762778,0.234813 0.774802,0.215322 0.777076,0.216297 0.744580,0.269408 0.739381,0.269408
39 0.057518,0.529199 0.057843,0.541624 0.061743,0.546253 0.066292,0.547227 0.076041,0.543086 0.080591,0.536508 0.083190,0.525788 0.081565,0.516530 0.078641,0.512145 0.070517,0.511658 0.063692,0.516043 0.058493,0.523596
22 0.308714,0.391036 0.344459,0.396396 0.357133,0.396152 0.373381,0.401512 0.400678,0.407847 0.390604,0.408821 0.303514,0.392498
31 0.278492,0.383484 0.270693,0.380560 0.266144,0.382753 0.285641,0.390305 0.288891,0.394203 0.302214,0.398101 0.328861,0.402974 0.323987,0.398589 0.299290,0.393473 0.281417,0.385676
