35 0.688362,0.534769 0.705610,0.534769 0.714693,0.535381 0.717629,0.536115 0.718638,0.537093 0.720015,0.539538 0.720015,0.541984 0.719831,0.543207 0.719281,0.544430 0.717446,0.545652 0.712675,0.545286 0.686894,0.545286 0.685977,0.545041 0.685059,0.544185 0.684050,0.542962 0.683591,0.541739 0.683683,0.540272 0.683854,0.538310 0.684692,0.536359 0.685518,0.535136
9 0.080635,0.510872 0.082913,0.498372 0.087033,0.485522 0.090276,0.478513 0.127000,0.472898 0.187916,0.464487 0.224903,0.457112 0.244010,0.450686 0.283189,0.433861 0.312989,0.412716 0.335049,0.399640 0.372031,0.401979 0.402244,0.404485 0.388078,0.418354 0.376419,0.433224 0.374789,0.439908 0.374789,0.441078 0.376419,0.445923 0.377046,0.447093 0.383440,0.454278 0.392466,0.463133 0.400991,0.470485 0.410518,0.475665 0.418166,0.477670 0.425562,0.478840 0.432081,0.479341 0.435500,0.480408 0.433840,0.490804 0.433489,0.503671 0.434363,0.515138 0.438400,0.529526 0.446562,0.552245 0.478508,0.619646 0.502292,0.677108 0.525196,0.734664 0.530664,0.745064 0.535703,0.751615 0.542277,0.756693 0.548298,0.759149 0.555032,0.759409 0.550077,0.761099 0.531320,0.766005 0.505201,0.773599 0.505289,0.747418 0.504325,0.733049 0.501783,0.714708 0.498102,0.700457 0.492580,0.687121 0.485831,0.674154 0.479170,0.664925 0.468126,0.652873 0.458397,0.644929 0.448142,0.639896 0.436923,0.635807 0.420796,0.634288 0.412119,0.634872 0.401777,0.636741 0.385474,0.641881 0.366805,0.652992 0.354710,0.663038 0.344455,0.673201 0.335252,0.683131 0.300193,0.680327 0.247867,0.672500 0.205971,0.664084 0.196330,0.658593 0.190107,0.650650 0.187214,0.644575 0.194664,0.638617 0.200887,0.631024 0.203867,0.624949 0.204306,0.622496 0.204393,0.615137 0.203342,0.610230 0.202202,0.607660 0.185724,0.579370 0.165039,0.552034 0.156713,0.541613 0.149000,0.534137 0.142514,0.529464 0.134889,0.525259 0.080635,0.510872
7 0.849636,0.741336 0.851263,0.735996 0.852515,0.728988 0.853767,0.697950 0.856146,0.655065 0.855771,0.650894 0.854189,0.648825 0.854196,0.648824 0.856923,0.634005 0.859441,0.624219 0.863741,0.612746 0.868776,0.600863 0.874231,0.591077 0.879794,0.583365 0.887321,0.582792 0.895584,0.584794 0.897963,0.586293 0.908730,0.594804 0.914614,0.604649 0.921250,0.621503 0.924755,0.639024 0.926007,0.654709 0.925632,0.680262 0.923003,0.698785 0.918621,0.716807 0.910733,0.734328 0.903722,0.744006 0.897212,0.748678 0.888072,0.752016 0.875677,0.753351 0.862406,0.750514 0.852708,0.747873 0.849636,0.741336
0 0.008869,0.662902 0.010190,0.653848 0.014341,0.639009 0.021323,0.628194 0.028305,0.620649 0.031704,0.614178 0.037754,0.650629 0.042842,0.658837 0.048733,0.664190 0.052481,0.657945 0.059711,0.641885 0.062522,0.630287 0.062346,0.629209 0.080764,0.636745 0.089877,0.638327 0.116144,0.642770 0.146147,0.645285 0.187614,0.644255 0.187214,0.644575 0.190107,0.650650 0.196330,0.658593 0.205971,0.664084 0.247867,0.672500 0.300193,0.680327 0.335173,0.683125 0.318170,0.709590 0.311329,0.723178 0.309451,0.729614 0.309744,0.730054 0.297296,0.733328 0.291069,0.737101 0.286540,0.741376 0.283143,0.748418 0.280124,0.758730 0.275784,0.777090 0.264273,0.841008 0.261443,0.847799 0.259367,0.850817 0.143412,0.855861 0.122844,0.854101 0.100011,0.848819 0.079631,0.837250 0.061327,0.822914 0.046231,0.806818 0.032079,0.784686 0.021889,0.765320 0.012077,0.722005 0.010190,0.703645 0.008869,0.662902
3 0.433489,0.503671 0.433840,0.490804 0.436473,0.474311 0.452007,0.419412 0.466839,0.358678 0.478512,0.354935 0.496942,0.350724 0.513091,0.348247 0.530994,0.346534 0.554427,0.346135 0.577456,0.346580 0.599942,0.348195 0.605769,0.348497 0.606511,0.349920 0.616218,0.376501 0.626983,0.407316 0.642867,0.473179 0.644103,0.483764 0.655233,0.484184 0.670399,0.512065 0.673929,0.522415 0.679577,0.555582 0.679224,0.620544 0.677988,0.648771 0.679577,0.657945 0.681871,0.687584 0.679400,0.708519 0.676047,0.723103 0.673521,0.730960 0.672715,0.731621 0.563289,0.758167 0.556777,0.759477 0.548298,0.759149 0.542277,0.756693 0.535703,0.751615 0.530664,0.745064 0.525196,0.734664 0.502292,0.677108 0.478508,0.619646 0.446562,0.552245 0.438400,0.529526 0.434363,0.515138 0.433489,0.503671
17 0.391524,0.835243 0.391394,0.836451 0.391718,0.837572 0.392689,0.838263 0.395344,0.838263 0.396185,0.837745 0.396897,0.836537 0.397610,0.834207 0.397415,0.833085 0.396574,0.831877 0.393855,0.831360 0.392107,0.833603 0.391589,0.834725
27 0.808567,0.499320 0.814002,0.498055 0.820731,0.498285 0.822025,0.502195 0.808309,0.501739 0.789675,0.499900 0.742918,0.496101 0.658203,0.489659 0.656723,0.484670 0.795196,0.495530 0.802529,0.497599
35 0.465786,0.540766 0.467254,0.536853 0.468355,0.535752 0.482759,0.535018 0.513127,0.535508 0.514687,0.536119 0.516522,0.537831 0.517164,0.539176 0.517439,0.541744 0.517348,0.544434 0.517072,0.545657 0.516338,0.546880 0.515421,0.547491 0.512669,0.547980 0.482209,0.548714 0.470924,0.549448 0.468080,0.548469 0.467162,0.547491 0.466520,0.546146 0.465786,0.542111 0.465786,0.540766
69 0.627824,0.357249 0.653017,0.361541 0.672338,0.366338 0.690334,0.371640 0.714012,0.382748 0.727272,0.390575 0.743183,0.401936 0.762884,0.417842 0.777280,0.431223 0.778670,0.432643 0.778579,0.434345 0.788247,0.463034 0.796456,0.494397 0.794266,0.495050 0.670375,0.485542 0.658013,0.440325 0.636014,0.378976 0.627517,0.359232 0.627824,0.357249
54 0.606187,0.347862 0.611589,0.348156 0.617678,0.349414 0.623983,0.362628 0.633337,0.385445 0.652751,0.443592 0.664448,0.484674 0.655563,0.484159 0.644046,0.483314 0.642464,0.473269 0.626580,0.407674 0.616218,0.376501 0.606511,0.349920
1 0.921197,0.583000 0.924582,0.578358 0.930876,0.571368 0.930876,0.570914 0.932199,0.572236 0.933145,0.575178 0.934406,0.585266 0.938191,0.622884 0.938979,0.640747 0.938506,0.654197 0.937560,0.662183 0.939137,0.663444 0.936456,0.671009 0.929991,0.679205 0.931095,0.674792 0.934564,0.646001 0.934091,0.629819 0.930937,0.607332 0.927153,0.596194 0.922581,0.586106 0.921197,0.583000
29 0.844779,0.532915 0.852161,0.533452 0.853235,0.534615 0.853906,0.536225 0.854175,0.539535 0.853705,0.542397 0.853034,0.543918 0.851891,0.544252 0.845316,0.543739 0.844242,0.542397 0.843369,0.539893 0.843168,0.537030 0.843638,0.534078
73 0.057569,0.595313 0.058238,0.576755 0.059711,0.561392 0.067074,0.525143 0.072028,0.510868 0.077517,0.509976 0.080691,0.510564 0.080635,0.510872 0.134889,0.525259 0.142514,0.529464 0.149000,0.534137 0.156713,0.541613 0.165039,0.552034 0.185724,0.579370 0.202202,0.607660 0.203342,0.610230 0.204393,0.615137 0.204306,0.622496 0.203867,0.624949 0.200887,0.631024 0.194664,0.638617 0.187614,0.644255 0.146147,0.645285 0.116144,0.642770 0.089877,0.638327 0.080764,0.636745 0.062346,0.629209 0.057837,0.601736 0.057569,0.595313
45 0.811041,0.717396 0.817272,0.715113 0.830825,0.710752 0.838769,0.707223 0.842508,0.701825 0.842975,0.695388 0.843182,0.692736 0.844756,0.674981 0.846854,0.659323 0.848112,0.654710 0.849161,0.652473 0.850000,0.651634 0.851259,0.649397 0.854189,0.648825 0.855771,0.650894 0.856146,0.655065 0.853767,0.697950 0.852515,0.728988 0.851263,0.735996 0.850020,0.740076 0.846247,0.742311 0.840950,0.742727 0.827242,0.739820 0.818051,0.735667 0.811352,0.731515 0.811041,0.717396
46 0.461173,0.761653 0.464006,0.772112 0.465532,0.783006 0.466404,0.795933 0.466077,0.809878 0.464660,0.823241 0.461826,0.837498 0.457903,0.849990 0.451691,0.864661 0.445043,0.875700 0.436433,0.887175 0.428042,0.896338 0.412457,0.907087 0.401995,0.911008 0.391642,0.912751 0.377583,0.910718 0.366902,0.904762 0.361017,0.899969 0.353062,0.890092 0.348811,0.882684 0.343362,0.870918 0.340529,0.860169 0.338785,0.848388 0.337913,0.833863 0.338458,0.819483 0.340420,0.803486 0.345651,0.786055 0.351318,0.771240 0.357312,0.759619 0.364505,0.749597 0.380307,0.733008 0.389462,0.726907 0.395892,0.723421 0.405373,0.720807 0.411912,0.720226 0.420631,0.720371 0.429677,0.722985 0.436651,0.726907 0.443408,0.732427 0.449620,0.739109 0.455179,0.747388 0.458557,0.754796
17 0.384661,0.811772 0.384985,0.812894 0.386863,0.814533 0.388675,0.815137 0.389646,0.814878 0.390488,0.814274 0.391783,0.811945 0.391653,0.808493 0.390553,0.806163 0.388740,0.805904 0.387057,0.806508 0.385374,0.807717 0.384467,0.808752
67 0.374789,0.439908 0.376419,0.433224 0.388078,0.418354 0.402244,0.404485 0.405246,0.402116 0.417702,0.390977 0.433312,0.379209 0.459171,0.363027 0.466809,0.358802 0.452007,0.419412 0.436473,0.474311 0.435500,0.480408 0.432081,0.479341 0.425562,0.478840 0.418166,0.477670 0.410518,0.475665 0.400991,0.470485 0.392466,0.463133 0.383440,0.454278 0.377046,0.447093 0.376419,0.445923 0.374789,0.441078 0.374789,0.439908
52 0.504828,0.775040 0.505054,0.774165 0.528866,0.766719 0.531320,0.766005 0.550077,0.761099 0.550264,0.761035 0.556459,0.759464 0.556777,0.759477 0.563289,0.758167 0.672715,0.731621 0.673400,0.731336 0.836298,0.693209 0.836350,0.692899 0.843182,0.692736 0.842975,0.695388 0.842508,0.701825 0.838769,0.707223 0.830825,0.710752 0.817272,0.715113 0.811041,0.717396 0.803051,0.718539 0.747314,0.732624 0.624250,0.766717 0.539366,0.788981 0.506129,0.797159 0.505010,0.796600 0.505705,0.786140 0.504828,0.775040
17 0.416611,0.804481 0.416611,0.805602 0.417064,0.806724 0.417906,0.806810 0.419719,0.804998 0.420755,0.802669 0.420755,0.800339 0.420172,0.799217 0.418489,0.799131 0.417647,0.799562 0.416741,0.801806
17 0.400911,0.789423 0.400911,0.792875 0.401300,0.793997 0.401883,0.795118 0.403631,0.795118 0.405443,0.793134 0.406155,0.791926 0.406738,0.788215 0.406479,0.787094 0.405638,0.786058 0.404796,0.785886 0.403231,0.785823 0.402077,0.786748 0.401041,0.788992
50 0.820780,0.496404 0.825825,0.495126 0.831115,0.492938 0.833427,0.485361 0.835840,0.488717 0.837308,0.492771 0.836784,0.496406 0.835525,0.499062 0.830910,0.501578 0.826295,0.502976 0.822762,0.502838 0.821826,0.500732 0.820780,0.496404
21 0.827148,0.463778 0.826161,0.476277 0.824433,0.487789 0.825544,0.491571 0.829369,0.492722 0.831590,0.491078 0.833811,0.484993 0.835785,0.472165 0.836032,0.464600 0.833687,0.461146 0.827394,0.457199 0.821472,0.454404 0.815055,0.453746 0.824433,0.459337 0.826407,0.462462
11 0.822762,0.502838 0.826295,0.502976 0.830910,0.501578 0.835525,0.499062 0.836784,0.496406 0.837308,0.492771 0.835840,0.488717 0.833427,0.485361 0.834791,0.477393 0.838462,0.482565 0.847693,0.488018 0.872238,0.497944 0.885559,0.502557 0.894894,0.507450 0.907062,0.515978 0.915034,0.523388 0.917240,0.527609 0.921540,0.535019 0.925946,0.544945 0.929302,0.556549 0.930876,0.566754 0.930876,0.571368 0.924582,0.578358 0.920911,0.583391 0.917974,0.579197 0.913778,0.574583 0.909478,0.571927 0.905387,0.570669 0.899723,0.570809 0.894059,0.571787 0.887870,0.574723 0.882097,0.580172 0.874231,0.591077 0.868776,0.600863 0.863741,0.612746 0.859441,0.624219 0.856923,0.634005 0.854196,0.648824 0.851259,0.649397 0.850000,0.651634 0.849161,0.652473 0.848112,0.654710 0.846854,0.659323 0.844756,0.674981 0.843182,0.692736 0.836350,0.692899 0.840710,0.666629 0.841416,0.638140 0.841593,0.575334 0.839475,0.543578 0.834533,0.522643 0.831003,0.515787 0.824650,0.507083 0.822762,0.502838
15 0.166275,0.440110 0.176398,0.432958 0.194979,0.420365 0.219387,0.406513 0.237968,0.396229 0.263164,0.384026 0.297807,0.366816 0.326309,0.355063 0.329167,0.354444 0.329237,0.354413 0.353685,0.348946 0.361412,0.348316 0.390582,0.348316 0.409345,0.351048 0.385536,0.363237 0.357785,0.380470 0.336814,0.395391 0.334348,0.400055 0.312989,0.412716 0.283189,0.433861 0.253118,0.446775 0.238978,0.446071 0.230543,0.444680 0.227464,0.444839 0.202027,0.442341 0.170565,0.439491 0.166275,0.440110
17 0.411399,0.831273 0.411141,0.832395 0.411594,0.833517 0.412435,0.833430 0.413277,0.832740 0.414766,0.830324 0.415154,0.829202 0.415154,0.826959 0.414313,0.826527 0.413471,0.827131 0.411788,0.829375 0.411399,0.830583
13 0.027446,0.496613 0.029052,0.489119 0.032533,0.479661 0.036148,0.473594 0.037754,0.473416 0.043377,0.462174 0.091173,0.458049 0.133479,0.448235 0.149545,0.442525 0.170565,0.439491 0.202027,0.442341 0.227464,0.444839 0.230833,0.445017 0.238978,0.446071 0.253118,0.446775 0.244010,0.450686 0.224903,0.457112 0.187916,0.464487 0.127000,0.472898 0.090276,0.478513 0.087033,0.485522 0.082913,0.498372 0.080691,0.510564 0.077517,0.509976 0.072028,0.510868 0.067074,0.525143 0.059711,0.561392 0.058238,0.576755 0.057569,0.595313 0.057837,0.601736 0.062522,0.630287 0.059711,0.641885 0.052481,0.657945 0.048733,0.664190 0.042842,0.658837 0.037754,0.650629 0.031060,0.610302 0.030793,0.601201 0.033069,0.593885 0.035345,0.589246 0.035478,0.560692 0.037219,0.532499 0.028651,0.525361 0.028651,0.514992 0.027446,0.511067 0.027446,0.496613
6 0.835011,0.477703 0.835326,0.476391 0.851660,0.484063 0.864378,0.492093 0.873348,0.496911 0.883523,0.500658 0.886302,0.502946 0.885559,0.502557 0.872238,0.497944 0.847693,0.488018 0.838462,0.482565 0.835011,0.477703
47 0.298164,0.578610 0.305160,0.586477 0.311062,0.590265 0.318276,0.592013 0.326584,0.591430 0.334891,0.587642 0.340138,0.582689 0.344510,0.576570 0.348008,0.566373 0.349756,0.556175 0.349538,0.545103 0.348008,0.538693 0.344728,0.531700 0.334016,0.521210 0.327895,0.518005 0.320025,0.517131 0.313904,0.517714 0.306034,0.520336 0.297727,0.528786 0.291606,0.543354 0.291169,0.551513 0.292699,0.564333 0.294448,0.572491
7 0.291609,0.846239 0.296304,0.800795 0.300463,0.775048 0.307036,0.750732 0.311061,0.738217 0.311463,0.734084 0.310524,0.731224 0.309451,0.729614 0.311329,0.723178 0.318170,0.709590 0.335173,0.683125 0.335252,0.683131 0.338702,0.679409 0.368878,0.672192 0.385109,0.669867 0.408451,0.670404 0.428170,0.678449 0.441853,0.686316 0.454731,0.697223 0.463451,0.707431 0.470292,0.717265 0.476061,0.729780 0.481426,0.742832 0.486122,0.763064 0.488000,0.783267 0.488000,0.797750 0.486926,0.813841 0.483439,0.834760 0.478878,0.851030 0.473646,0.866619 0.466536,0.883068 0.459292,0.895941 0.439304,0.921329 0.431122,0.928660 0.412207,0.941176 0.393963,0.947791 0.370622,0.949224 0.348756,0.941536 0.331719,0.927053 0.315085,0.905419 0.301670,0.878779 0.296170,0.862688 0.291609,0.846239
66 0.443521,0.472179 0.473982,0.362721 0.479279,0.360452 0.497821,0.356669 0.520525,0.353139 0.570851,0.351878 0.598853,0.353391 0.601945,0.354919 0.614022,0.389901 0.626479,0.432487 0.631044,0.451917 0.636845,0.482589 0.443521,0.472179
41 0.778579,0.434345 0.788247,0.463034 0.796456,0.494397 0.807583,0.499746 0.825825,0.495126 0.831115,0.492938 0.833428,0.482436 0.835851,0.470367 0.836744,0.464588 0.834831,0.461188 0.827689,0.457279 0.821057,0.454389 0.811875,0.453199 0.804223,0.453199 0.801162,0.455579 0.790449,0.444190 0.782797,0.435181 0.778716,0.431782
12 0.328296,0.354624 0.342329,0.349160 0.346460,0.347126 0.367846,0.339625 0.381185,0.338156 0.413596,0.336540 0.468715,0.332280 0.498590,0.331839 0.567052,0.333897 0.602439,0.338013 0.660976,0.348157 0.696253,0.361683 0.710694,0.368736 0.726789,0.379321 0.754790,0.399750 0.781908,0.424294 0.806602,0.448978 0.811893,0.453386 0.808476,0.453386 0.804770,0.452497 0.789352,0.436254 0.773292,0.420729 0.754055,0.403558 0.734994,0.388974 0.714168,0.375566 0.695637,0.367333 0.670752,0.359100 0.628395,0.350397 0.617635,0.349323 0.617678,0.349414 0.611589,0.348156 0.606187,0.347862 0.605713,0.348494 0.599942,0.348195 0.577456,0.346580 0.554427,0.346135 0.530994,0.346534 0.513091,0.348247 0.496942,0.350724 0.478512,0.354935 0.466839,0.358678 0.466809,0.358802 0.459171,0.363027 0.433312,0.379209 0.417702,0.390977 0.405246,0.402116 0.401109,0.404391 0.372031,0.401979 0.335049,0.399640 0.334348,0.400055 0.336814,0.395391 0.357785,0.380470 0.385536,0.363237 0.409345,0.351048 0.390582,0.348316 0.361412,0.348316 0.353685,0.348946 0.328296,0.354624
46 0.868384,0.685752 0.870891,0.705942 0.873725,0.715238 0.878193,0.723808 0.881789,0.728457 0.886585,0.731943 0.891598,0.732524 0.899445,0.729328 0.904458,0.724389 0.909907,0.714948 0.914593,0.703763 0.917754,0.690981 0.919062,0.674712 0.919171,0.659606 0.917536,0.646533 0.915356,0.635784 0.911978,0.627650 0.908054,0.621399 0.901515,0.615008 0.894540,0.614136 0.888001,0.616315 0.883315,0.621835 0.879283,0.627790 0.872744,0.643623 0.868929,0.662942 0.868276,0.671657
59 0.041445,0.535719 0.035350,0.563014 0.035594,0.569188 0.038520,0.580235 0.041445,0.587059 0.044371,0.578936 0.045346,0.558465 0.048272,0.540268 0.047784,0.537019 0.043640,0.535719
43 0.255785,0.850972 0.259367,0.850817 0.261443,0.847799 0.264273,0.841008 0.275784,0.777090 0.280124,0.758730 0.283143,0.748418 0.286540,0.741376 0.291069,0.737101 0.297296,0.733328 0.309744,0.730054 0.310524,0.731224 0.311463,0.734084 0.311061,0.738217 0.307036,0.750732 0.300463,0.775048 0.296304,0.800795 0.291609,0.846239 0.291188,0.849649 0.290404,0.870896 0.287006,0.902941 0.284393,0.911300 0.281257,0.914261 0.277207,0.912171 0.273679,0.907120 0.263748,0.896671 0.259044,0.889879 0.257999,0.874031 0.257999,0.860099 0.256300,0.852958 0.255785,0.850972
56 0.338973,0.679116 0.344455,0.673201 0.354710,0.663038 0.366805,0.652992 0.385474,0.641881 0.401777,0.636741 0.412119,0.634872 0.420796,0.634288 0.436923,0.635807 0.448142,0.639896 0.458397,0.644929 0.468126,0.652873 0.479170,0.664925 0.485831,0.674154 0.492580,0.687121 0.498102,0.700457 0.501783,0.714708 0.504325,0.733049 0.505289,0.747418 0.505201,0.773599 0.504828,0.775040 0.505705,0.786140 0.504938,0.797678 0.501541,0.799284 0.496610,0.797240 0.490473,0.792858 0.488000,0.791721 0.488000,0.783267 0.486122,0.763064 0.481426,0.742832 0.476061,0.729780 0.470292,0.717265 0.463451,0.707431 0.454731,0.697223 0.441853,0.686316 0.428170,0.678449 0.408451,0.670404 0.385109,0.669867 0.368878,0.672192 0.339197,0.679290 0.338973,0.679116
58 0.879794,0.583365 0.882097,0.580172 0.887870,0.574723 0.894059,0.571787 0.899723,0.570809 0.905387,0.570669 0.909478,0.571927 0.913778,0.574583 0.917974,0.579197 0.920833,0.583333 0.922581,0.586106 0.927153,0.596194 0.930937,0.607332 0.934091,0.629819 0.934564,0.646001 0.931095,0.674792 0.930295,0.677991 0.926161,0.681664 0.925406,0.681854 0.925632,0.680262 0.926007,0.654709 0.924755,0.639024 0.921250,0.621503 0.914614,0.604649 0.908730,0.594804 0.897963,0.586293 0.895584,0.584794 0.887321,0.582792 0.879794,0.583365
25 0.641035,0.483680 0.656391,0.484600 0.657599,0.489889 0.595745,0.486210 0.436408,0.479310 0.436494,0.474941 0.437357,0.472871 0.449089,0.473331
19 0.893616,0.678309 0.894846,0.680552 0.895687,0.681070 0.897435,0.681156 0.898277,0.680639 0.900025,0.677273 0.900284,0.674944 0.900284,0.670370 0.900090,0.669249 0.898795,0.666574 0.897953,0.666056 0.895324,0.665973 0.893727,0.667246 0.893033,0.669939 0.893162,0.676756
5 0.834533,0.522643 0.839475,0.543578 0.841593,0.575334 0.841416,0.638140 0.840710,0.666629 0.836298,0.693209 0.673400,0.731336 0.676047,0.723103 0.679400,0.708519 0.681871,0.687584 0.679577,0.657945 0.677988,0.648771 0.679224,0.620544 0.679577,0.555582 0.673929,0.522415 0.670399,0.512065 0.655045,0.483838 0.664222,0.484073 0.652751,0.443592 0.633337,0.385445 0.623983,0.362628 0.617635,0.349323 0.628395,0.350397 0.670752,0.359100 0.695637,0.367333 0.714168,0.375566 0.734994,0.388974 0.754055,0.403558 0.773292,0.420729 0.789352,0.436254 0.809472,0.457450 0.818473,0.486854 0.821826,0.500732 0.824650,0.507083 0.831003,0.515787
28 0.448430,0.774183 0.448339,0.776831 0.449784,0.780442 0.451590,0.781886 0.452493,0.781766 0.453396,0.780803 0.454119,0.778155 0.453848,0.775627 0.452132,0.773220 0.451229,0.772739 0.449333,0.773100
17 0.885847,0.676583 0.885588,0.678913 0.885911,0.680035 0.887659,0.681329 0.888501,0.681329 0.889408,0.680639 0.889990,0.679344 0.890120,0.676756 0.889213,0.675893 0.886494,0.676065
17 0.888631,0.660706 0.888760,0.661828 0.889925,0.664158 0.890767,0.664589 0.891673,0.664589 0.892515,0.663899 0.893033,0.662604 0.893033,0.661483 0.892645,0.660361 0.890961,0.658721 0.889278,0.658808 0.888501,0.659929
39 0.036860,0.477227 0.034406,0.491109 0.029326,0.512312 0.028213,0.514649 0.027525,0.512815 0.027064,0.500325 0.027799,0.493953 0.029749,0.486991 0.033489,0.475212 0.036148,0.473286
19 0.398257,0.821138 0.399292,0.824588 0.400004,0.825883 0.401687,0.827781 0.404212,0.829075 0.405054,0.829162 0.407643,0.828989 0.409327,0.828213 0.412887,0.824502 0.415089,0.819929 0.415801,0.816564 0.415801,0.813026 0.415283,0.810782 0.413729,0.807417 0.410363,0.804570 0.409456,0.804138 0.407643,0.804224 0.404212,0.805174 0.403371,0.805950 0.400587,0.809057 0.398839,0.812940 0.397932,0.816823 0.397997,0.820360
16 0.357633,0.335057 0.358965,0.339970 0.359989,0.346931 0.363778,0.345975 0.367669,0.344337 0.370741,0.342154 0.366168,0.338095 0.361730,0.332873 0.359989,0.332054 0.358145,0.332327
