11 0.296775,0.326729 0.299952,0.330493 0.295010,0.337550 0.290069,0.336609 0.271185,0.358956 0.253712,0.378009 0.243652,0.391182 0.233946,0.407412 0.221062,0.435404 0.218768,0.447636 0.212944,0.442243 0.211532,0.438480 0.219121,0.423425 0.232004,0.402725 0.243123,0.386965 0.268008,0.359914 0.276832,0.351211 0.284421,0.341801 0.290245,0.327217 0.294304,0.325571
11 0.181176,0.520574 0.191942,0.485290 0.194589,0.480821 0.185764,0.523397 0.181176,0.520574
10 0.704877,0.338920 0.706995,0.337038 0.710172,0.337508 0.713348,0.339860 0.717937,0.351857 0.727291,0.363383 0.758176,0.393963 0.774413,0.413722 0.797357,0.449947 0.799122,0.456298 0.797004,0.460297 0.794709,0.461002 0.788532,0.443595 0.781296,0.428070 0.771413,0.412781 0.758882,0.395609 0.726762,0.364324 0.720231,0.356797 0.713348,0.350210 0.710878,0.349505 0.704877,0.338920
1 0.168157,0.630043 0.169766,0.600259 0.176023,0.555887 0.177990,0.535872 0.180493,0.521576 0.186213,0.524912 0.185677,0.531345 0.186213,0.538493 0.187108,0.542214 0.194974,0.552698 0.202483,0.560084 0.217678,0.571283 0.236986,0.582482 0.254505,0.587962 0.265053,0.589392 0.273992,0.587009 0.307422,0.573427 0.310104,0.577716 0.382507,0.584634 0.488519,0.588459 0.493167,0.592271 0.501748,0.597036 0.511938,0.598943 0.525346,0.595130 0.533568,0.590367 0.687134,0.591087 0.713056,0.587275 0.723246,0.588943 0.744699,0.600856 0.758643,0.601571 0.781883,0.597044 0.807626,0.582278 0.817101,0.570841 0.823716,0.559404 0.824610,0.547252 0.828006,0.562263 0.832476,0.595859 0.835157,0.658048 0.832476,0.710981 0.830509,0.739097 0.832476,0.750772 0.830688,0.762924 0.824789,0.778677 0.812990,0.799168 0.796006,0.822757 0.758643,0.856830 0.738978,0.858736 0.682486,0.860649 0.608295,0.860183 0.496384,0.862337 0.419511,0.860431 0.333343,0.855269 0.271309,0.849550 0.254326,0.847168 0.236985,0.836445 0.221968,0.822387 0.192470,0.786389 0.173163,0.753984 0.170660,0.742070 0.171554,0.723485 0.168157,0.679842 0.168157,0.630043
6 0.218818,0.447367 0.221062,0.435404 0.233946,0.407412 0.243652,0.391182 0.253712,0.378009 0.271185,0.358956 0.288693,0.338237 0.298086,0.339802 0.316049,0.340083 0.383566,0.338677 0.475175,0.340793 0.652686,0.347562 0.706468,0.351790 0.711328,0.351790 0.711751,0.350381 0.712942,0.350094 0.713348,0.350210 0.718622,0.355257 0.720607,0.357230 0.726762,0.364324 0.758882,0.395609 0.771413,0.412781 0.781296,0.428070 0.788532,0.443595 0.794287,0.459812 0.794011,0.461029 0.791458,0.465081 0.781122,0.476101 0.744396,0.505123 0.729319,0.515655 0.667062,0.516790 0.563949,0.516948 0.537563,0.515485 0.536469,0.512892 0.531240,0.508030 0.523215,0.503168 0.516892,0.501548 0.511420,0.501223 0.500963,0.502844 0.496464,0.505113 0.491479,0.508841 0.487403,0.514668 0.348817,0.508358 0.290284,0.506637 0.267903,0.487133 0.233472,0.462467 0.230371,0.459724 0.221433,0.451146 0.218818,0.447367
41 0.243001,0.325327 0.243661,0.320928 0.254553,0.314989 0.262475,0.311469 0.270562,0.310369 0.280134,0.310369 0.284590,0.311909 0.289211,0.315209 0.291191,0.322687 0.291242,0.324867 0.290632,0.325993 0.290258,0.327212 0.290245,0.327217 0.284421,0.341801 0.276832,0.351211 0.268458,0.359470 0.250262,0.354582 0.247292,0.348203 0.243991,0.336765 0.243001,0.325327
12 0.290258,0.327212 0.290632,0.325993 0.306937,0.295896 0.324036,0.268373 0.342145,0.243565 0.356862,0.228372 0.366169,0.223179 0.391637,0.218353 0.419269,0.214987 0.469627,0.213449 0.514501,0.213257 0.558438,0.217206 0.578711,0.219802 0.619041,0.227980 0.637943,0.233653 0.643570,0.237115 0.650280,0.243750 0.668749,0.264918 0.682313,0.285399 0.706698,0.328204 0.712181,0.338781 0.711936,0.338814 0.710172,0.337508 0.706995,0.337038 0.705000,0.338810 0.704101,0.337820 0.682024,0.298395 0.660958,0.265605 0.648765,0.247887 0.641767,0.239810 0.637005,0.238945 0.609662,0.232401 0.567673,0.226434 0.523520,0.222971 0.479727,0.221239 0.452672,0.221527 0.422010,0.223063 0.399212,0.225082 0.386081,0.225852 0.358594,0.231140 0.352317,0.238737 0.327066,0.276546 0.308957,0.308394 0.298777,0.329100 0.296775,0.326729 0.294304,0.325571 0.290258,0.327212
14 0.294568,0.337466 0.295010,0.337550 0.299952,0.330493 0.298777,0.329100 0.308957,0.308394 0.327066,0.276546 0.352317,0.238737 0.358594,0.231140 0.386081,0.225852 0.399212,0.225082 0.422010,0.223063 0.452672,0.221527 0.479727,0.221239 0.523520,0.222971 0.567673,0.226434 0.609662,0.232401 0.637005,0.238945 0.641767,0.239810 0.648765,0.247887 0.660958,0.265605 0.682024,0.298395 0.704101,0.337820 0.705000,0.338889 0.709118,0.346401 0.709827,0.349310 0.710577,0.351790 0.706468,0.351790 0.652686,0.347562 0.475175,0.340793 0.383566,0.338677 0.316049,0.340083 0.298086,0.339802 0.296116,0.339473
71 0.185677,0.531345 0.186213,0.524912 0.185764,0.523397 0.194589,0.480821 0.199237,0.465627 0.206169,0.448249 0.210955,0.439891 0.211755,0.439075 0.212944,0.442243 0.218768,0.447636 0.221433,0.451146 0.230371,0.459724 0.233472,0.462467 0.267903,0.487133 0.290284,0.506637 0.291992,0.506687 0.302880,0.554272 0.307422,0.573427 0.273992,0.587009 0.265053,0.589392 0.254505,0.587962 0.236986,0.582482 0.217678,0.571283 0.202483,0.560084 0.194974,0.552698 0.187108,0.542214 0.186213,0.538493 0.185677,0.531345
40 0.712172,0.336512 0.712997,0.327933 0.715472,0.324634 0.720423,0.322654 0.731976,0.322874 0.745839,0.325294 0.755246,0.328813 0.761022,0.333432 0.761517,0.336732 0.759867,0.354989 0.757226,0.364227 0.755081,0.367967 0.740723,0.372366 0.736286,0.372289 0.727291,0.363383 0.717937,0.351857 0.713348,0.339860 0.712413,0.339168 0.712172,0.336512
70 0.713257,0.583712 0.722730,0.546211 0.727888,0.521710 0.728748,0.515666 0.729319,0.515655 0.744396,0.505123 0.781122,0.476101 0.791458,0.465081 0.794011,0.461029 0.794287,0.459812 0.794709,0.461002 0.797004,0.460297 0.797471,0.459415 0.798886,0.459808 0.801043,0.462683 0.808640,0.478580 0.813892,0.495956 0.817643,0.513956 0.823083,0.533456 0.824557,0.547974 0.823716,0.559404 0.817101,0.570841 0.807626,0.582278 0.781883,0.597044 0.758643,0.601571 0.744699,0.600856 0.723246,0.588943 0.721232,0.588613 0.720667,0.588087 0.713257,0.583712
60 0.264732,0.711021 0.316970,0.719540 0.356866,0.723947 0.366375,0.724427 0.366315,0.728259 0.367846,0.733615 0.371099,0.737186 0.376075,0.738206 0.517112,0.743577 0.643413,0.744607 0.646475,0.744352 0.649537,0.741801 0.652599,0.736445 0.653556,0.731344 0.653568,0.731010 0.663025,0.731010 0.721656,0.727778 0.750163,0.722945 0.741203,0.752500 0.724180,0.798475 0.717908,0.808028 0.708277,0.813999 0.706261,0.824448 0.617562,0.835201 0.494144,0.837886 0.307562,0.817287 0.306603,0.806736 0.295474,0.797956 0.285545,0.777453 0.264732,0.711021
63 0.348817,0.508358 0.487403,0.514668 0.491479,0.508841 0.496464,0.505113 0.500963,0.502844 0.511420,0.501223 0.516892,0.501548 0.523215,0.503168 0.531240,0.508030 0.536469,0.512892 0.537563,0.515485 0.563949,0.516948 0.667062,0.516790 0.728748,0.515666 0.727888,0.521710 0.722730,0.546211 0.713257,0.583712 0.720667,0.588087 0.721232,0.588613 0.713056,0.587275 0.687134,0.591087 0.533568,0.590367 0.525346,0.595130 0.511938,0.598943 0.501748,0.597036 0.493167,0.592271 0.488519,0.588459 0.382507,0.584634 0.310104,0.577716 0.307422,0.573427 0.302880,0.554272 0.291992,0.506687
59 0.366315,0.728259 0.367658,0.642300 0.368232,0.640515 0.370145,0.638729 0.373333,0.637778 0.374929,0.637454 0.567824,0.643604 0.647241,0.645134 0.650303,0.646155 0.653364,0.649215 0.655278,0.653296 0.656235,0.657377 0.653556,0.731344 0.652599,0.736445 0.649537,0.741801 0.646475,0.744352 0.643413,0.744607 0.517112,0.743577 0.376075,0.738206 0.371099,0.737186 0.367846,0.733615 0.366315,0.728259
39 0.481100,0.545289 0.482462,0.537163 0.486192,0.527604 0.492074,0.519287 0.496951,0.514985 0.499892,0.513073 0.505271,0.510779 0.513591,0.510492 0.521983,0.512308 0.528653,0.516897 0.533889,0.523015 0.537477,0.530186 0.540848,0.537834 0.542283,0.549688 0.541565,0.559152 0.540274,0.567289 0.537836,0.574172 0.533461,0.581150 0.528368,0.586695 0.521267,0.591188 0.513880,0.592717 0.508500,0.592813 0.498818,0.589180 0.491287,0.582967 0.486194,0.575317 0.483182,0.567383 0.481245,0.558110 0.480600,0.550654
61 0.706348,0.823997 0.708277,0.813999 0.717908,0.808028 0.724180,0.798475 0.741203,0.752500 0.750163,0.722945 0.761989,0.716617 0.776537,0.710448 0.790203,0.703103 0.805632,0.691352 0.817758,0.680185 0.821285,0.678422 0.823930,0.679303 0.825473,0.688117 0.825913,0.701630 0.822166,0.729245 0.817317,0.742172 0.801888,0.764205 0.776099,0.789763 0.747004,0.809740 0.744136,0.812095 0.734437,0.817970 0.707546,0.824433 0.706348,0.823997
62 0.179335,0.694919 0.179836,0.676336 0.181673,0.666433 0.184261,0.663762 0.187183,0.664652 0.191357,0.669215 0.194780,0.672663 0.204798,0.680341 0.219075,0.689805 0.233935,0.698707 0.263239,0.709945 0.265104,0.711082 0.264732,0.711021 0.285545,0.777453 0.295474,0.797956 0.306603,0.806736 0.307531,0.816947 0.298304,0.813237 0.277850,0.806004 0.252386,0.791743 0.232182,0.776721 0.199706,0.745214 0.190856,0.732863 0.182006,0.716840 0.179836,0.706046 0.179335,0.694919
22 0.433454,0.337963 0.442886,0.334625 0.455405,0.332734 0.476855,0.330621 0.504398,0.330398 0.526349,0.330843 0.564659,0.337300 0.575509,0.340749 0.513329,0.338524 0.456657,0.338633
20 0.741968,0.324262 0.749037,0.326779 0.756959,0.330516 0.759884,0.333196 0.761529,0.335145 0.761408,0.341643 0.759701,0.353826 0.728196,0.355454 0.721432,0.355373 0.718202,0.352043 0.712474,0.336727 0.712901,0.328164 0.714546,0.325727 0.717715,0.323453 0.720396,0.322885 0.731609,0.322885 0.739287,0.323697
21 0.291139,0.323230 0.290225,0.317382 0.288275,0.314458 0.283339,0.311209 0.279499,0.310560 0.269871,0.310560 0.259268,0.312428 0.249883,0.316489 0.243912,0.320956 0.242632,0.324042 0.244826,0.341504 0.253784,0.342885 0.276331,0.343129 0.282500,0.343333 0.284407,0.341502 0.291504,0.324042
31 0.368387,0.329046 0.348954,0.327457 0.349073,0.330794 0.355869,0.331589 0.364810,0.331589 0.369341,0.332860 0.371725,0.335243 0.383648,0.336356 0.401173,0.339216 0.424541,0.339216 0.405346,0.335561 0.391635,0.333972 0.375660,0.333654 0.371606,0.332224 0.369341,0.329523
30 0.321864,0.329286 0.306507,0.329509 0.301499,0.330510 0.301833,0.334626 0.308593,0.336294 0.327372,0.337852 0.357753,0.337296 0.388551,0.338301 0.422354,0.338746 0.407581,0.336521 0.364681,0.332405 0.359255,0.329958 0.358254,0.326955 0.354832,0.325620 0.351243,0.325286 0.345067,0.329958 0.340893,0.330181 0.327873,0.329291
23 0.620541,0.344939 0.588590,0.339378 0.549008,0.331274 0.533986,0.329681 0.515865,0.330794 0.515865,0.334290 0.522183,0.334925 0.526595,0.332860 0.533033,0.332224 0.566892,0.338421 0.585252,0.344142
