11 0.713284,0.466349 0.718959,0.447446 0.723107,0.419192 0.729230,0.394044 0.729230,0.376589 0.726465,0.366678 0.723305,0.359873 0.722409,0.358446 0.726704,0.358884 0.735233,0.358958 0.737585,0.359244 0.740232,0.365411 0.749055,0.376350 0.750819,0.381856 0.751408,0.390372 0.748761,0.387803 0.746605,0.388388 0.741115,0.395877 0.734841,0.409972 0.729939,0.422306 0.716313,0.466135 0.713284,0.466349
0 0.000000,0.713179 0.000135,0.613771 0.068922,0.625050 0.159505,0.637089 0.184120,0.639055 0.199545,0.638072 0.211032,0.634878 0.221535,0.627262 0.233022,0.615960 0.239650,0.607690 0.245361,0.608320 0.270988,0.609860 0.286669,0.610516 0.331993,0.610815 0.352819,0.609524 0.367543,0.606822 0.386371,0.603005 0.413437,0.595957 0.430654,0.588081 0.433051,0.592716 0.438652,0.596160 0.448853,0.596610 0.479457,0.588673 0.522263,0.580128 0.534065,0.576235 0.542266,0.560962 0.534152,0.576867 0.526833,0.592597 0.519986,0.609035 0.503459,0.651630 0.495667,0.674607 0.490001,0.684505 0.487876,0.687709 0.480085,0.693895 0.456161,0.707651 0.455249,0.707761 0.434871,0.718456 0.400207,0.734551 0.384814,0.741183 0.363218,0.748147 0.337207,0.753429 0.315851,0.755797 0.293387,0.756508 0.262223,0.755323 0.196413,0.748455 0.090171,0.733053 0.031481,0.720736 0.000000,0.713179
54 0.603622,0.273814 0.609528,0.273336 0.619997,0.287093 0.630071,0.304844 0.637515,0.320128 0.647651,0.343453 0.655157,0.367861 0.655552,0.369488 0.652787,0.370376 0.652820,0.370403 0.646077,0.372404 0.641920,0.355282 0.638340,0.343089 0.629564,0.321729 0.619518,0.301580 0.611204,0.286360 0.605315,0.276761 0.603622,0.273814
9 0.258227,0.509437 0.258627,0.507640 0.278230,0.479938 0.339238,0.453109 0.396446,0.426904 0.408248,0.418968 0.416849,0.409684 0.440052,0.375972 0.448654,0.362488 0.459855,0.362188 0.514063,0.357546 0.507862,0.384350 0.508662,0.389142 0.511663,0.394532 0.522064,0.403068 0.531665,0.408908 0.539867,0.411303 0.544867,0.410704 0.552640,0.408060 0.552640,0.408393 0.559751,0.421707 0.569035,0.434576 0.573183,0.446854 0.599257,0.499812 0.602615,0.508836 0.604787,0.522889 0.609133,0.566379 0.610101,0.566701 0.600075,0.579079 0.593274,0.586117 0.598875,0.570693 0.601275,0.554821 0.601275,0.542841 0.599474,0.532960 0.596874,0.527420 0.593473,0.522628 0.589273,0.520232 0.584672,0.519783 0.577271,0.521430 0.570870,0.525173 0.558068,0.537302 0.551267,0.546437 0.542266,0.560962 0.534065,0.576235 0.522263,0.580128 0.479457,0.588673 0.448853,0.596610 0.438652,0.596160 0.433051,0.592716 0.430651,0.588074 0.436251,0.580887 0.442252,0.571303 0.443853,0.566063 0.442652,0.560223 0.432851,0.546746 0.419849,0.534152 0.400847,0.519327 0.389645,0.515284 0.380044,0.512888 0.309834,0.511833 0.258227,0.509437
67 0.507862,0.384350 0.514063,0.357546 0.513671,0.357580 0.516474,0.353056 0.523662,0.331172 0.529413,0.317270 0.536721,0.304176 0.539974,0.300547 0.542961,0.337536 0.545331,0.385021 0.546911,0.402180 0.550862,0.402476 0.552640,0.404547 0.552640,0.408060 0.544867,0.410704 0.539867,0.411303 0.531665,0.408908 0.522064,0.403068 0.511663,0.394532 0.508662,0.389142 0.507862,0.384350
69 0.616717,0.279019 0.636081,0.280024 0.649502,0.283899 0.664073,0.292080 0.673659,0.299830 0.689380,0.316479 0.700692,0.355517 0.664648,0.366712 0.657746,0.367860 0.641641,0.322937 0.627646,0.295811 0.620360,0.285047
35 0.608275,0.436221 0.608687,0.437353 0.608275,0.438690 0.607038,0.439821 0.605527,0.440438 0.602367,0.440850 0.591926,0.443318 0.590277,0.444244 0.587804,0.448152 0.587667,0.451957 0.588904,0.454323 0.590415,0.455248 0.593437,0.455351 0.594948,0.454940 0.600032,0.452368 0.611435,0.447535 0.612946,0.446403 0.615282,0.443832 0.616381,0.441467 0.616106,0.440130 0.614595,0.437764 0.613083,0.436530 0.609786,0.435913
3 0.538813,0.302329 0.542763,0.296264 0.557775,0.285762 0.575158,0.279105 0.603602,0.273780 0.605315,0.276761 0.611204,0.286360 0.619518,0.301580 0.629564,0.321729 0.638340,0.343089 0.641920,0.355282 0.646077,0.372404 0.652820,0.370403 0.654565,0.371855 0.657132,0.375701 0.671355,0.392269 0.673725,0.400257 0.674910,0.422890 0.673132,0.444192 0.667404,0.466381 0.666416,0.477919 0.671355,0.495818 0.668843,0.509707 0.618812,0.559575 0.610911,0.566971 0.609133,0.566379 0.604787,0.522889 0.602615,0.508836 0.599257,0.499812 0.573183,0.446854 0.569035,0.434576 0.559751,0.421707 0.552640,0.408393 0.552640,0.404547 0.550862,0.402476 0.546911,0.402180 0.545331,0.385021 0.542961,0.337536 0.538813,0.302329
58 0.737900,0.403101 0.741115,0.395877 0.746605,0.388388 0.748761,0.387803 0.751058,0.390033 0.751338,0.392357 0.750647,0.401404 0.746030,0.423209 0.745850,0.419539 0.744513,0.408982 0.742446,0.405887 0.740258,0.403521 0.737900,0.403101
56 0.552300,0.545050 0.558068,0.537302 0.570870,0.525173 0.577271,0.521430 0.584672,0.519783 0.589273,0.520232 0.593473,0.522628 0.596874,0.527420 0.599474,0.532960 0.601275,0.542841 0.601275,0.554821 0.598875,0.570693 0.593782,0.584718 0.589382,0.591860 0.588869,0.591232 0.587275,0.579518 0.579720,0.556541 0.571928,0.550885 0.561067,0.545759 0.552300,0.545050
59 0.000000,0.513121 0.089199,0.524932 0.092537,0.526749 0.094054,0.530383 0.092233,0.579215 0.090413,0.583984 0.087379,0.585347 0.078884,0.585347 0.000000,0.571492
66 0.602338,0.280318 0.591410,0.282041 0.574155,0.286490 0.558051,0.292805 0.545972,0.302995 0.544055,0.305865 0.550382,0.347774 0.569362,0.395586 0.618251,0.381952 0.644134,0.373627 0.638382,0.353821 0.629563,0.329422 0.616334,0.302712 0.607323,0.286781
17 0.542797,0.638263 0.542114,0.639966 0.542569,0.643881 0.545981,0.645414 0.549392,0.645414 0.553031,0.642009 0.552576,0.640647 0.549847,0.638774 0.544616,0.638093
52 0.589382,0.591860 0.593274,0.586117 0.600075,0.579079 0.610911,0.566971 0.618812,0.559575 0.668787,0.510019 0.713231,0.466529 0.713284,0.466349 0.716313,0.466135 0.716431,0.466520 0.716795,0.468067 0.714729,0.471617 0.704160,0.484060 0.699828,0.488123 0.615431,0.576111 0.595722,0.595405 0.589788,0.599403 0.589872,0.598607
7 0.702205,0.486361 0.714729,0.471617 0.716795,0.468067 0.716431,0.466520 0.716313,0.466135 0.729939,0.422306 0.734841,0.409972 0.737900,0.403101 0.740258,0.403521 0.742446,0.405887 0.744513,0.408982 0.745850,0.419539 0.746701,0.436935 0.746701,0.450678 0.744270,0.469251 0.740744,0.479899 0.736854,0.486361 0.732234,0.490092 0.727128,0.490730 0.702205,0.489728 0.702205,0.486361
5 0.657132,0.375701 0.671355,0.392269 0.673725,0.400257 0.674910,0.422890 0.673132,0.444192 0.667404,0.466381 0.666416,0.477919 0.671355,0.495818 0.668787,0.510019 0.713231,0.466529 0.718959,0.447446 0.723107,0.419192 0.729230,0.394044 0.729230,0.376589 0.726465,0.366678 0.723305,0.359873 0.709478,0.337832 0.696441,0.319045 0.682219,0.303957 0.668392,0.291679 0.655355,0.282655 0.636392,0.275851 0.627108,0.274075 0.612886,0.272892 0.609528,0.273336 0.619997,0.287093 0.630071,0.304844 0.636589,0.320820 0.647651,0.343453 0.655157,0.367861 0.655552,0.369488 0.652787,0.370376 0.654565,0.371855
12 0.000000,0.332553 0.014435,0.324674 0.028150,0.317458 0.080642,0.291436 0.104260,0.281587 0.125899,0.274237 0.156953,0.266363 0.178992,0.262384 0.215456,0.256909 0.242204,0.254210 0.277065,0.251203 0.342480,0.248657 0.388862,0.248132 0.463393,0.250611 0.505167,0.252638 0.583405,0.258793 0.620671,0.265467 0.639404,0.270501 0.654731,0.278300 0.670258,0.290299 0.677270,0.297273 0.681578,0.303122 0.678272,0.300198 0.677070,0.299385 0.668392,0.291679 0.655355,0.282655 0.636392,0.275851 0.627108,0.274075 0.612886,0.272892 0.611727,0.273045 0.603210,0.273853 0.575158,0.279105 0.557775,0.285762 0.542763,0.296264 0.539974,0.300547 0.536721,0.304176 0.529413,0.317270 0.523662,0.331172 0.516474,0.353056 0.513671,0.357580 0.459855,0.362188 0.449177,0.362474 0.457528,0.348661 0.482568,0.315207 0.492752,0.302741 0.487720,0.302203 0.458367,0.297449 0.425300,0.293587 0.377857,0.289192 0.332330,0.285156 0.254575,0.280483 0.216596,0.279407 0.155734,0.279588 0.115079,0.281815 0.106758,0.284817 0.076786,0.297198 0.035085,0.318220 0.000100,0.336981 0.000000,0.332553
7 0.455973,0.715674 0.456071,0.707703 0.480085,0.693895 0.487876,0.687709 0.490001,0.684505 0.495667,0.674607 0.503459,0.651630 0.519986,0.609035 0.526833,0.592597 0.534152,0.576867 0.542266,0.560962 0.551267,0.546437 0.552300,0.545050 0.561067,0.545759 0.571928,0.550885 0.579720,0.556541 0.587275,0.579518 0.589872,0.598607 0.587983,0.616458 0.585150,0.632719 0.578775,0.656226 0.570984,0.678518 0.563429,0.696193 0.554457,0.707858 0.537457,0.722882 0.527777,0.727300 0.511014,0.729421 0.480321,0.727831 0.466155,0.725003 0.457384,0.718843
13 0.000000,0.613749 0.000000,0.381978 0.033148,0.385424 0.117824,0.394269 0.272078,0.407793 0.341656,0.412215 0.403686,0.415163 0.412383,0.414504 0.408248,0.418968 0.396446,0.426904 0.339238,0.453109 0.278230,0.479938 0.262414,0.502288 0.257965,0.505841 0.249432,0.518171 0.235647,0.544460 0.224489,0.572223 0.222519,0.580580 0.223504,0.585986 0.227114,0.593848 0.239914,0.607361 0.233022,0.615960 0.221535,0.627262 0.211032,0.634878 0.199545,0.638072 0.184120,0.639055 0.159505,0.637089 0.068922,0.625050 0.000000,0.613749
15 0.000000,0.337778 0.000375,0.336834 0.035085,0.318220 0.076786,0.297198 0.106758,0.284817 0.115079,0.281815 0.155734,0.279588 0.216596,0.279407 0.254575,0.280483 0.332330,0.285156 0.377857,0.289192 0.425300,0.293587 0.458367,0.297449 0.487720,0.302203 0.492752,0.302741 0.482568,0.315207 0.457528,0.348661 0.449177,0.362474 0.448654,0.362488 0.440052,0.375972 0.416849,0.409684 0.412383,0.414504 0.403686,0.415163 0.341656,0.412215 0.272078,0.407793 0.117824,0.394269 0.033148,0.385424 0.000000,0.381978 0.000000,0.337778
46 0.525168,0.676107 0.526897,0.689693 0.528705,0.694043 0.531218,0.697942 0.533675,0.699815 0.537700,0.700692 0.541414,0.700569 0.545046,0.699074 0.555849,0.688723 0.569245,0.664946 0.576807,0.637611 0.581777,0.612056 0.581345,0.592000 0.578320,0.582618 0.573350,0.576310 0.569029,0.573884 0.564276,0.573723 0.562115,0.574208 0.557146,0.576634 0.551960,0.581810 0.547207,0.587309 0.537700,0.605424 0.528625,0.629524 0.524304,0.668505
17 0.545753,0.620557 0.545071,0.624473 0.546436,0.627026 0.548028,0.627707 0.552804,0.627707 0.554396,0.626856 0.555078,0.624473 0.554396,0.623110 0.551212,0.621067 0.547573,0.619705 0.545981,0.619705
25 0.625607,0.380090 0.652715,0.370894 0.655680,0.372638 0.656633,0.375413 0.589816,0.396507 0.552860,0.407684 0.553072,0.404513 0.550954,0.401976
35 0.688645,0.397541 0.688783,0.399186 0.686035,0.400626 0.682051,0.401243 0.678754,0.402580 0.678067,0.404946 0.678204,0.407311 0.679166,0.409677 0.680402,0.410808 0.684249,0.409677 0.690019,0.406488 0.691805,0.403814 0.692217,0.401346 0.691805,0.399186 0.690019,0.397952
27 0.652927,0.370725 0.655680,0.372152 0.656951,0.374768 0.705661,0.358835 0.703966,0.356853 0.700684,0.355981
41 0.691118,0.317711 0.692904,0.317608 0.697163,0.321516 0.708704,0.337663 0.712963,0.342394 0.712688,0.335504 0.714886,0.331801 0.720382,0.330361 0.727526,0.330567 0.739203,0.331904 0.753766,0.337561 0.756926,0.340646 0.756239,0.348359 0.752942,0.355662 0.747447,0.358541 0.738516,0.358850 0.726014,0.358336 0.708704,0.356999 0.702109,0.355250 0.691118,0.317711
73 0.222519,0.580580 0.224489,0.572223 0.235647,0.544460 0.249432,0.518171 0.255496,0.509664 0.309834,0.511833 0.380044,0.512888 0.389645,0.515284 0.400847,0.519327 0.419849,0.534152 0.432851,0.546746 0.442652,0.560223 0.443853,0.566063 0.442252,0.571303 0.436251,0.580887 0.430651,0.588074 0.430654,0.588081 0.413437,0.595957 0.386371,0.603005 0.367543,0.606822 0.352819,0.609524 0.331993,0.610815 0.286669,0.610516 0.270988,0.609860 0.245361,0.608320 0.239650,0.607690 0.239914,0.607361 0.227114,0.593848 0.223504,0.585986 0.222519,0.580580
47 0.495665,0.494296 0.495671,0.487615 0.495671,0.481919 0.496720,0.475240 0.500656,0.467972 0.504854,0.464240 0.509840,0.461883 0.517449,0.462865 0.524796,0.467776 0.529519,0.476615 0.531356,0.489186 0.530831,0.500186 0.526370,0.510204 0.520335,0.516097 0.514825,0.517668 0.510364,0.517864 0.506686,0.515903 0.502225,0.512367 0.497764,0.503528 0.495665,0.494296
21 0.732020,0.332905 0.740068,0.334649 0.749175,0.337661 0.753410,0.339801 0.754575,0.341624 0.754046,0.345429 0.752140,0.349869 0.754999,0.350582 0.756799,0.347015 0.757116,0.340911 0.754999,0.338295 0.749810,0.335441 0.739327,0.332112 0.729585,0.330844 0.723020,0.331082 0.726408,0.331954
16 0.292155,0.260060 0.292155,0.269760 0.299237,0.269986 0.307674,0.267843 0.308276,0.265813 0.303756,0.263331 0.296073,0.257128 0.285074,0.242917 0.263233,0.214259 0.261726,0.213244 0.260219,0.213244 0.259315,0.214484 0.259767,0.215612 0.269259,0.227004 0.278450,0.239184 0.286887,0.251253 0.290804,0.258245
