11 0.618510,0.419376 0.618242,0.438128 0.618514,0.457428 0.617559,0.513145 0.614559,0.539001 0.622197,0.531900 0.623016,0.510960 0.625198,0.491295 0.630381,0.467989 0.635290,0.453060 0.638700,0.444138 0.640609,0.440132 0.645384,0.434852 0.649612,0.435034 0.651249,0.437037 0.652613,0.440314 0.654659,0.448690 0.656296,0.460890 0.656841,0.468901 0.657251,0.449419 0.656159,0.437219 0.653431,0.427569 0.648791,0.416997 0.645654,0.408075 0.644835,0.401156 0.643199,0.395693 0.637197,0.386953 0.630104,0.380034 0.626285,0.377849 0.624238,0.384040 0.619874,0.387500 0.611553,0.388956 0.607461,0.388956 0.607461,0.391688
9 0.286078,0.377352 0.329078,0.364779 0.352215,0.370792 0.347711,0.386099 0.348120,0.398672 0.352011,0.406871 0.366753,0.421904 0.378834,0.428464 0.393782,0.428738 0.403610,0.460170 0.404574,0.467509 0.418007,0.496508 0.446159,0.564495 0.458573,0.607983 0.461277,0.618646 0.463981,0.634231 0.467176,0.642926 0.470372,0.648340 0.474304,0.651785 0.478974,0.651621 0.474181,0.657527 0.454395,0.674096 0.455624,0.659167 0.455132,0.637348 0.453658,0.619959 0.450216,0.604210 0.445055,0.593710 0.439647,0.585672 0.433011,0.578617 0.423179,0.574844 0.416911,0.574680 0.409046,0.575993 0.403270,0.578289 0.396387,0.582227 0.389874,0.587804 0.380902,0.597155 0.371439,0.610115 0.355819,0.641127 0.333698,0.645065 0.299883,0.649167 0.276409,0.654252 0.260161,0.656218 0.250575,0.656054 0.242833,0.652445 0.237425,0.644242 0.246637,0.624694 0.248250,0.615130 0.246915,0.607823 0.240620,0.594863 0.228195,0.577626 0.214062,0.560892 0.195750,0.543995 0.175459,0.535945 0.153459,0.528887 0.122489,0.522489 0.087217,0.519536 0.097295,0.493616 0.101596,0.487382 0.106881,0.484265 0.205328,0.443405 0.237186,0.426490 0.249844,0.415827 0.268156,0.398273 0.280323,0.384165
5 0.488631,0.276796 0.499131,0.277419 0.509398,0.279288 0.520597,0.282091 0.535531,0.288009 0.559097,0.306697 0.569130,0.317287 0.584297,0.337221 0.601564,0.363696 0.606230,0.380204 0.607164,0.392663 0.618123,0.419297 0.618130,0.440006 0.618130,0.481431 0.617195,0.513835 0.614395,0.539376 0.541929,0.598976 0.546485,0.577385 0.548352,0.564303 0.546952,0.549664 0.543919,0.538451 0.546252,0.471174 0.543919,0.448748 0.540185,0.427880 0.537385,0.418225 0.526185,0.402340 0.524457,0.396853 0.530895,0.395811 0.526017,0.374456 0.516848,0.343203 0.503182,0.307763 0.493036,0.286147
7 0.301449,0.814551 0.310556,0.834039 0.321108,0.844652 0.329202,0.851019 0.342501,0.858545 0.357679,0.864333 0.370833,0.866070 0.386589,0.860281 0.405380,0.841179 0.417667,0.826707 0.428219,0.801623 0.443686,0.746036 0.445709,0.719794 0.446576,0.691232 0.445568,0.661115 0.440653,0.641627 0.433715,0.622717 0.423596,0.610754 0.416658,0.604965 0.406828,0.599948 0.397285,0.597437 0.386733,0.597244 0.379650,0.599367 0.371412,0.609975 0.362450,0.627727 0.351319,0.653776 0.339599,0.683316 0.319499,0.793704 0.314440,0.805474 0.302876,0.811842
3 0.523472,0.396050 0.515473,0.397092 0.508254,0.362193 0.501621,0.335108 0.493622,0.310628 0.485232,0.288230 0.478989,0.274167 0.443091,0.275469 0.428653,0.278334 0.416557,0.283021 0.399779,0.293960 0.395681,0.299168 0.396852,0.350474 0.394117,0.412211 0.393922,0.427576 0.404067,0.459349 0.404848,0.467445 0.414798,0.488540 0.428650,0.520313 0.446209,0.563805 0.454990,0.593251 0.461428,0.617732 0.464159,0.632837 0.467476,0.642734 0.470793,0.648203 0.474500,0.651588 0.478597,0.651328 0.485425,0.646119 0.504350,0.631014 0.533420,0.606013 0.541275,0.599222 0.546296,0.575542 0.547857,0.564343 0.546296,0.548196 0.543175,0.538300 0.545516,0.470847 0.542980,0.447646 0.538492,0.423946 0.536736,0.418217 0.525030,0.400767
13 0.000336,0.398522 0.028595,0.404135 0.238519,0.414464 0.249958,0.413790 0.236669,0.425466 0.204709,0.443210 0.104626,0.483863 0.100589,0.487007 0.096552,0.493069 0.080404,0.534608 0.073675,0.557531 0.067115,0.587169 0.064592,0.617257 0.065938,0.627586 0.074180,0.646223 0.077880,0.657674 0.060387,0.694517 0.050126,0.707989 0.039361,0.713602 0.022540,0.711806 0.000841,0.703947
0 0.298326,0.811302 0.264257,0.828321 0.213466,0.851758 0.179815,0.862639 0.153898,0.866266 0.117048,0.867941 0.080888,0.863198 0.030516,0.846736 0.000000,0.835291 0.000209,0.704708 0.023410,0.713078 0.040131,0.714752 0.050999,0.708056 0.061241,0.694664 0.078380,0.656719 0.103253,0.659230 0.154043,0.661183 0.181215,0.657277 0.225526,0.647791 0.236185,0.643885 0.242255,0.651965 0.249779,0.656429 0.261693,0.656987 0.300151,0.649454 0.337774,0.645269 0.355331,0.640805 0.338610,0.683493 0.320012,0.785344 0.318967,0.793435 0.314160,0.805712 0.302664,0.809897
7 0.620674,0.544547 0.600113,0.563920 0.601928,0.573445 0.608217,0.581033 0.615473,0.584101 0.625754,0.584585 0.634341,0.579419 0.638091,0.575550 0.643534,0.567154 0.647404,0.554400 0.652366,0.522264 0.653333,0.496432 0.653454,0.473023 0.652124,0.465435 0.648737,0.457847 0.645109,0.451712 0.638820,0.448160 0.636885,0.448806 0.632531,0.461721 0.625274,0.490782 0.622855,0.510155 0.622371,0.532435
15 0.000000,0.382888 0.000069,0.397795 0.028117,0.403683 0.122131,0.408561 0.234216,0.413714 0.250204,0.413254 0.257509,0.407827 0.268480,0.397333 0.285433,0.376911 0.293333,0.364850 0.314455,0.338727 0.334509,0.315821 0.347822,0.302290 0.358918,0.290423 0.316728,0.285726 0.279445,0.283794 0.232773,0.281953 0.194511,0.282138 0.153289,0.285083 0.136259,0.291893 0.115172,0.304128 0.037834,0.352618 0.016815,0.368901
35 0.547808,0.440757 0.554736,0.440080 0.559805,0.437374 0.562170,0.435118 0.564366,0.436021 0.564535,0.440306 0.563353,0.443238 0.547808,0.448651 0.546119,0.446846 0.546119,0.443689
12 0.286098,0.377263 0.328870,0.364084 0.352453,0.370307 0.367436,0.341919 0.385803,0.311273 0.399578,0.292562 0.416659,0.282147 0.428470,0.277767 0.442614,0.274848 0.499214,0.273871 0.515837,0.277667 0.531001,0.284479 0.557466,0.304333 0.563746,0.310857 0.578911,0.328862 0.596786,0.355731 0.598828,0.355828 0.575498,0.322642 0.561710,0.306185 0.547931,0.292852 0.532912,0.280882 0.519789,0.273388 0.482808,0.262382 0.429213,0.254692 0.402877,0.252254 0.349277,0.250991 0.252943,0.257124 0.208980,0.265007 0.159824,0.279414 0.141507,0.285939 0.103510,0.306675 0.035578,0.353696 0.099371,0.313403 0.136353,0.291592 0.152760,0.284969 0.195075,0.281850 0.230215,0.281461 0.315996,0.285404 0.360143,0.290081 0.321362,0.331256 0.293772,0.365079
35 0.427482,0.479560 0.432551,0.475725 0.447588,0.472342 0.457211,0.468876 0.459753,0.470312 0.461274,0.475725 0.460429,0.478883 0.439309,0.487453 0.430523,0.490160 0.428158,0.488356 0.427313,0.484296
54 0.480112,0.274621 0.486667,0.274750 0.498246,0.298828 0.502930,0.308392 0.508396,0.322428 0.513407,0.336364 0.516151,0.342981 0.523223,0.367493 0.526416,0.379064 0.529838,0.394897 0.516151,0.396267 0.507369,0.354552 0.502351,0.334607 0.488664,0.294871 0.482620,0.280407
41 0.580613,0.336899 0.587228,0.359584 0.591790,0.387141 0.598861,0.386075 0.608442,0.388054 0.614943,0.388054 0.619961,0.386988 0.623953,0.383334 0.627146,0.375418 0.628857,0.369175 0.628059,0.362324 0.620417,0.357757 0.612091,0.354560 0.601484,0.353951 0.596808,0.357757 0.596922,0.360802 0.586429,0.343750
69 0.579451,0.336282 0.566221,0.319992 0.555500,0.309639 0.541585,0.297916 0.526416,0.289695 0.513984,0.285279 0.494823,0.282082 0.504062,0.305224 0.526758,0.372669 0.532005,0.395354 0.557211,0.392309 0.591085,0.386219 0.586979,0.360794
58 0.638634,0.447030 0.641078,0.440940 0.645802,0.435721 0.649875,0.436374 0.652971,0.443333 0.654600,0.455076 0.655740,0.469865 0.654274,0.508575 0.653459,0.501181 0.653948,0.479433 0.652808,0.465080 0.647757,0.453989 0.644010,0.449639
66 0.477354,0.281016 0.455114,0.282996 0.433900,0.286802 0.412001,0.295784 0.402763,0.302026 0.403105,0.354247 0.411089,0.376323 0.422152,0.414093 0.471651,0.405871 0.497998,0.400847 0.514649,0.399020 0.501644,0.347705 0.490581,0.314667
67 0.394767,0.300815 0.377203,0.328067 0.354962,0.368260 0.350970,0.378917 0.348917,0.387443 0.349488,0.398557 0.355304,0.407387 0.363402,0.416522 0.376290,0.424896 0.389292,0.426723 0.392600,0.426723 0.393170,0.407387 0.396136,0.349990
56 0.381513,0.597772 0.391451,0.587334 0.398945,0.581897 0.410023,0.576242 0.420613,0.575155 0.427781,0.577330 0.433483,0.580374 0.440000,0.587768 0.445702,0.596685 0.449938,0.605819 0.452708,0.620390 0.454500,0.642137 0.454663,0.660405 0.452382,0.676498 0.450753,0.693244 0.447820,0.692591 0.445865,0.658448 0.439674,0.635830 0.434135,0.621695 0.423708,0.609081 0.417680,0.604079 0.405625,0.598425 0.396501,0.596033 0.386074,0.595598
73 0.086958,0.520798 0.080283,0.537346 0.074970,0.556985 0.068431,0.584806 0.065298,0.617538 0.067069,0.627721 0.078920,0.654997 0.100308,0.657907 0.153437,0.660281 0.179455,0.656280 0.225363,0.646461 0.236669,0.641369 0.243753,0.628095 0.245932,0.622094 0.247022,0.615184 0.246205,0.607729 0.239394,0.594818 0.212694,0.560632 0.195257,0.545539 0.174545,0.536800 0.153703,0.529708 0.122371,0.524071
46 0.372063,0.687390 0.381187,0.667383 0.389496,0.655204 0.397642,0.648680 0.404484,0.645635 0.413119,0.646505 0.421102,0.651724 0.428107,0.664338 0.432669,0.680431 0.434624,0.716097 0.432017,0.742411 0.425986,0.763515 0.418818,0.785480 0.408065,0.804182 0.396498,0.816361 0.386723,0.820275 0.379555,0.818536 0.371735,0.813751 0.365870,0.803312 0.361308,0.790481 0.359027,0.774171 0.358213,0.758078 0.359842,0.738505 0.363263,0.716975 0.368476,0.695445
46 0.642749,0.472422 0.639071,0.472603 0.636483,0.477513 0.634576,0.482787 0.632941,0.488969 0.631034,0.499334 0.629672,0.508972 0.628855,0.522973 0.628855,0.536975 0.629808,0.552250 0.631443,0.557705 0.634304,0.560978 0.638118,0.562251 0.642613,0.559160 0.649016,0.532793 0.650650,0.513518 0.650514,0.497334 0.648743,0.480786 0.646291,0.474058 0.644657,0.472967
47 0.310910,0.531363 0.314294,0.540646 0.318805,0.549930 0.326887,0.557959 0.336473,0.558461 0.347563,0.549679 0.352262,0.537636 0.353390,0.524588 0.353014,0.508280 0.348127,0.493476 0.342864,0.486702 0.332526,0.481433 0.325759,0.482687 0.319181,0.488458 0.314482,0.497240 0.311474,0.507778 0.310346,0.521578
48 0.000564,0.825252 0.010150,0.828012 0.049058,0.838299 0.065035,0.842564 0.076877,0.844070 0.081200,0.837546 0.119168,0.838801 0.143791,0.837546 0.177812,0.832528 0.173865,0.838801 0.161648,0.847834 0.142851,0.852852 0.106575,0.853855 0.075373,0.850844 0.027442,0.839805 0.000000,0.830550
27 0.525297,0.397234 0.526073,0.400859 0.594223,0.391020 0.591507,0.387740
52 0.600322,0.551442 0.621825,0.532907 0.620228,0.543569 0.566286,0.594416 0.507901,0.647082 0.455048,0.694335 0.451239,0.695975 0.453451,0.675636 0.498300,0.636763
21 0.602362,0.353835 0.610359,0.353835 0.613794,0.354910 0.620718,0.357560 0.623240,0.359781 0.627856,0.362719 0.628554,0.366301 0.628393,0.369453 0.626997,0.374898 0.624850,0.381490 0.623294,0.382708 0.624367,0.367447 0.624314,0.363364 0.622650,0.361214 0.618893,0.358420 0.613311,0.355698 0.611164,0.354910 0.609500,0.354551 0.602362,0.353835
29 0.618589,0.414044 0.620064,0.412170 0.621678,0.412076 0.623363,0.412826 0.624416,0.415450 0.624416,0.417418 0.623925,0.420511 0.623082,0.421261 0.619783,0.421917 0.618940,0.421167 0.618028,0.416387
17 0.406025,0.724990 0.404192,0.726484 0.403073,0.729202 0.402869,0.730560 0.403276,0.733006 0.404498,0.735588 0.405516,0.736675 0.407348,0.736946 0.408264,0.736539 0.410096,0.734908 0.411216,0.732463 0.411826,0.729745 0.411725,0.728522 0.410198,0.726077 0.409282,0.725261 0.407348,0.724446
25 0.396332,0.421061 0.395685,0.426412 0.524615,0.401555 0.523322,0.398793
17 0.400935,0.710995 0.400019,0.713848 0.400121,0.715071 0.401037,0.716158 0.402971,0.716294 0.403887,0.715614 0.405516,0.713304 0.406330,0.710723 0.406737,0.708277 0.406533,0.707054 0.405516,0.706375 0.404294,0.706375 0.403276,0.707054
17 0.390553,0.740072 0.389637,0.740887 0.389230,0.742110 0.388313,0.747273 0.388517,0.749719 0.389433,0.750941 0.390451,0.751349 0.391367,0.750941 0.392181,0.749719 0.392589,0.748496 0.392690,0.744420 0.391265,0.740479
17 0.392130,0.715954 0.390400,0.720981 0.390400,0.722340 0.391418,0.723427 0.392334,0.722883 0.393352,0.721389 0.394777,0.717448 0.394879,0.716090 0.394471,0.714867 0.393454,0.714867
17 0.397169,0.745371 0.396660,0.746865 0.396660,0.749311 0.397271,0.755697 0.398187,0.756512 0.400019,0.756920 0.400935,0.756376 0.402055,0.753931 0.402360,0.749039 0.400833,0.746729 0.399001,0.745506
19 0.395031,0.721593 0.392894,0.724854 0.391571,0.730832 0.391367,0.734637 0.392589,0.740072 0.394115,0.742381 0.397373,0.741566 0.399612,0.739528 0.401037,0.734772 0.401648,0.728930 0.401037,0.723223 0.399815,0.720506 0.397271,0.719962
37 0.077666,0.843833 0.126769,0.845251 0.147082,0.844625 0.165259,0.841947 0.170335,0.840214 0.173522,0.838481 0.177299,0.832651 0.143423,0.837693 0.119344,0.838953 0.081219,0.837693
16 0.229072,0.261949 0.227183,0.266361 0.227655,0.271403 0.231432,0.273451 0.238751,0.270300 0.248429,0.267621 0.262357,0.261634 0.260705,0.258640 0.247013,0.253441 0.242292,0.246193 0.239341,0.244145 0.236862,0.244617 0.229898,0.248556 0.200501,0.197340 0.199085,0.196867 0.197196,0.199861 0.198613,0.201752 0.227885,0.253589
