2 0.955536,0.246049 0.949216,0.207920 0.938587,0.175392 0.924030,0.137726 0.936288,0.137479 0.962431,0.140710 0.982827,0.150619 0.995180,0.164190 1.000000,0.171910 1.000000,0.237649 1.000000,0.350365 1.000000,0.369649 0.991733,0.386310 0.950078,0.423359 0.954961,0.405911 0.952089,0.386092 0.965016,0.347317 0.972485,0.318021 0.970474,0.275153 0.958205,0.254660 0.953643,0.250929
4 0.914168,0.138127 0.900092,0.141789 0.886302,0.147389 0.872226,0.155791 0.860447,0.170224 0.851542,0.193273 0.828560,0.239803 0.815920,0.276424 0.824825,0.338464 0.840625,0.365822 0.841774,0.397074 0.839764,0.434341 0.830571,0.479161 0.829134,0.508457 0.825974,0.528723 0.818505,0.549403 0.948641,0.424234 0.954100,0.405493 0.951227,0.386106 0.965016,0.347536 0.971336,0.317372 0.970762,0.298415 0.969712,0.275826 0.956304,0.254500 0.952089,0.252095 0.944332,0.257696 0.943470,0.238954 0.934278,0.188963 0.926234,0.160528 0.917903,0.137909
10 0.775893,0.302237 0.790786,0.303859 0.803517,0.307101 0.798713,0.320069 0.796070,0.332318 0.796551,0.338802 0.800394,0.343845 0.808321,0.344926 0.820091,0.343125 0.825856,0.341504 0.840508,0.366360 0.840557,0.396635 0.838875,0.434280 0.829267,0.479682 0.828066,0.508872 0.825183,0.529406 0.817497,0.549939 0.806928,0.559486 0.810771,0.548498 0.814134,0.533368 0.816776,0.515536 0.814855,0.493201 0.811251,0.486177 0.805727,0.481314 0.799001,0.479332 0.789633,0.479873 0.780265,0.484916 0.759127,0.504189 0.748558,0.515897 0.727179,0.541834 0.706281,0.546877 0.670971,0.553722 0.641426,0.561467 0.609238,0.573535 0.621249,0.548138 0.634700,0.510493 0.638063,0.500046 0.637583,0.495003 0.636141,0.490680 0.632538,0.487978 0.627013,0.485636 0.620528,0.484736 0.614523,0.484736 0.598669,0.487978 0.544142,0.501669 0.552790,0.493023 0.573448,0.475731 0.645269,0.418453 0.712287,0.369086 0.752881,0.338094 0.758406,0.328368 0.756965,0.323685 0.764171,0.319902 0.767958,0.317818 0.769919,0.313774
7 0.999700,0.371589 0.996158,0.377535 0.991772,0.387148 0.993627,0.389425 0.992278,0.392208 0.963769,0.422440 0.965287,0.426488 0.970854,0.427753 0.999363,0.428133
6 0.635578,0.329877 0.664105,0.330609 0.702401,0.330316 0.727020,0.328558 0.754570,0.323430 0.754570,0.329437 0.751834,0.336177 0.721744,0.360205 0.600795,0.450828 0.570040,0.475413 0.537880,0.503809 0.426508,0.529315 0.348548,0.549827 0.264921,0.539281 0.191650,0.527414 0.149055,0.516279 0.145608,0.509678 0.140919,0.504990 0.133103,0.502206 0.124116,0.501620 0.115714,0.504404 0.110829,0.507334 0.067257,0.494438 0.029743,0.479933 0.018241,0.474284 0.008344,0.464330 0.005771,0.458086 0.007278,0.447600 0.013470,0.432275 0.028492,0.411420 0.061765,0.388349 0.103152,0.362181 0.133460,0.347952 0.183434,0.324977 0.220638,0.308921 0.254606,0.293111 0.261088,0.298230 0.270662,0.301161 0.307981,0.307900 0.367184,0.313761 0.418572,0.318447 0.486958,0.323282 0.577814,0.327238
7 0.653676,0.717482 0.673373,0.724507 0.691869,0.727028 0.709644,0.724687 0.724297,0.716041 0.745435,0.698749 0.760328,0.676234 0.772578,0.654440 0.783868,0.625981 0.791314,0.602736 0.796839,0.564191 0.799241,0.546359 0.795638,0.529067 0.787471,0.515010 0.779784,0.507264 0.767054,0.502401 0.762009,0.502581 0.749038,0.515550 0.734145,0.533562 0.721655,0.551754 0.702438,0.585256 0.687065,0.617694 0.677217,0.651196 0.670491,0.670649 0.664005,0.705953 0.660162,0.711716 0.650554,0.716219
14 0.823185,0.190640 0.774733,0.302131 0.766971,0.317656 0.756622,0.322948 0.727222,0.328417 0.702526,0.330004 0.657367,0.330357 0.469166,0.321893 0.402328,0.316777 0.304013,0.307075 0.275782,0.300896 0.272959,0.294721 0.281191,0.284490 0.312944,0.261556 0.375289,0.214618 0.443964,0.170931 0.450697,0.167947 0.483483,0.164517 0.510766,0.162401 0.594499,0.158343 0.673804,0.157991 0.728642,0.158344 0.787443,0.159049 0.838247,0.160813
12 0.784178,0.283540 0.775924,0.301376 0.791253,0.303588 0.803635,0.306536 0.813462,0.281476 0.828595,0.238432 0.842549,0.209981 0.858678,0.170904 0.870863,0.156015 0.884031,0.147170 0.901720,0.140684 0.914420,0.137283 0.936235,0.136841 0.961785,0.139937 0.973577,0.144212 0.983011,0.149666 0.999520,0.168094 0.999126,0.163966 0.989300,0.151141 0.977311,0.140970 0.962178,0.132862 0.941345,0.127408 0.915206,0.124607 0.872754,0.121954 0.830499,0.122101 0.792946,0.120920 0.749709,0.121952 0.673237,0.125046 0.632357,0.128289 0.582022,0.134037 0.541922,0.139494 0.500846,0.148338 0.458575,0.160574 0.440494,0.168387 0.368721,0.211578 0.286743,0.272918 0.285956,0.275572 0.288114,0.278672 0.375769,0.213517 0.446129,0.167966 0.497055,0.162506 0.590054,0.158075 0.670437,0.157043 0.795464,0.158663 0.839327,0.160434 0.827339,0.183430 0.800013,0.245355
1 0.727043,0.542175 0.705128,0.548622 0.661233,0.557310 0.634409,0.564169 0.610327,0.573771 0.596610,0.579945 0.551191,0.593663 0.507297,0.603722 0.432878,0.616069 0.400871,0.619269 0.371913,0.620413 0.359415,0.619498 0.320702,0.605780 0.311558,0.598464 0.252372,0.590682 0.138367,0.565075 0.129832,0.566904 0.117639,0.564389 0.108799,0.556844 0.105141,0.552500 0.062184,0.536943 0.024691,0.520938 0.012803,0.512936 0.000000,0.514079 0.000610,0.581755 0.008535,0.590669 0.017070,0.608273 0.012803,0.612846 0.012193,0.626335 0.014632,0.634338 0.034750,0.651256 0.065544,0.671621 0.101513,0.688311 0.175280,0.718262 0.219480,0.734267 0.269788,0.749367 0.349957,0.769486 0.376477,0.769258 0.403606,0.768115 0.439271,0.763313 0.506685,0.751425 0.554847,0.742051 0.616727,0.731077 0.644466,0.720560 0.652086,0.713701 0.660012,0.710271 0.663060,0.704327 0.669992,0.669665 0.685550,0.620912 0.698550,0.591020 0.710703,0.569272
49 0.818745,0.283198 0.811852,0.300000 0.804357,0.316327 0.799643,0.332193 0.799039,0.336545 0.799764,0.339265 0.802544,0.340897 0.806896,0.341894 0.818983,0.341260 0.825027,0.338812
41 0.318787,0.247038 0.305385,0.249184 0.294694,0.254718 0.292285,0.258219 0.294242,0.264657 0.296501,0.266803 0.319389,0.249071 0.321798,0.246699
68 0.936098,0.212579 0.930976,0.191965 0.919982,0.157945 0.917244,0.148311 0.915939,0.141841 0.903203,0.146035 0.894532,0.149610 0.885359,0.155090 0.876906,0.162982 0.868556,0.170770 0.862580,0.182947 0.855270,0.201419 0.839279,0.237214 0.840153,0.246031 0.848646,0.299451 0.854267,0.300014 0.853018,0.286239 0.873506,0.272090 0.891746,0.266843 0.913494,0.266646 0.930984,0.267958 0.942352,0.260649 0.939979,0.232819 0.937855,0.218764
54 0.944354,0.243774 0.944354,0.256997 0.951605,0.251558 0.955160,0.246546 0.948761,0.208361 0.935687,0.169338 0.923460,0.137880 0.918341,0.137880 0.925734,0.158141 0.932132,0.180108 0.934550,0.189392 0.939669,0.215519
40 0.818242,0.276175 0.825505,0.339367 0.836255,0.336316 0.846132,0.329125 0.850781,0.324767 0.869374,0.322153 0.908884,0.319974 0.936828,0.317140 0.956584,0.312564 0.965590,0.306681 0.970528,0.298183 0.974886,0.287070 0.976048,0.281404 0.972272,0.277264 0.948159,0.270509 0.913587,0.267022 0.892089,0.267240 0.874367,0.272252 0.853450,0.286416 0.854902,0.300797 0.848220,0.300144 0.838343,0.236952
35 0.966428,0.306620 0.955563,0.314090 0.948660,0.315363 0.947302,0.317485 0.947207,0.319717 0.949565,0.320881 0.953866,0.319268 0.961561,0.315618 0.966993,0.310610 0.968012,0.307978
64 0.927122,0.141012 0.937817,0.140313 0.951722,0.141162 0.962216,0.143692 0.972835,0.148752 0.981080,0.155405 0.989575,0.171803 0.995697,0.187545 0.999610,0.224020 0.986706,0.232251 0.972867,0.240512 0.956803,0.248960 0.949658,0.207056 0.939069,0.176393 0.930042,0.149854
46 0.772857,0.542206 0.779611,0.546171 0.782842,0.554981 0.783723,0.567096 0.782254,0.590666 0.770507,0.631636 0.760229,0.652121 0.744370,0.674589 0.733210,0.687145 0.723519,0.693533 0.718527,0.695295 0.711478,0.692651 0.707660,0.686704 0.703549,0.672166 0.705605,0.652782 0.717645,0.602560 0.727043,0.580753 0.735853,0.566215 0.749069,0.549695 0.758760,0.542646 0.766396,0.540444
57 0.763754,0.501442 0.782255,0.485142 0.791653,0.480516 0.799288,0.479855 0.806337,0.481837 0.811329,0.488225 0.815734,0.513997 0.809861,0.548139 0.805162,0.559814 0.798407,0.560034 0.799876,0.545494 0.796058,0.527432 0.788129,0.513996 0.780199,0.506506 0.766690,0.501000
63 0.010572,0.468608 0.010866,0.479842 0.010866,0.490195 0.012922,0.513103 0.026431,0.521253 0.059323,0.534690 0.107192,0.552752 0.113065,0.560241 0.118058,0.564206 0.129511,0.566189 0.139496,0.563766 0.162697,0.570374 0.244926,0.587996 0.308948,0.598128 0.316583,0.587775 0.350062,0.551210 0.320107,0.546585 0.260491,0.539095 0.189715,0.527201 0.148307,0.516848 0.144489,0.509138 0.138909,0.504733 0.131567,0.502310 0.124812,0.502090 0.115709,0.504513 0.110129,0.508037 0.066960,0.495036 0.034362,0.482480 0.021147,0.476533 0.016883,0.474085
71 0.000587,0.512432 0.011747,0.510670 0.009985,0.491286 0.009691,0.469038 0.004699,0.458906 0.005580,0.443046 0.000294,0.450756
70 0.311625,0.596148 0.349510,0.553856 0.362725,0.549010 0.395029,0.541301 0.478140,0.519714 0.557726,0.500991 0.599191,0.488871 0.614755,0.485567 0.624447,0.485567 0.631789,0.487549 0.635606,0.492175 0.636194,0.497682 0.635019,0.503849 0.620042,0.547683 0.607413,0.574116 0.597713,0.578534 0.552487,0.592411 0.507848,0.602764 0.431199,0.615760 0.398894,0.618624 0.372170,0.619505 0.359248,0.618624 0.321657,0.605407
60 0.009691,0.590882 0.022907,0.612469 0.033479,0.628329 0.046988,0.639122 0.066371,0.651237 0.108660,0.672163 0.161522,0.695071 0.257848,0.727231 0.315715,0.740895 0.317771,0.736930 0.328930,0.735608 0.335098,0.728339 0.344495,0.710938 0.351250,0.694197 0.321882,0.693757 0.288109,0.687369 0.260504,0.683404 0.227318,0.674593 0.229374,0.680100 0.223207,0.685166 0.214984,0.686047 0.135104,0.661156 0.101037,0.648821 0.031423,0.618416 0.025844,0.599473
59 0.023788,0.563774 0.049044,0.575228 0.094564,0.592850 0.186191,0.620164 0.214677,0.627873 0.220257,0.631398 0.228480,0.680298 0.223488,0.684924 0.216733,0.685805 0.205280,0.683162 0.170920,0.672809 0.114534,0.653425 0.032304,0.617961 0.015859,0.569061 0.017033,0.564876
51 0.798114,0.560682 0.795471,0.580286 0.803987,0.577643 0.893559,0.491517 0.989591,0.394365 0.992234,0.391281 0.993115,0.388858 0.991059,0.387096 0.941722,0.431371 0.808980,0.558247 0.803400,0.560670
61 0.352774,0.694857 0.408572,0.693316 0.463783,0.687588 0.556585,0.671729 0.567745,0.672390 0.578904,0.674813 0.592120,0.680760 0.596819,0.687148 0.595887,0.691721 0.591533,0.695078 0.581548,0.702347 0.562459,0.711378 0.540139,0.717986 0.508128,0.725696 0.469069,0.732964 0.421200,0.740674 0.390070,0.743538 0.356298,0.744198 0.336328,0.743317 0.316945,0.740894 0.317532,0.737810 0.328398,0.736269 0.336621,0.726356 0.345432,0.709836
20 0.854684,0.287276 0.874315,0.272551 0.891984,0.267029 0.914560,0.267029 0.948915,0.270894 0.971001,0.277520 0.975418,0.281938 0.971492,0.294270 0.967811,0.300895 0.930756,0.304760 0.876279,0.305864 0.855911,0.305496
21 0.319091,0.246529 0.305690,0.248675 0.294998,0.254209 0.292589,0.257710 0.294547,0.264148 0.296805,0.266294 0.319693,0.248562 0.322103,0.246190
26 0.999400,0.225593 0.956211,0.251729 0.960137,0.258723 0.999400,0.235716
29 0.831443,0.386606 0.819234,0.394407 0.818765,0.398161 0.818782,0.401699 0.820817,0.405939 0.824434,0.406278 0.830313,0.403056 0.836191,0.397968 0.838000,0.395255 0.837774,0.391863 0.836870,0.388641 0.834835,0.387115
39 0.125366,0.509376 0.132724,0.510756 0.139898,0.515585 0.145600,0.522897 0.148175,0.531313 0.149279,0.538212 0.147440,0.548697 0.145968,0.553940 0.138610,0.560839 0.133460,0.563598 0.126286,0.564702 0.117640,0.563184 0.113409,0.559735 0.109363,0.555320 0.106971,0.550905 0.103476,0.542489 0.101453,0.536004 0.101821,0.530348 0.104212,0.522621 0.107891,0.516689 0.113593,0.512550 0.121135,0.510066
22 0.357192,0.302371 0.438496,0.302923 0.456523,0.303613 0.541339,0.314517 0.570955,0.320587 0.581624,0.321139 0.581808,0.324037 0.561942,0.321001 0.531590,0.314655 0.512644,0.311757 0.505838,0.315069 0.430419,0.309550 0.365302,0.306514 0.355369,0.304307
24 0.931916,0.268294 0.955474,0.252833 0.959155,0.258907 0.943941,0.269766
23 0.458369,0.302511 0.450827,0.302511 0.448068,0.306236 0.455426,0.306236 0.465911,0.304856 0.470142,0.304994 0.488168,0.309409 0.551650,0.327486 0.602051,0.328727 0.546867,0.317828 0.518356,0.311619 0.478439,0.305410 0.466299,0.302789 0.461148,0.303341
18 0.016353,0.564389 0.012520,0.564044 0.009760,0.566574 0.008687,0.570369 0.008687,0.575429 0.011753,0.578074 0.015893,0.578879 0.018499,0.577959 0.015433,0.569334
31 0.295734,0.287884 0.292607,0.291333 0.298309,0.292023 0.305667,0.291057 0.338961,0.302923 0.352757,0.306372 0.411253,0.317410 0.451537,0.320859 0.457791,0.321135 0.451353,0.317548 0.435718,0.314926 0.403711,0.312029 0.370600,0.306924 0.365266,0.306786 0.354597,0.304578 0.342640,0.300853 0.325901,0.297128 0.306219,0.288712
30 0.271821,0.287608 0.267406,0.290230 0.280650,0.290919 0.296102,0.294093 0.321119,0.301543 0.342456,0.309683 0.349814,0.311891 0.353493,0.309545 0.344112,0.305406 0.305851,0.291747 0.290216,0.288988 0.273108,0.286918
17 0.738901,0.614770 0.736670,0.617000 0.735741,0.620904 0.736113,0.622576 0.740760,0.623134 0.744849,0.622855 0.747822,0.620067 0.745406,0.617000 0.741131,0.615327
17 0.749681,0.597901 0.743547,0.595810 0.740202,0.595810 0.738529,0.599156 0.739644,0.602781 0.745220,0.604453 0.748566,0.604732 0.749681,0.602223
17 0.726262,0.629268 0.725147,0.634287 0.725704,0.637075 0.732210,0.637493 0.735184,0.634844 0.735369,0.630941 0.731280,0.629407 0.727749,0.629547
