4 0.433690,0.388487 0.455229,0.366801 0.489411,0.332293 0.499630,0.322873 0.519909,0.306944 0.549142,0.286610 0.567527,0.278387 0.580553,0.274195 0.595002,0.269519 0.611410,0.266099 0.632719,0.263130 0.646515,0.262397 0.654657,0.261363 0.657294,0.261301 0.658353,0.278269 0.659304,0.326413 0.658793,0.365195 0.657040,0.400655 0.668031,0.398408 0.672492,0.428447 0.671087,0.468408 0.667341,0.522104 0.663596,0.558318 0.665937,0.583293 0.664133,0.605632 0.659850,0.625127 0.429476,0.698804 0.425262,0.640112 0.423857,0.605147 0.424794,0.510241 0.428540,0.458418
10 0.387117,0.411336 0.396348,0.415323 0.401418,0.418270 0.405319,0.421218 0.398948,0.428152 0.393227,0.435261 0.388807,0.441675 0.387377,0.445663 0.387117,0.448610 0.387637,0.451731 0.389457,0.453638 0.395438,0.457279 0.421051,0.459012 0.427681,0.457799 0.424301,0.511208 0.423521,0.549522 0.423391,0.606248 0.428464,0.700406 0.406881,0.706648 0.406881,0.691564 0.405711,0.679082 0.403371,0.665732 0.399340,0.650822 0.393620,0.637473 0.389069,0.628284 0.382561,0.618742 0.369300,0.604872 0.361759,0.599671 0.354348,0.595510 0.346417,0.592043 0.328333,0.587704 0.314811,0.587357 0.305190,0.588224 0.293619,0.590824 0.280747,0.594985 0.267730,0.601056 0.257329,0.607644 0.247708,0.614579 0.236917,0.624808 0.234447,0.626541 0.193213,0.621688 0.180715,0.620995 0.151072,0.622035 0.139501,0.624116 0.136510,0.623249 0.156403,0.589442 0.170188,0.564286 0.172268,0.558565 0.172268,0.553537 0.170838,0.549377 0.168108,0.546603 0.165768,0.545042 0.162251,0.543822 0.135460,0.543995 0.120118,0.545555 0.112968,0.545555 0.115048,0.543128 0.123499,0.537233 0.141311,0.526831 0.158863,0.517816 0.193198,0.502028 0.234153,0.484864 0.338716,0.444628 0.347687,0.440121 0.353538,0.436480 0.358349,0.432146 0.361469,0.427638 0.365759,0.426425 0.375380,0.421744 0.381881,0.416369
2 0.831008,0.370777 0.839254,0.382481 0.845638,0.393477 0.845106,0.406600 0.840850,0.427526 0.826476,0.482173 0.803080,0.537153 0.789319,0.564430 0.780685,0.577640 0.776395,0.582841 0.768204,0.589256 0.752992,0.595671 0.661444,0.623935 0.665605,0.605038 0.666645,0.582847 0.664044,0.559082 0.667945,0.516607 0.671716,0.469429 0.672756,0.429366 0.668336,0.397640 0.679517,0.395733 0.679128,0.370231 0.677047,0.322538 0.671066,0.269140 0.670675,0.261328 0.677046,0.260808 0.697068,0.260808 0.724241,0.262541 0.738933,0.264448 0.756095,0.267049 0.773257,0.271903 0.785868,0.276931 0.816180,0.337271 0.830092,0.367958
53 0.657744,0.261788 0.670621,0.261121 0.671371,0.274460 0.676743,0.322482 0.679119,0.395353 0.657366,0.399688 0.659491,0.363339 0.659867,0.324319 0.658742,0.277125
64 0.676262,0.267458 0.688389,0.266958 0.714893,0.267291 0.736271,0.268792 0.769401,0.275295 0.783778,0.280797 0.803558,0.319316 0.804683,0.369337 0.700891,0.390683 0.684513,0.394130 0.681259,0.319312 0.678759,0.283797
62 0.013602,0.693855 0.019259,0.696231 0.024685,0.697780 0.030730,0.699330 0.050105,0.703255 0.078625,0.707284 0.090560,0.707800 0.104820,0.707800 0.107067,0.708627 0.109082,0.710176 0.109857,0.711829 0.110400,0.714411 0.109935,0.730009 0.109082,0.744166 0.106525,0.759041 0.104510,0.764309 0.101952,0.767305 0.098310,0.769474 0.094280,0.770404 0.083197,0.769991 0.067620,0.767408 0.037162,0.760900 0.026545,0.756459 0.022902,0.752843 0.018872,0.745612 0.016935,0.737762 0.016625,0.734973 0.021430,0.729705 0.017942,0.724436 0.021352,0.719581 0.017942,0.710905 0.019492,0.706979 0.015385,0.701091
46 0.237055,0.759208 0.238881,0.729631 0.245142,0.711537 0.258970,0.688919 0.271233,0.676044 0.291844,0.663517 0.314542,0.660038 0.324978,0.662821 0.335414,0.667693 0.341676,0.671868 0.350547,0.681263 0.356287,0.691702 0.359678,0.702837 0.362026,0.713972 0.362287,0.728587 0.359939,0.744593 0.353417,0.762688 0.345590,0.778694 0.334893,0.792265 0.326283,0.799572 0.312977,0.808271 0.301236,0.813491 0.284017,0.814535 0.275929,0.812447 0.264188,0.807575 0.249056,0.795745 0.239403,0.775563 0.237315,0.765124
6 0.268770,0.362767 0.255921,0.366492 0.208436,0.383816 0.153548,0.405609 0.130618,0.415669 0.110786,0.425541 0.089836,0.437463 0.069166,0.450874 0.055881,0.464850 0.043172,0.479565 0.034652,0.493722 0.028088,0.506761 0.026133,0.518309 0.024175,0.526325 0.023616,0.539922 0.026130,0.552775 0.028783,0.557432 0.032834,0.558736 0.039957,0.557991 0.056437,0.553893 0.074733,0.551657 0.102247,0.547373 0.110906,0.547187 0.114258,0.542530 0.128503,0.533403 0.150434,0.521296 0.179369,0.507323 0.232441,0.484784 0.339480,0.443800 0.351770,0.436908 0.358474,0.430575 0.359591,0.427222 0.353725,0.428153 0.337943,0.428526 0.318111,0.424241 0.303307,0.418840 0.285430,0.411389 0.270199,0.401699 0.261819,0.394994 0.257210,0.389964 0.253160,0.384190 0.251763,0.380278 0.252043,0.376553 0.254557,0.371523 0.256791,0.369288 0.264892,0.365376 0.267266,0.363700
68 0.474465,0.393767 0.475035,0.356665 0.492413,0.339491 0.505665,0.327652 0.524418,0.311979 0.547065,0.296137 0.564692,0.287466 0.589965,0.278959 0.615594,0.273123 0.651741,0.269288 0.652973,0.300978 0.652723,0.345330 0.649595,0.401855 0.519173,0.431203 0.520173,0.425201 0.520549,0.412025 0.515798,0.405856 0.514173,0.404522 0.505796,0.398352 0.496038,0.393013 0.485662,0.392013 0.481419,0.392319 0.474465,0.393767
7 0.781829,0.608215 0.784374,0.617876 0.789073,0.627799 0.796905,0.637460 0.812763,0.648950 0.830384,0.654172 0.842719,0.653389 0.852312,0.648950 0.864843,0.637983 0.872870,0.627015 0.882072,0.608998 0.887358,0.592286 0.891861,0.572702 0.893036,0.558079 0.891861,0.539017 0.887162,0.518127 0.883051,0.503766 0.874240,0.491493 0.867192,0.487837 0.858577,0.486532 0.849963,0.486793 0.840957,0.490710 0.834104,0.495410 0.829797,0.499327 0.818637,0.518911 0.811001,0.536145 0.803757,0.555990 0.795730,0.585236 0.796905,0.592547 0.795926,0.599859 0.791618,0.603514 0.784766,0.606126
24 0.668630,0.398150 0.669637,0.404451 0.830407,0.370450 0.828469,0.365388
19 0.288157,0.734095 0.290831,0.729279 0.294156,0.725040 0.297914,0.722342 0.301095,0.720994 0.305648,0.720512 0.309479,0.721283 0.312442,0.723306 0.314611,0.726581 0.315839,0.730049 0.316851,0.735251 0.315984,0.740646 0.314538,0.745270 0.311792,0.749605 0.308322,0.753651 0.302829,0.756542 0.295891,0.756253 0.291915,0.753748 0.289169,0.750376 0.287579,0.746426 0.286784,0.741610 0.287001,0.737371
72 0.947346,0.375067 0.944680,0.381394 0.938335,0.404890 0.931509,0.428643 0.931616,0.433163 0.933951,0.441564 0.938226,0.438806 0.943205,0.436022 0.945318,0.432852 0.946067,0.431216 0.949373,0.421550 0.950013,0.412025 0.949799,0.398237 0.948520,0.378478
12 0.387843,0.409961 0.399091,0.415892 0.406154,0.420427 0.430816,0.391206 0.453497,0.367787 0.498337,0.323345 0.530606,0.298463 0.550638,0.285410 0.569645,0.277655 0.592583,0.270517 0.611239,0.266234 0.632647,0.263174 0.655126,0.261135 0.700109,0.260318 0.730999,0.262765 0.753650,0.265826 0.770777,0.270313 0.782858,0.274799 0.802469,0.286835 0.814397,0.295401 0.835194,0.315184 0.843757,0.324362 0.864401,0.312533 0.836876,0.289690 0.820055,0.277861 0.795588,0.263993 0.777696,0.256651 0.741387,0.246910 0.718862,0.241868 0.710513,0.241658 0.701141,0.238507 0.699711,0.239556 0.693726,0.238191 0.649528,0.235039 0.646220,0.233779 0.604304,0.231992 0.543072,0.233250 0.522753,0.234721 0.495467,0.238300 0.467571,0.243362 0.432845,0.254244 0.424305,0.259306 0.432996,0.259564 0.477022,0.267156 0.501881,0.271712 0.530156,0.278545 0.521996,0.284113 0.505107,0.297527 0.473209,0.325881 0.439060,0.358785 0.390291,0.408137
20 0.450421,0.407044 0.458714,0.400020 0.465999,0.396507 0.470494,0.395268 0.479716,0.394648 0.491264,0.394648 0.496379,0.395888 0.503741,0.400226 0.511336,0.406424 0.516141,0.413551 0.516994,0.419439 0.516145,0.430194 0.515293,0.433603 0.503900,0.434842 0.485145,0.434842 0.459957,0.430400 0.452982,0.428024 0.450735,0.411497
55 0.834083,0.494620 0.839921,0.487140 0.848161,0.479660 0.856974,0.474012 0.863384,0.471112 0.867275,0.469738 0.873341,0.469738 0.878606,0.471417 0.887076,0.475997 0.890281,0.479508 0.894516,0.486530 0.897606,0.492636 0.900582,0.502863 0.900811,0.512327 0.901497,0.524539 0.896576,0.548963 0.896118,0.560870 0.892799,0.564381 0.893257,0.557512 0.892226,0.538736 0.887648,0.518281 0.882956,0.503016 0.874371,0.490956 0.866703,0.486988 0.858691,0.485919 0.849764,0.485919 0.840493,0.490193
35 0.803109,0.421664 0.806416,0.421223 0.814354,0.420120 0.820638,0.418135 0.825599,0.415047 0.829567,0.415047 0.831883,0.415709 0.833040,0.419458 0.832048,0.423869 0.828741,0.425413 0.809393,0.429604 0.802943,0.430265 0.800794,0.427619 0.801124,0.423428
26 0.519175,0.431843 0.518400,0.437628 0.668541,0.404453 0.667844,0.398565 0.639169,0.404453
7 0.197134,0.771697 0.201630,0.790147 0.212006,0.814594 0.228952,0.832583 0.246245,0.845037 0.268379,0.850572 0.299159,0.846882 0.327865,0.836735 0.348270,0.818745 0.367291,0.796605 0.380434,0.768468 0.390809,0.733412 0.391501,0.702508 0.386659,0.674832 0.376629,0.648079 0.360373,0.625005 0.329246,0.607016 0.306765,0.603324 0.284285,0.605169 0.255234,0.616239 0.228950,0.637457 0.214424,0.658214 0.201628,0.688196 0.197823,0.708953 0.194365,0.734322 0.195056,0.758769
49 0.431854,0.400808 0.412131,0.423394 0.399375,0.438831 0.395833,0.443333 0.395140,0.445480 0.394644,0.448124 0.394644,0.450326 0.395470,0.452088 0.397122,0.453189 0.401746,0.454731 0.428170,0.454731
0 0.894490,0.485595 0.897004,0.490252 0.900077,0.499379 0.901474,0.508506 0.901753,0.524153 0.897144,0.550603 0.896585,0.560665 0.902031,0.558616 0.912506,0.550792 0.924517,0.539989 0.932059,0.532538 0.935273,0.527885 0.939184,0.518944 0.943932,0.506464 0.949100,0.474426 0.948821,0.468465 0.947983,0.464553 0.945050,0.455610 0.944631,0.445924 0.947426,0.440898 0.947007,0.436055 0.945889,0.432888 0.942817,0.436800 0.937091,0.439966 0.933878,0.442388 0.925498,0.457662 0.911253,0.468093 0.905108,0.476662
19 0.845691,0.568717 0.847425,0.565827 0.849738,0.563515 0.851762,0.562648 0.853786,0.562648 0.855665,0.564286 0.857110,0.567272 0.857327,0.571993 0.856966,0.577387 0.853352,0.584420 0.851473,0.586539 0.849015,0.587310 0.846269,0.586732 0.844245,0.584516 0.843667,0.581723 0.843956,0.576809 0.844534,0.572571
1 0.217622,0.625457 0.232147,0.626761 0.233963,0.627878 0.228376,0.632722 0.221672,0.640545 0.207566,0.660103 0.196393,0.683015 0.190946,0.698661 0.187036,0.713377 0.183542,0.731824 0.182565,0.746726 0.181866,0.764235 0.185218,0.797578 0.152799,0.803729 0.129615,0.805591 0.102500,0.804662 0.084344,0.800936 0.062137,0.794603 0.022638,0.775975 0.015236,0.768524 0.011046,0.760887 0.008532,0.749893 0.006437,0.734806 0.006577,0.721767 0.008113,0.704071 0.009510,0.694571 0.006577,0.690281 0.004622,0.683576 0.001968,0.670350 0.000013,0.656194 0.000152,0.594160 0.004622,0.577209 0.010068,0.559880 0.011325,0.558390 0.010627,0.562861 0.012722,0.568821 0.015515,0.568449 0.013420,0.574782 0.011186,0.585772 0.010627,0.598997 0.011605,0.612595 0.014817,0.615575 0.020264,0.616134 0.026130,0.617997 0.032973,0.622653 0.047778,0.626379 0.065794,0.628242 0.087861,0.628983 0.107554,0.628983 0.132135,0.626934 0.136325,0.623581 0.139676,0.625071 0.148755,0.622463 0.181040,0.621159 0.198359,0.623208
8 0.843853,0.324195 0.864234,0.313487 0.869329,0.317400 0.879056,0.326049 0.886467,0.333874 0.895113,0.339228 0.908700,0.342111 0.933885,0.345817 0.939134,0.350553 0.943303,0.358584 0.946082,0.368469 0.947317,0.374852 0.944538,0.381648 0.941141,0.394827 0.931415,0.428602 0.931260,0.433133 0.933885,0.442399 0.925651,0.457202 0.911450,0.467705 0.905120,0.476319 0.894017,0.484928 0.890919,0.479246 0.886271,0.474769 0.877751,0.470637 0.873232,0.469259 0.866906,0.469431 0.858385,0.472531 0.849348,0.477524 0.838117,0.487683 0.829209,0.499391 0.822360,0.510415 0.814485,0.526084 0.802987,0.557081 0.795370,0.585664 0.762836,0.593412 0.772002,0.588246 0.778328,0.581015 0.787494,0.567240 0.807892,0.528671 0.825192,0.485626 0.832294,0.463062 0.842497,0.421903 0.845337,0.407956 0.845982,0.393149 0.831781,0.370072 0.837590,0.368694 0.841850,0.366628 0.846240,0.360602 0.852695,0.346655 0.854115,0.342867 0.853986,0.339423 0.851147,0.332704 0.847533,0.328744
46 0.820381,0.582417 0.821685,0.570239 0.829252,0.547273 0.835513,0.535442 0.845167,0.525003 0.849863,0.521523 0.857951,0.519783 0.866300,0.522219 0.871779,0.528135 0.876736,0.537878 0.879867,0.552840 0.879345,0.568499 0.876475,0.584853 0.870996,0.600164 0.864734,0.611299 0.857168,0.621042 0.849341,0.626261 0.841775,0.628349 0.835722,0.627559 0.832122,0.624869 0.827436,0.620274 0.824816,0.616518 0.822479,0.611126 0.820903,0.602948 0.820120,0.590769
40 0.474964,0.357550 0.433390,0.400081 0.428430,0.457418 0.466224,0.450172 0.510633,0.448282 0.516066,0.446077 0.517955,0.440406 0.519845,0.424654 0.520081,0.412367 0.514412,0.405121 0.504964,0.398505 0.495751,0.393150 0.483232,0.392520 0.474256,0.394095
70 0.035134,0.562353 0.029787,0.572568 0.026757,0.579220 0.024529,0.586465 0.023460,0.591335 0.021588,0.593592 0.021588,0.601907 0.023282,0.610340 0.025331,0.615448 0.029163,0.619249 0.034867,0.622337 0.043868,0.624475 0.048324,0.625901 0.074524,0.628157 0.108573,0.628281 0.132367,0.626262 0.136467,0.622461 0.157949,0.585746 0.167752,0.567454 0.170247,0.562584 0.171851,0.558427 0.171851,0.554388 0.171495,0.551775 0.170069,0.548924 0.167128,0.546192 0.163563,0.544529 0.160979,0.544173 0.112054,0.545955 0.110895,0.547618 0.105548,0.547736 0.082013,0.550821 0.064011,0.553434 0.049128,0.556284 0.036295,0.561036
63 0.015486,0.567184 0.017266,0.558999 0.019936,0.549153 0.021182,0.541324 0.023318,0.537765 0.023674,0.542747 0.025632,0.552237 0.028658,0.557694 0.032574,0.559473 0.038181,0.558999 0.034799,0.561371 0.027056,0.577148 0.025098,0.583436 0.023229,0.591027 0.021182,0.593281 0.021182,0.602178 0.022250,0.608940 0.024386,0.614634 0.027234,0.618074 0.020915,0.615346 0.014596,0.615108 0.011926,0.612499 0.010769,0.599924 0.011392,0.585689 0.013973,0.574183 0.016020,0.567777
32 0.036572,0.709052 0.037223,0.727548 0.037729,0.728993 0.052907,0.733328 0.066857,0.736315 0.077698,0.737374 0.084348,0.736026 0.088973,0.733136 0.092154,0.728993 0.094611,0.725043 0.095551,0.720805 0.095551,0.718974 0.094539,0.717625 0.093093,0.716662 0.075313,0.715217 0.055943,0.712809 0.043366,0.710015 0.037151,0.708281
29 0.392275,0.510985 0.403550,0.507228 0.408610,0.505975 0.410706,0.506361 0.413019,0.508287 0.413886,0.510311 0.413814,0.513008 0.413019,0.516669 0.411284,0.518884 0.405791,0.521004 0.395383,0.523027 0.392709,0.522930 0.391697,0.521678 0.390829,0.519270 0.390685,0.515609 0.391408,0.512623
14 0.423732,0.259546 0.439232,0.261150 0.474229,0.266853 0.504951,0.272978 0.528863,0.278680 0.520470,0.284171 0.499898,0.301738 0.465374,0.332938 0.446703,0.350839 0.427207,0.370529 0.386546,0.410678 0.377152,0.419457 0.365265,0.425764 0.356190,0.427299 0.337196,0.427981 0.316682,0.423378 0.286437,0.411617 0.266421,0.398403 0.262267,0.392437 0.263987,0.378797 0.268524,0.369677 0.274084,0.363881 0.293265,0.352116 0.341923,0.314181 0.365504,0.296367 0.393259,0.277527 0.412751,0.265935
65 0.788208,0.278963 0.809712,0.292803 0.842966,0.323816 0.849968,0.332820 0.852968,0.337655 0.853593,0.342657 0.846967,0.357997 0.841591,0.365667 0.836591,0.368335 0.831465,0.369002
35 0.626586,0.462473 0.624602,0.464017 0.623610,0.466884 0.623941,0.469310 0.624933,0.471516 0.626917,0.471957 0.660652,0.465782 0.663132,0.463576 0.665117,0.461812 0.665613,0.458724 0.665448,0.456077 0.663463,0.453431 0.659990,0.453651 0.655691,0.454754 0.650983,0.456417 0.644323,0.458859 0.635085,0.460793
51 0.406831,0.707615 0.407606,0.713916 0.406676,0.724865 0.414271,0.723316 0.783431,0.605735 0.790096,0.603876 0.795366,0.599847 0.796606,0.592823 0.795444,0.585902 0.773666,0.591170 0.408099,0.706892
57 0.389100,0.685842 0.394101,0.690511 0.395226,0.700348 0.398101,0.707685 0.399977,0.721024 0.406353,0.724859 0.407103,0.714021 0.405978,0.703183 0.406103,0.687843 0.402102,0.662499 0.399102,0.651494 0.394101,0.639656 0.388850,0.629151 0.377973,0.614812 0.369337,0.605637 0.360586,0.599301 0.352710,0.594965 0.346584,0.592464 0.330957,0.588796 0.319955,0.587796 0.306578,0.588463 0.290563,0.591963 0.278687,0.595965 0.266169,0.602469 0.255168,0.608972 0.235790,0.625979 0.224150,0.638654 0.216023,0.648492 0.207522,0.662665 0.198385,0.680678 0.190759,0.701687 0.186008,0.721195 0.183883,0.737869 0.184006,0.742208 0.189257,0.746043 0.191383,0.751545 0.193633,0.746376 0.193883,0.732871 0.201137,0.687014 0.213889,0.657834 0.228522,0.636822 0.255276,0.615146 0.283792,0.604305 0.307170,0.602305 0.328924,0.606140 0.360803,0.624814 0.377207,0.647660 0.386958,0.674838
60 0.016240,0.735066 0.021123,0.729695 0.017558,0.724220 0.021045,0.719675 0.017713,0.710688 0.019185,0.707176 0.015233,0.701391 0.013218,0.693747 0.008878,0.690338 0.010660,0.694057 0.012985,0.697466 0.013295,0.706556 0.013063,0.717092 0.013602,0.731662 0.014609,0.736827
39 0.023635,0.526035 0.023635,0.523145 0.022045,0.522663 0.020310,0.524301 0.012793,0.544917 0.011203,0.556188 0.010986,0.562065 0.012287,0.567170 0.014094,0.567170 0.017130,0.558789 0.019443,0.549252 0.020744,0.540485 0.023056,0.537017
16 0.718669,0.233407 0.714476,0.231576 0.711874,0.231384 0.707682,0.235333 0.705080,0.238898 0.711007,0.241499 0.718090,0.242270 0.719536,0.239958 0.738978,0.201423 0.738906,0.200075 0.738039,0.199497 0.736955,0.201520
22 0.276407,0.379901 0.289995,0.391172 0.297801,0.398205 0.312835,0.410536 0.313341,0.413522 0.309655,0.415256 0.306185,0.412366 0.295633,0.401577 0.286671,0.393581 0.280599,0.390594 0.273299,0.383466 0.272793,0.381924 0.275540,0.379805
31 0.269466,0.383756 0.276332,0.394353 0.272574,0.398014 0.269611,0.399267 0.267948,0.396665 0.267225,0.392041 0.264768,0.384527 0.264407,0.381733 0.272574,0.365453 0.274959,0.362755 0.278139,0.361985 0.280235,0.362370 0.279296,0.364200 0.276477,0.364875 0.273441,0.366705 0.268310,0.380288
30 0.297801,0.353505 0.290284,0.359189 0.285442,0.364680 0.280672,0.375855 0.277925,0.380961 0.274456,0.377878 0.278356,0.371425 0.281175,0.365645 0.284644,0.361503 0.291149,0.355819 0.297654,0.351195 0.298594,0.352062
23 0.306255,0.414102 0.300617,0.416511 0.295052,0.414295 0.286234,0.399556 0.283126,0.393679 0.285222,0.390307 0.284933,0.386647 0.285439,0.385394 0.287824,0.386069 0.287680,0.388477 0.286234,0.387803 0.286596,0.390018 0.285656,0.392812 0.293968,0.400423 0.304015,0.410345
