11 0.310125,0.317914 0.316015,0.302875 0.314871,0.300738 0.310751,0.300433 0.306860,0.305927 0.303427,0.318134 0.297476,0.334005 0.277335,0.382226 0.258796,0.418545 0.245521,0.445402 0.237510,0.478974 0.234074,0.496979 0.238423,0.499725 0.241398,0.509187 0.241627,0.517427 0.246433,0.477751 0.248102,0.469635 0.251241,0.457396 0.252978,0.448169 0.253802,0.445428 0.255020,0.444314 0.256559,0.443496 0.264057,0.460965 0.265888,0.447536 0.271610,0.420068 0.279849,0.389548 0.286945,0.368795 0.295783,0.346585 0.303424,0.329424 0.308001,0.320879
12 0.612525,0.194001 0.619535,0.209482 0.626982,0.229344 0.637716,0.262058 0.648011,0.295065 0.653268,0.314927 0.653706,0.312591 0.655467,0.310450 0.659322,0.309022 0.661678,0.310307 0.648079,0.266617 0.632122,0.223622 0.621308,0.198636 0.611243,0.181503 0.605033,0.172651 0.598716,0.166654 0.593790,0.163227 0.564438,0.158361 0.532852,0.154506 0.514408,0.153220 0.512695,0.153791 0.506485,0.153791 0.473293,0.152935 0.468260,0.152506 0.467939,0.151078 0.420695,0.152935 0.406775,0.154363 0.385669,0.158504 0.381921,0.159646 0.376675,0.163501 0.364246,0.176642 0.356322,0.188635 0.346365,0.207339 0.335648,0.230479 0.326869,0.250753 0.319687,0.268754 0.309301,0.301592 0.310586,0.300022 0.315083,0.300307 0.317117,0.305162 0.323649,0.285887 0.334142,0.256332 0.345920,0.226920 0.363810,0.185782 0.402265,0.183495 0.428070,0.182781 0.486658,0.182779 0.521670,0.183921 0.575135,0.188349 0.587662,0.189777
10 0.658992,0.326065 0.655101,0.311720 0.659220,0.309584 0.661738,0.310805 0.672266,0.346208 0.677759,0.362383 0.686228,0.384358 0.700418,0.417930 0.700647,0.419456 0.709802,0.436547 0.716669,0.451502 0.720559,0.469203 0.724908,0.500639 0.724450,0.505522 0.717584,0.512541 0.715753,0.522918 0.713922,0.517119 0.710718,0.482021 0.708429,0.465235 0.706369,0.456995 0.703394,0.453028 0.699510,0.462628 0.694696,0.469203 0.692865,0.446924 0.688288,0.422202 0.678904,0.380085 0.662883,0.332474
14 0.654512,0.314969 0.656386,0.320702 0.656937,0.325112 0.654622,0.328935 0.648999,0.330699 0.613170,0.333345 0.599145,0.329677 0.585474,0.328795 0.492396,0.318067 0.487325,0.320860 0.420957,0.322183 0.410016,0.320275 0.381462,0.314394 0.371299,0.311159 0.361818,0.309983 0.357518,0.309836 0.355424,0.312482 0.323673,0.309101 0.318161,0.307190 0.324334,0.287491 0.331831,0.264999 0.352120,0.213234 0.363922,0.186318 0.380789,0.184848 0.399421,0.183966 0.432715,0.183084 0.490179,0.182936 0.517189,0.183965 0.561541,0.187486 0.589874,0.190427 0.612254,0.194249 0.619331,0.209843 0.627930,0.233070 0.636088,0.258356 0.649659,0.302325 0.650982,0.308352 0.653297,0.316879
41 0.307908,0.301631 0.309512,0.286083 0.309220,0.279181 0.308200,0.276070 0.306159,0.272960 0.302076,0.270918 0.296900,0.269849 0.286695,0.269363 0.278384,0.270821 0.272334,0.273737 0.270147,0.275584 0.268251,0.278500 0.270366,0.295317 0.272552,0.301052 0.276052,0.307468 0.282831,0.311259 0.302878,0.318939 0.306669,0.305524 0.309002,0.302024
40 0.661971,0.310914 0.666126,0.311983 0.666126,0.297888 0.667219,0.290306 0.668531,0.285543 0.669406,0.283696 0.680195,0.281849 0.690765,0.282141 0.698784,0.284279 0.704324,0.286612 0.707167,0.289431 0.708917,0.291959 0.708844,0.296819 0.707095,0.307804 0.704106,0.315775 0.701773,0.319954 0.694921,0.322482 0.675019,0.327439 0.667675,0.328899 0.667001,0.328314
1 0.233819,0.498211 0.231347,0.520558 0.231077,0.582742 0.232964,0.624078 0.236738,0.656787 0.234851,0.674400 0.237547,0.688059 0.257224,0.713939 0.273398,0.727957 0.298742,0.746311 0.325158,0.753859 0.363705,0.759969 0.414651,0.763564 0.497761,0.766816 0.550055,0.764300 0.613401,0.759627 0.650869,0.754595 0.675938,0.739139 0.709633,0.705711 0.718259,0.690254 0.719607,0.677314 0.719337,0.657904 0.724728,0.606504 0.727431,0.551474 0.725545,0.505824 0.717727,0.512654 0.715571,0.525594 0.708832,0.542128 0.702926,0.551387 0.695624,0.558663 0.677833,0.573759 0.659773,0.583824 0.647642,0.587418 0.643111,0.588093 0.619878,0.601437 0.601009,0.610423 0.558958,0.612580 0.469964,0.612935 0.422792,0.611138 0.362637,0.607184 0.348081,0.603949 0.310074,0.581663 0.300340,0.580216 0.285784,0.573027 0.267184,0.559727 0.257310,0.549006 0.248585,0.535644 0.244949,0.528720 0.243194,0.520548 0.241423,0.518396 0.240768,0.508741 0.239445,0.504738 0.238147,0.499822
6 0.265231,0.461286 0.266819,0.449207 0.269629,0.433149 0.276319,0.403889 0.283812,0.379446 0.291973,0.357501 0.301079,0.335886 0.306431,0.324289 0.311516,0.315725 0.312854,0.319829 0.318339,0.322326 0.327036,0.324467 0.351120,0.326787 0.412705,0.330891 0.449499,0.332318 0.505311,0.333745 0.624426,0.334276 0.645299,0.332492 0.654932,0.329994 0.658678,0.324998 0.662692,0.332670 0.672205,0.360518 0.678762,0.383355 0.683177,0.401554 0.687734,0.422980 0.691347,0.446174 0.693283,0.461982 0.693573,0.470181 0.688381,0.477426 0.676990,0.489243 0.641139,0.522613 0.631755,0.529938 0.624660,0.532990 0.562452,0.536477 0.485925,0.537581 0.438033,0.536365 0.400955,0.534228 0.368683,0.531481 0.335267,0.527514 0.323594,0.523546 0.307573,0.508286 0.268664,0.467695 0.265231,0.461286
63 0.632871,0.529592 0.626648,0.555921 0.620187,0.575388 0.625930,0.579856 0.629879,0.581451 0.647829,0.586717 0.642564,0.587515 0.621263,0.600281 0.600322,0.610174 0.558175,0.612091 0.478214,0.612571 0.398844,0.609224 0.362200,0.606668 0.348080,0.603477 0.309907,0.580818 0.319360,0.577946 0.326540,0.576509 0.336592,0.571722 0.323548,0.523852 0.332164,0.527841 0.374286,0.532788 0.454972,0.537095 0.508941,0.537574 0.562713,0.536936 0.625178,0.533585
70 0.633930,0.529115 0.626032,0.560550 0.620408,0.575709 0.628186,0.580815 0.649127,0.586560 0.659418,0.583528 0.676650,0.573794 0.702378,0.551455 0.708267,0.541552 0.714369,0.526871 0.710181,0.480118 0.707549,0.463203 0.705993,0.457140 0.703959,0.454268 0.703001,0.454746 0.699052,0.463363 0.694984,0.469427 0.688283,0.478043 0.675957,0.491128 0.642327,0.522085
71 0.323732,0.525109 0.332793,0.560311 0.336104,0.571813 0.325744,0.576465 0.311368,0.579835 0.304311,0.580415 0.300129,0.579718 0.285230,0.571934 0.270245,0.561362 0.264320,0.556366 0.257611,0.548815 0.248986,0.535686 0.245065,0.528716 0.242713,0.517563 0.243753,0.502214 0.246890,0.476887 0.251768,0.456777 0.253510,0.447715 0.254381,0.445624 0.255601,0.444230 0.256647,0.443881 0.264227,0.461889 0.265359,0.462934 0.268321,0.467930 0.304130,0.505224 0.317896,0.518933
59 0.492750,0.634129 0.505570,0.633901 0.541978,0.633673 0.571037,0.632990 0.575139,0.634129 0.576165,0.637092 0.576507,0.645070 0.575652,0.687693 0.574966,0.695227 0.572744,0.697506 0.567103,0.698646 0.472748,0.698646 0.381261,0.696598 0.379381,0.694774 0.379039,0.689076 0.378184,0.638931 0.378526,0.631637 0.380577,0.629813 0.385876,0.630269
61 0.643561,0.671065 0.654329,0.669242 0.666637,0.664455 0.679115,0.655338 0.692276,0.644853 0.704755,0.633229 0.712959,0.624795 0.719626,0.615678 0.721506,0.612259 0.716036,0.651691 0.712617,0.666735 0.708344,0.677676 0.698772,0.691807 0.688687,0.702292 0.669358,0.720538 0.655513,0.731023 0.644402,0.735810 0.633121,0.737633
60 0.311156,0.667891 0.317139,0.710742 0.322438,0.735131 0.341069,0.738778 0.417029,0.746052 0.468414,0.748351 0.561951,0.744931 0.599588,0.741739 0.632920,0.737636 0.643346,0.672443 0.588647,0.677913 0.575485,0.678369 0.575827,0.688854 0.574802,0.695464 0.572238,0.698199 0.567281,0.698883 0.486414,0.698882 0.438497,0.698420 0.381216,0.697054 0.378823,0.694774 0.377968,0.675400 0.349593,0.673349 0.326005,0.670614
21 0.269110,0.277227 0.273381,0.272444 0.279018,0.270621 0.286705,0.269710 0.296100,0.269710 0.305324,0.271760 0.308911,0.277227 0.309082,0.288616 0.307545,0.298866 0.304641,0.302739 0.298491,0.303194 0.290975,0.302055 0.276797,0.298183 0.271331,0.296133 0.270306,0.293627 0.269281,0.287477 0.268940,0.280872
62 0.234383,0.606791 0.237289,0.634371 0.240024,0.653517 0.243613,0.669245 0.246519,0.674943 0.256946,0.688163 0.273868,0.706854 0.292671,0.723948 0.304294,0.730331 0.318140,0.735801 0.321559,0.735801 0.321559,0.733294 0.316431,0.710728 0.310448,0.667421 0.297799,0.663774 0.286347,0.658532 0.275065,0.650554 0.259681,0.637106 0.250109,0.627761 0.242759,0.618872
20 0.667755,0.314358 0.675784,0.314130 0.687741,0.312080 0.701065,0.310714 0.706360,0.308436 0.707727,0.302741 0.708410,0.295908 0.708239,0.291124 0.704652,0.287708 0.696965,0.283608 0.685349,0.281558 0.673563,0.282013 0.668780,0.284291 0.666901,0.290897 0.666559,0.300919 0.667243,0.311853
32 0.677687,0.661833 0.673929,0.664338 0.670683,0.667299 0.668975,0.671627 0.666071,0.680738 0.662997,0.689850 0.662997,0.692583 0.668975,0.689166 0.680591,0.680283 0.689815,0.671627 0.698698,0.661833 0.703481,0.655455 0.707751,0.645660 0.711168,0.635638 0.711680,0.631310 0.710826,0.630626 0.709460,0.631537 0.705189,0.637004 0.695794,0.646571 0.682641,0.658188
33 0.245196,0.625842 0.246391,0.635864 0.250320,0.645431 0.257836,0.655909 0.272527,0.670943 0.289951,0.686660 0.289096,0.681648 0.282776,0.662287 0.271331,0.653631 0.252370,0.635409 0.247758,0.629031
18 0.304727,0.651181 0.304488,0.646881 0.305802,0.643377 0.307354,0.641307 0.310460,0.640511 0.313804,0.640511 0.316909,0.641785 0.319656,0.645129 0.321447,0.649429 0.321566,0.654684 0.320492,0.658666 0.319178,0.661054 0.316073,0.662965 0.312968,0.663284 0.310460,0.661373 0.307832,0.658984 0.306280,0.656117 0.305563,0.653729
39 0.458124,0.564538 0.456452,0.570589 0.456213,0.581737 0.457168,0.586196 0.459557,0.593681 0.467558,0.602918 0.472694,0.606262 0.480695,0.607218 0.486428,0.605147 0.492041,0.601166 0.495624,0.596229 0.498849,0.589381 0.500879,0.582374 0.501476,0.574093 0.499804,0.565653 0.497415,0.560556 0.493833,0.554505 0.490608,0.551479 0.485831,0.548294 0.481651,0.546701 0.476396,0.546701 0.469828,0.549090 0.465528,0.552116 0.459079,0.561990
22 0.423150,0.322672 0.492963,0.322672 0.496393,0.319845 0.501613,0.320498 0.495415,0.326806 0.475678,0.327241 0.427232,0.326806 0.420219,0.325936
31 0.374015,0.310927 0.364228,0.310927 0.359987,0.312232 0.366838,0.314407 0.373199,0.314624 0.375972,0.317887 0.380539,0.320714 0.422018,0.329643 0.461788,0.332242 0.506237,0.332762 0.500973,0.329383 0.494150,0.326523 0.471731,0.327823 0.419484,0.327043 0.380299,0.318724 0.375035,0.314565
30 0.354604,0.311144 0.325406,0.308317 0.319371,0.309187 0.320676,0.313319 0.333073,0.314842 0.355583,0.315277 0.362434,0.313972 0.376461,0.317669 0.397829,0.323107 0.414141,0.325500 0.412836,0.323107 0.405496,0.320932 0.393425,0.318757 0.380213,0.314407 0.367327,0.311362 0.357540,0.310274
23 0.516549,0.322166 0.509540,0.319992 0.497967,0.320862 0.493239,0.323253 0.492913,0.324557 0.496500,0.325209 0.506769,0.324122 0.515734,0.325427 0.531057,0.328687 0.557464,0.331947 0.585665,0.333686 0.605878,0.333252 0.593190,0.328255 0.577215,0.328908 0.547548,0.326517 0.534018,0.325647 0.525542,0.324343
