7 0.811155,0.659547 0.806891,0.675752 0.801561,0.703898 0.787703,0.783644 0.780454,0.801341 0.774911,0.812216 0.787063,0.810723 0.796018,0.804753 0.801348,0.796437 0.804333,0.787269 0.808171,0.760402 0.808810,0.743558 0.807105,0.724154
2 0.800898,0.172760 0.805931,0.172760 0.810076,0.174537 0.813925,0.177794 0.819847,0.186381 0.827249,0.202963 0.833763,0.222802 0.841165,0.249748 0.850935,0.258631 0.853600,0.264257 0.857155,0.288844 0.860708,0.291213 0.857451,0.303057 0.855971,0.369110 0.845904,0.442545 0.843832,0.410862 0.846200,0.374440 0.836430,0.296268 0.835243,0.290624 0.836132,0.281741
4 0.799716,0.172779 0.793498,0.176629 0.790538,0.185216 0.791426,0.214530 0.795275,0.246214 0.796163,0.269903 0.799716,0.314023 0.800900,0.325571 0.812151,0.375021 0.823106,0.394564 0.828436,0.411174 0.830804,0.429236 0.830212,0.452037 0.828436,0.476924 0.832285,0.499428 0.832285,0.511273 0.835838,0.491137 0.838798,0.479589 0.845016,0.448498 0.843240,0.416518 0.845312,0.372990 0.835835,0.298045 0.831690,0.294788 0.828433,0.282943 0.821327,0.247706 0.815998,0.225202 0.805043,0.187269
6 0.298824,0.343698 0.287498,0.354187 0.254077,0.381877 0.209301,0.416986 0.169287,0.455459 0.153765,0.473360 0.141444,0.488622 0.138088,0.497013 0.137529,0.516452 0.142982,0.537150 0.151227,0.564164 0.160177,0.577310 0.189403,0.585561 0.239919,0.598855 0.259636,0.603190 0.339241,0.618019 0.382170,0.623194 0.419542,0.628234 0.443733,0.630892 0.515370,0.637186 0.540960,0.638165 0.550329,0.636767 0.562215,0.633550 0.583367,0.624736 0.653705,0.593829 0.683116,0.580667 0.708007,0.568500 0.713461,0.553396 0.745775,0.473659 0.768991,0.411966 0.776682,0.388751 0.778642,0.380625 0.779062,0.358668 0.768574,0.363563 0.746060,0.371115 0.722009,0.373772 0.680453,0.374754 0.614558,0.375031 0.539430,0.372795 0.510064,0.371676 0.417455,0.365945 0.389069,0.363568 0.339652,0.357961 0.318257,0.354884 0.305952,0.351808 0.301617,0.349570 0.300498,0.346773 0.300218,0.342298
14 0.313524,0.339038 0.330039,0.320765 0.345675,0.297572 0.364649,0.272270 0.424054,0.207591 0.450231,0.201617 0.466967,0.199157 0.571325,0.194940 0.668880,0.193532 0.698922,0.194060 0.746006,0.195465 0.769945,0.196868 0.773985,0.198800 0.776621,0.239564 0.779081,0.300378 0.779432,0.336398 0.777500,0.348345 0.768364,0.359063 0.738849,0.369957 0.719699,0.373471 0.623380,0.367850 0.526894,0.356781 0.425666,0.356428 0.369048,0.348873 0.353587,0.342548 0.316869,0.339736
41 0.335636,0.295447 0.331420,0.292284 0.322987,0.290879 0.315257,0.291933 0.307000,0.294217 0.300148,0.297380 0.295404,0.303002 0.295931,0.311787 0.307351,0.330236 0.324744,0.308625
1 0.119501,0.580313 0.113447,0.590153 0.109915,0.604787 0.109410,0.628504 0.107634,0.646943 0.109400,0.670408 0.113437,0.690845 0.122267,0.705479 0.122013,0.726684 0.125797,0.753176 0.129077,0.769576 0.135133,0.781958 0.146233,0.791041 0.159352,0.798862 0.194672,0.814758 0.263067,0.838998 0.303180,0.851614 0.333998,0.859442 0.377139,0.871806 0.460987,0.891500 0.516994,0.901845 0.562910,0.908153 0.589904,0.907396 0.642884,0.894780 0.680726,0.881408 0.730228,0.860204 0.742590,0.852130 0.755708,0.839010 0.772359,0.816554 0.780432,0.799397 0.787315,0.782199 0.806733,0.671000 0.815598,0.634489 0.821294,0.599679 0.816864,0.603688 0.805895,0.609595 0.789441,0.616346 0.774886,0.628371 0.756955,0.645248 0.739024,0.657906 0.708403,0.674786 0.679081,0.687233 0.621676,0.705167 0.599948,0.709386 0.581174,0.710441 0.573791,0.710230 0.555649,0.716770 0.517212,0.723734 0.481562,0.726055 0.411698,0.717826 0.357062,0.708332 0.281075,0.692082 0.237831,0.681534 0.185462,0.664013 0.172995,0.657315 0.162047,0.646925 0.148125,0.631102 0.136733,0.627305 0.128085,0.618233 0.122389,0.603676 0.120912,0.589752
12 0.300268,0.339104 0.315094,0.322014 0.359824,0.265720 0.395521,0.227249 0.417132,0.205887 0.433465,0.194830 0.450050,0.185531 0.480205,0.172965 0.559652,0.157877 0.578749,0.155364 0.634284,0.153102 0.701435,0.152593 0.752195,0.154603 0.788129,0.159127 0.801694,0.163149 0.813254,0.175463 0.805212,0.171693 0.798572,0.171902 0.792950,0.175944 0.790139,0.183850 0.790139,0.198082 0.796118,0.276303 0.800686,0.347288 0.796997,0.343949 0.780482,0.341138 0.779955,0.286846 0.774858,0.197917 0.770642,0.196160 0.739194,0.194578 0.672216,0.192633 0.570844,0.194214 0.466965,0.198431 0.445883,0.201418 0.428314,0.205284 0.423395,0.207216 0.359934,0.276647 0.323714,0.322522 0.311767,0.334997 0.302631,0.339741
10 0.832382,0.511768 0.824851,0.575709 0.821625,0.595665 0.819713,0.599608 0.815767,0.604041 0.809673,0.607387 0.794498,0.613242 0.786971,0.618022 0.776576,0.626029 0.765822,0.637142 0.761879,0.640727 0.760564,0.640249 0.763551,0.630092 0.765463,0.615393 0.768211,0.576676 0.768450,0.560663 0.767853,0.552657 0.767017,0.549191 0.764866,0.545965 0.762237,0.543336 0.759369,0.542141 0.753039,0.542381 0.746108,0.546325 0.733662,0.554923 0.714664,0.565320 0.712155,0.565439 0.711318,0.564244 0.753860,0.457985 0.760073,0.439583 0.771788,0.408254 0.777046,0.391644 0.779794,0.381845 0.780630,0.373480 0.780630,0.341801 0.796999,0.344908 0.799508,0.346461 0.801659,0.349329 0.801779,0.358291 0.802974,0.371795 0.802854,0.378009 0.805363,0.383744 0.807633,0.385059 0.811218,0.381474 0.812652,0.376336 0.822816,0.394626 0.828193,0.411475 0.830701,0.429292 0.828197,0.477701 0.832140,0.500047
40 0.799147,0.313037 0.814959,0.369789 0.818473,0.363113 0.836393,0.359599 0.862746,0.356084 0.890856,0.350813 0.899992,0.347826 0.906668,0.336406 0.910181,0.321998 0.910884,0.313916 0.906843,0.310577 0.894897,0.306712 0.869246,0.303022 0.852908,0.302670 0.834636,0.309699 0.825149,0.320768 0.822689,0.329026 0.824542,0.340435 0.816100,0.339391 0.797698,0.282934
35 0.856408,0.288592 0.854651,0.295093 0.855178,0.299837 0.856583,0.301770 0.859570,0.300188 0.861151,0.294566 0.860097,0.290700 0.857989,0.288768
63 0.578269,0.709911 0.539290,0.718387 0.506088,0.723223 0.482234,0.722900 0.452152,0.722024 0.427757,0.718387 0.354530,0.706787 0.289093,0.693569 0.201021,0.669700 0.178456,0.661963 0.164917,0.650679 0.148155,0.629725 0.167174,0.623599 0.159115,0.575565 0.169430,0.579756 0.235190,0.597809 0.304817,0.610059 0.344466,0.618119 0.377990,0.623277 0.453843,0.632305 0.509287,0.637141 0.535719,0.638430 0.551837,0.636496 0.565376,0.632628 0.534191,0.689545 0.533333,0.691111 0.533333,0.691087 0.547470,0.699338
70 0.534064,0.691212 0.564042,0.637463 0.567282,0.633682 0.586187,0.624229 0.645332,0.597760 0.728298,0.559118 0.747743,0.545343 0.754765,0.542372 0.760436,0.541832 0.764215,0.544528 0.767726,0.549930 0.767996,0.562354 0.766376,0.598276 0.762055,0.636089 0.759624,0.641221 0.752063,0.647703 0.734754,0.659063 0.696135,0.679050 0.661026,0.693635 0.628047,0.703367 0.599420,0.709309 0.580785,0.709849 0.567822,0.706338 0.548107,0.699045
71 0.136383,0.497263 0.130441,0.509147 0.123690,0.530484 0.120989,0.554522 0.120989,0.576400 0.121799,0.592875 0.126563,0.611023 0.131709,0.619713 0.135958,0.624579 0.140498,0.626549 0.146955,0.626200 0.165280,0.623126 0.158528,0.574779 0.153127,0.569917 0.145565,0.546690 0.137733,0.517520 0.137463,0.505635
64 0.837208,0.253615 0.834568,0.240970 0.830122,0.223461 0.824842,0.207481 0.818034,0.189695 0.811503,0.179829 0.808725,0.178578 0.805668,0.178161 0.802750,0.178300 0.823870,0.240553 0.833735,0.275848
68 0.809005,0.204852 0.813590,0.223055 0.820399,0.246539 0.828457,0.283919 0.829430,0.297120 0.821372,0.327424 0.817204,0.337846 0.805671,0.306163 0.798029,0.281846 0.792469,0.201239 0.793441,0.187054 0.795942,0.178856 0.800110,0.177188 0.801500,0.177188
59 0.431593,0.746703 0.444347,0.750255 0.446608,0.754292 0.448707,0.764626 0.445155,0.819686 0.440796,0.822270 0.384610,0.811128 0.273314,0.783999 0.210994,0.764946 0.199369,0.760263 0.197432,0.757680 0.191944,0.701312 0.193397,0.698567 0.197756,0.696629 0.202439,0.696952 0.229724,0.702604 0.292852,0.718105 0.364375,0.732314
20 0.827100,0.318727 0.824133,0.323412 0.824446,0.331689 0.825695,0.339966 0.830536,0.343870 0.848338,0.344183 0.880818,0.341059 0.903148,0.337155 0.906277,0.335435 0.909244,0.324347 0.910805,0.316070 0.910493,0.313727 0.907214,0.311541 0.897376,0.308105 0.878481,0.304669 0.863802,0.302951 0.852403,0.303732 0.843658,0.304825 0.835226,0.309198 0.829760,0.314664
60 0.567338,0.815581 0.565602,0.832178 0.563093,0.842985 0.556918,0.865949 0.551708,0.879651 0.515624,0.876949 0.481277,0.871546 0.389013,0.854949 0.360648,0.846457 0.281292,0.825417 0.239805,0.811330 0.176846,0.785654 0.158707,0.778900 0.159093,0.771952 0.154848,0.768865 0.156199,0.759602 0.151761,0.753426 0.152919,0.746479 0.148866,0.723443 0.177152,0.733403 0.195563,0.740496 0.196528,0.758637 0.199616,0.760952 0.206948,0.763654 0.266767,0.782373 0.390519,0.812679 0.440303,0.822714 0.445706,0.819626 0.446478,0.800328 0.542246,0.811716 0.565980,0.814032
61 0.567246,0.814242 0.586157,0.813781 0.615446,0.808245 0.649809,0.796943 0.707004,0.776185 0.739753,0.760040 0.758698,0.748261 0.760082,0.751028 0.757314,0.764867 0.749012,0.796696 0.739317,0.817242 0.718792,0.833849 0.643609,0.866601 0.611293,0.876764 0.592843,0.881376 0.573932,0.881607 0.552254,0.879762 0.559172,0.860618 0.565630,0.835247 0.568397,0.815412
24 0.838822,0.250780 0.838666,0.260306 0.834137,0.291072 0.833044,0.295289 0.835387,0.298725 0.837729,0.285606 0.839759,0.268740 0.840071,0.252810
21 0.310504,0.292956 0.303008,0.295299 0.296762,0.299671 0.295357,0.304981 0.296762,0.313883 0.301291,0.319037 0.309879,0.322941 0.314095,0.323878 0.327525,0.305294 0.335489,0.295299 0.332522,0.293112 0.328306,0.292019 0.320498,0.291863 0.313158,0.292488
62 0.126149,0.708377 0.127533,0.730980 0.132606,0.749432 0.138833,0.761887 0.157975,0.778955 0.158436,0.772035 0.154054,0.768576 0.155438,0.760042 0.150826,0.753353 0.152209,0.745972 0.147597,0.721985 0.141377,0.719404 0.133427,0.715104
32 0.731636,0.770191 0.702532,0.783662 0.676074,0.794727 0.655629,0.801944 0.634221,0.808439 0.627486,0.812047 0.622435,0.820226 0.614498,0.835622 0.618346,0.836103 0.650337,0.825999 0.682328,0.813490 0.704216,0.803387 0.714078,0.796652 0.723699,0.788713 0.734282,0.773318 0.734523,0.769950
26 0.831951,0.296070 0.834918,0.298100 0.835074,0.301223 0.831639,0.312624 0.826173,0.317778
29 0.827283,0.426512 0.824108,0.431804 0.823579,0.439390 0.825166,0.445916 0.827988,0.447504 0.830987,0.442741 0.832927,0.436038 0.830810,0.429511 0.830000,0.426667
18 0.126205,0.695747 0.125868,0.692486 0.126159,0.690319 0.128004,0.688438 0.129466,0.688100 0.131602,0.688662 0.135201,0.691586 0.137675,0.694960 0.139586,0.699121 0.140598,0.702495 0.140711,0.708118 0.139586,0.709805 0.138349,0.710592 0.136325,0.710592 0.132839,0.709130 0.131153,0.707781 0.129466,0.704969 0.127217,0.700133
22 0.410816,0.357582 0.479749,0.358304 0.494547,0.359387 0.518005,0.357763 0.552851,0.367334 0.551047,0.369139 0.535347,0.368778 0.516400,0.367334 0.509723,0.364627 0.500339,0.363905 0.482114,0.362823 0.437000,0.362823 0.407767,0.361379 0.408128,0.359394
39 0.303754,0.631882 0.299459,0.636304 0.295669,0.642495 0.293269,0.649570 0.292511,0.655761 0.293900,0.668016 0.297185,0.675596 0.303754,0.685072 0.310071,0.689620 0.315376,0.691894 0.320177,0.693032 0.324851,0.692653 0.330915,0.691894 0.335336,0.689999 0.339884,0.686967 0.344053,0.681913 0.347464,0.675091 0.349485,0.668774 0.350117,0.662204 0.349864,0.653739 0.346832,0.644643 0.343295,0.639084 0.337231,0.631629 0.332684,0.628976 0.326999,0.626829 0.318156,0.626702 0.312723,0.627334 0.309818,0.628345 0.305649,0.630492
31 0.417565,0.364310 0.386528,0.355711 0.367654,0.351517 0.360524,0.345644 0.352555,0.342918 0.346683,0.343337 0.345425,0.345644 0.350668,0.345644 0.357588,0.346693 0.360944,0.350887 0.366396,0.355921 0.385689,0.362423
30 0.324523,0.341523 0.313155,0.339718 0.307380,0.339357 0.305937,0.342245 0.307561,0.344410 0.338418,0.348200 0.346538,0.350005 0.356824,0.351449 0.367832,0.350907 0.390569,0.357404 0.405186,0.360292 0.404103,0.358848 0.359892,0.346576 0.354659,0.343688 0.349606,0.342786 0.341305,0.344049 0.330478,0.342245
23 0.523755,0.357600 0.516206,0.357810 0.515576,0.360746 0.531095,0.360117 0.536128,0.361795 0.546614,0.366409 0.565697,0.367877 0.595476,0.371862 0.599251,0.373959 0.662793,0.373749 0.659228,0.369764 0.613301,0.367038 0.588765,0.364521 0.558567,0.363473 0.547662,0.362214 0.532144,0.356971
