33 0.659989,0.721680 0.663529,0.727956 0.669160,0.733427 0.678492,0.737450 0.690560,0.741795 0.715499,0.743886 0.758780,0.745335 0.761354,0.744691 0.761354,0.740507 0.759263,0.734071 0.755562,0.726669 0.753471,0.725060 0.744621,0.725221 0.693939,0.722807 0.664012,0.719589 0.661437,0.719589 0.659989,0.720232
59 0.862399,0.650442 0.885631,0.636875 0.932263,0.607706 0.950068,0.595834 0.953290,0.594817 0.955664,0.595665 0.956173,0.601940 0.954986,0.640606 0.952442,0.643320 0.901910,0.678933 0.868495,0.701668 0.865612,0.701668 0.863577,0.698954 0.861203,0.693527 0.860016,0.659949 0.860016,0.652317 0.861203,0.650621
7 0.193653,0.554978 0.191788,0.561194 0.187437,0.565235 0.180755,0.568965 0.166924,0.571452 0.154337,0.572695 0.143770,0.572073 0.139574,0.566478 0.133669,0.561194 0.129163,0.556221 0.126987,0.554356 0.123879,0.547518 0.120305,0.538193 0.115177,0.517212 0.112535,0.497008 0.111913,0.488461 0.112690,0.477426 0.114244,0.469966 0.117508,0.462507 0.122170,0.458932 0.128386,0.455824 0.134291,0.454425 0.144702,0.472453 0.149986,0.485352 0.165526,0.528557 0.164283,0.530889 0.166147,0.536639 0.169411,0.540680 0.183863,0.548606
52 0.355356,0.632474 0.397071,0.657064 0.408602,0.663339 0.412841,0.664696 0.415215,0.669783 0.414367,0.675380 0.410128,0.676737 0.389271,0.665374 0.168782,0.539690 0.166407,0.535959 0.165390,0.530702 0.166238,0.528667 0.169629,0.529685 0.179125,0.533924
3 0.248317,0.288911 0.234785,0.287300 0.201922,0.289878 0.190001,0.292133 0.180658,0.296644 0.176147,0.300833 0.162616,0.326288 0.148762,0.358510 0.141996,0.368821 0.130719,0.383320 0.133924,0.413297 0.139401,0.450997 0.147134,0.465174 0.157122,0.488696 0.161310,0.502873 0.167432,0.517373 0.176131,0.531551 0.239923,0.567961 0.231869,0.540573 0.235413,0.519629 0.225747,0.466463 0.223170,0.440363 0.224136,0.419742 0.234124,0.394931 0.228325,0.392353 0.230580,0.363031 0.235735,0.331454 0.244756,0.297299
27 0.288634,0.416483 0.235243,0.395308 0.232481,0.399451 0.288173,0.420395
40 0.669583,0.346303 0.674330,0.345997 0.680454,0.348140 0.684895,0.350897 0.686885,0.352887 0.688416,0.354725 0.687191,0.356869 0.684282,0.356716
7 0.571802,0.771021 0.561857,0.782056 0.539635,0.792624 0.518656,0.796820 0.501407,0.796509 0.492704,0.789049 0.470934,0.776923 0.462231,0.769464 0.456948,0.765578 0.447624,0.755476 0.439854,0.740867 0.433638,0.727657 0.426490,0.711183 0.421206,0.693311 0.418552,0.678997 0.417930,0.663611 0.418707,0.642164 0.422592,0.627866 0.427875,0.616676 0.433003,0.607803 0.438131,0.602675 0.450097,0.597235 0.466880,0.594438 0.480400,0.594748 0.489102,0.595681 0.497649,0.599100 0.507439,0.607337 0.515830,0.614952 0.522202,0.623034 0.533398,0.638735 0.543344,0.657695 0.553921,0.681641 0.566511,0.724233 0.569464,0.738687 0.572105,0.759512
6 0.801319,0.586466 0.795259,0.588331 0.786556,0.588797 0.771483,0.586777 0.721133,0.576675 0.675135,0.568438 0.661460,0.565485 0.655244,0.566107 0.651515,0.560668 0.627406,0.544182 0.609380,0.533147 0.581391,0.516821 0.540814,0.494278 0.487962,0.467231 0.464186,0.453866 0.452686,0.445629 0.450822,0.440189 0.475375,0.442676 0.534294,0.435675 0.565529,0.430701 0.619763,0.420599 0.661140,0.411102 0.694084,0.403021 0.719414,0.393385 0.725785,0.386702 0.725941,0.384526 0.730603,0.387013 0.745832,0.392453 0.818131,0.421050 0.838955,0.431463 0.864129,0.442031 0.881689,0.451667 0.903468,0.465660 0.911860,0.471566 0.923528,0.484628 0.932075,0.497216 0.940466,0.514623 0.931402,0.523635 0.925225,0.528151 0.919322,0.533281 0.898879,0.546035 0.880925,0.555671 0.832286,0.576030 0.812706,0.583023
17 0.488244,0.672586 0.484060,0.673230 0.482773,0.674839 0.481808,0.678540 0.483095,0.682241 0.485187,0.683046 0.488726,0.682402 0.490979,0.679184 0.490979,0.675966
67 0.176688,0.301737 0.166276,0.308628 0.155252,0.317969 0.138256,0.338029 0.136725,0.342011 0.136418,0.346145 0.136878,0.350739 0.138409,0.356099 0.140246,0.360846 0.144227,0.363296 0.148055,0.363296 0.161576,0.328524
70 0.940374,0.518483 0.944067,0.548029 0.947920,0.549635 0.950008,0.548832 0.950971,0.545460 0.949205,0.537913 0.945994,0.526030 0.942782,0.516716 0.941016,0.513987
60 0.804906,0.766298 0.803379,0.755784 0.798801,0.752562 0.791679,0.751374 0.784726,0.735772 0.783031,0.717796 0.798462,0.715421 0.824067,0.707281 0.860525,0.689644 0.860525,0.693884 0.864426,0.701346 0.866969,0.702363 0.870191,0.701176 0.953460,0.642660 0.955156,0.640625 0.955495,0.635367 0.958038,0.642141 0.957190,0.649603 0.941929,0.667749 0.916663,0.694035 0.895109,0.713214 0.867807,0.731700 0.834571,0.750524 0.812018,0.761717
47 0.111579,0.382938 0.109544,0.378698 0.108187,0.376663 0.104965,0.376493 0.102931,0.378359 0.100896,0.382429 0.100217,0.389213 0.101065,0.400236 0.102083,0.403797 0.104626,0.406680 0.107848,0.407019 0.111070,0.401084 0.112427,0.394300 0.112257,0.387686
20 0.669305,0.346022 0.674052,0.345716 0.680176,0.347860 0.684617,0.350616 0.686607,0.352607 0.688138,0.354445 0.686913,0.356589 0.684004,0.356435
29 0.397975,0.498913 0.405110,0.500754 0.410172,0.503516 0.412709,0.506966 0.410638,0.512030 0.407876,0.515482 0.393147,0.510419 0.391306,0.506506 0.392457,0.502133 0.395909,0.499601
12 0.718958,0.380241 0.694617,0.364541 0.639057,0.324851 0.581203,0.289747 0.545551,0.276141 0.525443,0.270849 0.481322,0.263259 0.455923,0.260966 0.404735,0.258846 0.326774,0.260787 0.284407,0.263961 0.263241,0.266254 0.240312,0.269782 0.202354,0.279489 0.172898,0.289720 0.155436,0.303655 0.134958,0.324832 0.142542,0.331182 0.154184,0.318129 0.167589,0.305604 0.175526,0.299430 0.181876,0.295196 0.188226,0.292374 0.198103,0.289728 0.218387,0.287611 0.240658,0.287295 0.257015,0.288140 0.273772,0.290963 0.293364,0.296258 0.308885,0.302785 0.319116,0.308077 0.328640,0.316368 0.353351,0.343545 0.393404,0.402302 0.411189,0.429675 0.416188,0.427345 0.431096,0.422236 0.414394,0.399833 0.385643,0.359613 0.359001,0.325724 0.346125,0.310201 0.380520,0.301734 0.402568,0.298558 0.509674,0.287792 0.547986,0.286379 0.567212,0.286379 0.571268,0.287261 0.599137,0.304019 0.631625,0.325192 0.698502,0.373175 0.716845,0.383759
17 0.478107,0.680149 0.479072,0.683046 0.479072,0.686103 0.477303,0.687873 0.474406,0.688195 0.471993,0.686747 0.471993,0.683689 0.473280,0.680954 0.475694,0.679988
50 0.391201,0.400925 0.399374,0.412456 0.408972,0.426492 0.410809,0.430220 0.418292,0.444625 0.420963,0.449722 0.420975,0.452597 0.421086,0.454890 0.419821,0.458226 0.416128,0.459983 0.409599,0.460198 0.395433,0.460052 0.391493,0.457268
17 0.476337,0.703160 0.481647,0.698332 0.484060,0.699942 0.485830,0.703643 0.485830,0.706539 0.484704,0.709274 0.480199,0.709274 0.477464,0.708309 0.476337,0.705734
66 0.178538,0.301276 0.187265,0.297601 0.196299,0.295151 0.209773,0.293467 0.229525,0.291935 0.244837,0.292089 0.241622,0.304033 0.237334,0.317968 0.234272,0.333893 0.231516,0.354413 0.228454,0.372023 0.226922,0.391164 0.160776,0.367582 0.165370,0.326543
46 0.448800,0.631116 0.455041,0.628159 0.464567,0.626188 0.479677,0.627830 0.491174,0.635715 0.503985,0.648855 0.516467,0.667252 0.524679,0.684991 0.530263,0.710287 0.530591,0.728026 0.528292,0.749708 0.519752,0.761863 0.509240,0.769090 0.497415,0.770075 0.486247,0.767119 0.473765,0.758249 0.458655,0.740181 0.445187,0.715214 0.439275,0.691890 0.436318,0.672508 0.436647,0.654440 0.439603,0.640314 0.444530,0.634072
1 0.519915,0.618730 0.541713,0.619255 0.561760,0.620393 0.581632,0.621969 0.597302,0.624771 0.608507,0.628623 0.615161,0.628886 0.618594,0.633090 0.629799,0.635454 0.666775,0.642286 0.679907,0.643862 0.698293,0.645509 0.723927,0.647079 0.765286,0.648228 0.784852,0.645194 0.802115,0.644880 0.825343,0.642578 0.835729,0.640792 0.863560,0.628340 0.900808,0.609296 0.920331,0.595578 0.938431,0.581138 0.948057,0.571198 0.948266,0.558633 0.947534,0.550889 0.950882,0.549843 0.951614,0.545553 0.951091,0.543041 0.958311,0.551413 0.966995,0.560097 0.969506,0.563760 0.970238,0.571189 0.970029,0.587722 0.967067,0.604686 0.963123,0.609081 0.957264,0.618928 0.956950,0.625101 0.957473,0.640483 0.959043,0.646762 0.964170,0.654086 0.963019,0.659318 0.959564,0.667495 0.936232,0.694387 0.917698,0.711455 0.898132,0.727778 0.869656,0.748399 0.856264,0.757607 0.802568,0.785349 0.783317,0.791418 0.770238,0.792883 0.747942,0.796546 0.737463,0.798008 0.694879,0.797276 0.653426,0.795601 0.638046,0.794450 0.619840,0.789218 0.584134,0.777702 0.574299,0.772679 0.572939,0.765773 0.571997,0.752589 0.569170,0.736049 0.565718,0.719830 0.560377,0.700462 0.553255,0.677849 0.546036,0.662467 0.532742,0.636820 0.525837,0.626461
63 0.778196,0.589730 0.793180,0.589238 0.816350,0.582292 0.838132,0.574253 0.863556,0.563689 0.882878,0.555327 0.902403,0.544360 0.920338,0.533217 0.929059,0.525970 0.939990,0.515283 0.939744,0.519214 0.943429,0.547957 0.946254,0.549553 0.947113,0.557169 0.947605,0.566996 0.947482,0.570803 0.937281,0.581623 0.920193,0.594961 0.910138,0.602118 0.899933,0.609025 0.856822,0.630521 0.834949,0.640352 0.800191,0.644406 0.782504,0.644774 0.776977,0.645511 0.785698,0.640107 0.796015,0.632245 0.804858,0.622910 0.798471,0.616646
46 0.119322,0.485543 0.120929,0.479801 0.124833,0.475438 0.128967,0.475208 0.133560,0.477275 0.137923,0.483936 0.145502,0.499783 0.150095,0.520225 0.151243,0.533086 0.151473,0.545030 0.150095,0.555365 0.146191,0.556743 0.139990,0.555365 0.131493,0.544111 0.128508,0.537450 0.125063,0.527574 0.121848,0.512645 0.119322,0.490367
35 0.231654,0.438440 0.235449,0.441213 0.240557,0.443694 0.247563,0.446322 0.253839,0.448219 0.254276,0.450409 0.253985,0.453036 0.252525,0.455518 0.239389,0.452452 0.232530,0.449679 0.228151,0.446176 0.227567,0.442381 0.227708,0.440194 0.229606,0.438443
11 0.411045,0.430057 0.414885,0.428365 0.431361,0.422903 0.435002,0.429093 0.439644,0.433736 0.446471,0.439107 0.450393,0.441022 0.452031,0.445301 0.458949,0.450763 0.466595,0.455861 0.490639,0.469520 0.529980,0.489827 0.569321,0.510955 0.584067,0.519239 0.597812,0.527250 0.632415,0.548557 0.651180,0.562126 0.651999,0.563765 0.647448,0.564038 0.635068,0.562308 0.610493,0.559938 0.600844,0.559573 0.595838,0.560029 0.591833,0.561212 0.589102,0.563215 0.586280,0.566219 0.585916,0.569314 0.588283,0.576142 0.597566,0.597904 0.604575,0.612478 0.614588,0.628317 0.607579,0.627953 0.597384,0.624767 0.581078,0.621676 0.556047,0.619765 0.525084,0.618400 0.519440,0.617854 0.505409,0.605109 0.498492,0.599465 0.482198,0.588359 0.464433,0.578793 0.460337,0.577519 0.455968,0.576700 0.448413,0.575789 0.443406,0.575607 0.438309,0.576336 0.427750,0.579704 0.423654,0.582890 0.416726,0.591903 0.413264,0.597365 0.407162,0.616763 0.405433,0.625320 0.405797,0.640796 0.408623,0.662829 0.398428,0.657549 0.391419,0.652906 0.388507,0.622592 0.391601,0.610940 0.391235,0.589721 0.385310,0.523978 0.385763,0.480818 0.393045,0.460426 0.410885,0.460603 0.416528,0.460148 0.420169,0.458509 0.421353,0.454868 0.421353,0.449952 0.418986,0.445219 0.412580,0.432795
14 0.714344,0.382567 0.702257,0.375577 0.692307,0.369492 0.677177,0.358143 0.650449,0.338977 0.630702,0.325073 0.609569,0.311175 0.578721,0.291843 0.570909,0.287649 0.565976,0.286908 0.557999,0.286744 0.535951,0.286906 0.516380,0.287893 0.453691,0.293563 0.414538,0.297675 0.379818,0.302042 0.347667,0.310512 0.356301,0.320792 0.385329,0.358383 0.412962,0.397458 0.429167,0.418439 0.435581,0.429212 0.442159,0.435297 0.458368,0.433001 0.478350,0.429629 0.502548,0.426753 0.511593,0.423052 0.528532,0.422641 0.546239,0.424607 0.554708,0.425101 0.577815,0.420907 0.604786,0.412272 0.628249,0.407908 0.637788,0.401905 0.648560,0.400342 0.662621,0.400013 0.678820,0.397793 0.708776,0.391210 0.713874,0.388661 0.715496,0.386249
18 0.804525,0.695760 0.805973,0.691577 0.807904,0.688841 0.811283,0.687071 0.814340,0.686427 0.818041,0.687715 0.819810,0.689485 0.820132,0.694312 0.819328,0.699783 0.816432,0.703323 0.812248,0.705415 0.807904,0.705737 0.805330,0.703162 0.803721,0.699622
0 0.091037,0.412648 0.089462,0.433047 0.090074,0.448369 0.092876,0.459575 0.097430,0.473244 0.106271,0.489178 0.110123,0.494256 0.112224,0.496357 0.110824,0.488828 0.107760,0.478410 0.105483,0.468604 0.105046,0.460199 0.105921,0.450656 0.107234,0.444527 0.097429,0.416677
9 0.134423,0.325839 0.142069,0.332029 0.138155,0.336672 0.136334,0.340222 0.135242,0.343590 0.135424,0.349052 0.137426,0.359703 0.139520,0.363709 0.143434,0.366076 0.130509,0.383008 0.133150,0.407413 0.139068,0.450757 0.146986,0.465241 0.157181,0.489190 0.160822,0.502207 0.167103,0.517228 0.176209,0.532073 0.165650,0.527977 0.151814,0.488559 0.145073,0.473075 0.140613,0.464518 0.132781,0.451130 0.130051,0.447488 0.122040,0.439295 0.117216,0.437475 0.113666,0.437566 0.110935,0.438294 0.108569,0.441116 0.107385,0.444211 0.097811,0.416622 0.092441,0.412526 0.091983,0.405327 0.088069,0.387666 0.087030,0.378100 0.085847,0.373002 0.086939,0.364627 0.088031,0.361077 0.093493,0.353794 0.102151,0.348417 0.109160,0.345595 0.117625,0.344320 0.130187,0.330665
35 0.139072,0.399606 0.140239,0.401942 0.143450,0.403547 0.150456,0.405299 0.152061,0.406613 0.152207,0.409824 0.150456,0.411430 0.144326,0.410262 0.137320,0.407780 0.135861,0.403985 0.136153,0.401212 0.137612,0.400044
54 0.249146,0.289032 0.257721,0.289491 0.254199,0.302660 0.249912,0.324099 0.246390,0.348293 0.244553,0.365138 0.243175,0.397142 0.227508,0.390987 0.230619,0.368660 0.236744,0.332062 0.244247,0.302507
58 0.493797,0.596815 0.481165,0.588679 0.472815,0.583754 0.464358,0.579364 0.459862,0.577759 0.443483,0.575939 0.427854,0.579900 0.423786,0.583005 0.415972,0.593389 0.413295,0.597993 0.408692,0.612767 0.405588,0.625508 0.406015,0.640607 0.409441,0.663197 0.417577,0.662447 0.418005,0.642427 0.421859,0.627652 0.427211,0.616197 0.432564,0.607632 0.437702,0.602279 0.449478,0.596712 0.466820,0.593714 0.480843,0.594249 0.489086,0.595213
25 0.144340,0.366539 0.146181,0.363086 0.234322,0.394848 0.231100,0.399221 0.149403,0.367920
5 0.257018,0.289879 0.270227,0.291168 0.293747,0.297612 0.313722,0.306312 0.329509,0.317912 0.354317,0.345944 0.391369,0.401366 0.392657,0.460331 0.385569,0.480631 0.385249,0.523507 0.391050,0.589897 0.391372,0.610841 0.388473,0.622441 0.391050,0.652729 0.240912,0.567986 0.232857,0.540275 0.236079,0.518687 0.228025,0.472932 0.225125,0.451021 0.224158,0.437811 0.224803,0.419766 0.234468,0.395600 0.243812,0.398500 0.245742,0.366260 0.249608,0.327916 0.254119,0.303428
69 0.258640,0.289951 0.268133,0.291329 0.277626,0.293319 0.290182,0.296382 0.299981,0.299445 0.318355,0.308633 0.333360,0.322721 0.353112,0.344159 0.369342,0.369272 0.368118,0.399133 0.369345,0.415681 0.365977,0.412005 0.350359,0.403124 0.346684,0.402052 0.338875,0.400674 0.312999,0.403430 0.302740,0.405421 0.294166,0.409096 0.288500,0.412771 0.288041,0.415681 0.246700,0.399449 0.247006,0.363310 0.252824,0.316911
62 0.656308,0.711526 0.643420,0.709321 0.639520,0.709321 0.637316,0.710339 0.636637,0.713222 0.637316,0.719666 0.643759,0.744766 0.647829,0.755111 0.650542,0.760029 0.655630,0.763760 0.661565,0.766643 0.670891,0.769017 0.705314,0.772239 0.755847,0.775292 0.784844,0.774274 0.804684,0.766643 0.802819,0.755280 0.799597,0.753245 0.791118,0.751719 0.783488,0.735099 0.782470,0.716614 0.771787,0.717462 0.709893,0.716275 0.659021,0.712035
23 0.642745,0.401963 0.636318,0.403570 0.635170,0.405866 0.635859,0.408161 0.650549,0.404947 0.675567,0.404259 0.686584,0.402652 0.697372,0.400127 0.710914,0.395536 0.708160,0.393240 0.704717,0.392781 0.666616,0.400127 0.653303,0.400127 0.644581,0.400815
21 0.367515,0.420217 0.365489,0.429332 0.361641,0.432978 0.314855,0.434194 0.301893,0.433789 0.295210,0.433181 0.293184,0.424066 0.291969,0.414546 0.294602,0.410900 0.305134,0.407254 0.318501,0.405026 0.333489,0.403405 0.344426,0.403000 0.351919,0.405228 0.358806,0.408874 0.366299,0.414748 0.367717,0.417584
71 0.778496,0.591244 0.798085,0.616615 0.804347,0.623199 0.795355,0.632352 0.784437,0.640381 0.771432,0.646804 0.764528,0.648088 0.698200,0.645199 0.665588,0.641507 0.618543,0.632514 0.605360,0.612922 0.586253,0.569726 0.586895,0.566515 0.588501,0.563946 0.591712,0.561697 0.596368,0.560252 0.602630,0.559610 0.611622,0.560092 0.648872,0.564748 0.653528,0.564748 0.655134,0.566515 0.660432,0.566033 0.683232,0.570850 0.704426,0.574383 0.751149,0.583697
17 0.500311,0.698332 0.496771,0.698976 0.494036,0.697045 0.494840,0.692700 0.496449,0.691413 0.500311,0.691735 0.501276,0.693827 0.501276,0.696080
41 0.369896,0.370122 0.390329,0.399899 0.390767,0.455804 0.382010,0.453469 0.360409,0.448944 0.339100,0.447630 0.321001,0.445879 0.302320,0.443543 0.297941,0.442083 0.295606,0.440040 0.291813,0.432162 0.289331,0.423550 0.288748,0.416398 0.289331,0.413187 0.294440,0.409830 0.303051,0.406180 0.313851,0.403991 0.338077,0.401361 0.347126,0.402675 0.352818,0.404718 0.360845,0.409389 0.367413,0.414060 0.369894,0.417272 0.368870,0.399319
22 0.627586,0.407925 0.571811,0.422386 0.571811,0.424682 0.580533,0.423764 0.601879,0.419861 0.629192,0.412286 0.634242,0.410450 0.646866,0.407695 0.677164,0.405859 0.678311,0.403793 0.670048,0.403793 0.642276,0.405629 0.638144,0.403104 0.632406,0.404711
30 0.500885,0.428823 0.482752,0.430659 0.466455,0.432495 0.451307,0.434561 0.449241,0.435939 0.452225,0.438693 0.460258,0.439841 0.495835,0.436398 0.530035,0.434332 0.548626,0.432495 0.559185,0.430659 0.547938,0.428823 0.520624,0.429282 0.519706,0.426297 0.514197,0.425150 0.506164,0.425379
31 0.509607,0.425609 0.530723,0.422166 0.538527,0.425838 0.560791,0.424461 0.584433,0.424002 0.606238,0.419181 0.643880,0.408393 0.651225,0.407704 0.655357,0.411147 0.636076,0.416197 0.603713,0.423313 0.579842,0.426986 0.537379,0.429511 0.530264,0.425838 0.524526,0.424920 0.510984,0.427445
39 0.888232,0.558316 0.884692,0.562339 0.883083,0.567649 0.882923,0.573603 0.885819,0.589855 0.889680,0.597418 0.892898,0.600636 0.895794,0.603050 0.898047,0.603855 0.901747,0.603372 0.905931,0.599671 0.907057,0.596453 0.908666,0.590016 0.908988,0.580683 0.907057,0.572959 0.904483,0.565879 0.901587,0.562178 0.896438,0.558799 0.891772,0.557995
56 0.133971,0.454061 0.130118,0.448387 0.121982,0.439822 0.116843,0.437681 0.113525,0.437895 0.111063,0.438537 0.108814,0.441321 0.107530,0.444533 0.106245,0.450635 0.105282,0.460699 0.105817,0.468729 0.108814,0.481148 0.111598,0.490355 0.112051,0.477202 0.113751,0.469687 0.116971,0.462262 0.122427,0.458058 0.128510,0.455284
17 0.493553,0.705413 0.490496,0.707183 0.489692,0.711205 0.490818,0.714424 0.495162,0.716676 0.497737,0.714424 0.499506,0.710562 0.498219,0.707504 0.495162,0.705734
