7 0.439570,0.905908 0.448268,0.913564 0.479233,0.933049 0.495238,0.942096 0.520984,0.955319 0.547427,0.964366 0.578740,0.973761 0.606226,0.979328 0.629537,0.981764 0.650817,0.977936 0.678303,0.971673 0.694308,0.962626 0.711356,0.948360 0.728752,0.927134 0.737798,0.914955 0.748584,0.896166 0.753455,0.871808 0.752759,0.850235 0.732927,0.805000 0.711356,0.770900 0.692916,0.743411 0.660542,0.705795 0.637579,0.683526 0.589195,0.650102 0.550228,0.625049 0.515087,0.605216 0.487601,0.588514 0.462898,0.575291 0.445275,0.567915 0.404256,0.556859 0.385637,0.557732 0.371382,0.564133 0.351018,0.578098 0.330653,0.598755 0.316108,0.618540 0.308237,0.635145 0.302128,0.656093 0.300964,0.678496 0.302128,0.703808 0.315214,0.747474 0.330051,0.778605 0.349256,0.809739 0.377482,0.843526 0.396101,0.864474 0.417629,0.885423
11 0.231836,0.100818 0.236810,0.096032 0.245461,0.090759 0.297250,0.077369 0.310323,0.097523 0.321094,0.108025 0.341827,0.122567 0.361484,0.131723 0.372255,0.134147 0.377102,0.147073 0.386257,0.159999 0.413184,0.180466 0.464076,0.209550 0.587783,0.275026 0.793236,0.379243 0.871366,0.421005 0.955378,0.467070 0.997577,0.492142 0.997255,0.565525 0.977946,0.561737 0.960531,0.560366 0.943152,0.560035 0.929636,0.560808 0.920184,0.563907 0.910363,0.571061 0.901996,0.579227 0.899762,0.588883 0.900065,0.599994 0.913582,0.636042 0.972153,0.745183 0.977624,0.753551 0.962820,0.752585 0.936753,0.744861 0.904892,0.737780 0.886548,0.732952 0.858550,0.728768 0.831517,0.725550 0.813173,0.724262 0.753636,0.722653 0.736579,0.720078 0.705362,0.712354 0.668675,0.701733 0.659020,0.699480 0.626777,0.674363 0.596847,0.653121 0.550134,0.623494 0.522136,0.608045 0.476759,0.580687 0.450023,0.568122 0.422346,0.559432 0.399175,0.553960 0.384693,0.551707 0.362165,0.550098 0.333201,0.551707 0.319363,0.554282 0.308647,0.557838 0.298747,0.562339 0.283222,0.575615 0.274222,0.589117 0.266572,0.605543 0.263872,0.616344 0.263197,0.631196 0.265672,0.649423 0.269722,0.668550 0.272422,0.677551 0.226489,0.652116 0.213439,0.607561 0.217039,0.588210 0.212764,0.539155 0.198574,0.450699 0.193624,0.435623 0.183263,0.383173 0.176063,0.338168 0.168183,0.260510 0.175380,0.216606 0.176280,0.187353 0.184605,0.192304 0.195630,0.195679 0.205305,0.196579 0.222855,0.199504 0.240180,0.201304 0.254805,0.201754 0.269430,0.198379 0.277530,0.193204 0.279555,0.184653 0.278430,0.173177 0.273705,0.163951 0.269437,0.153126 0.259762,0.139399
12 0.157027,0.000297 0.171140,0.017854 0.234131,0.101506 0.238350,0.097279 0.246801,0.092047 0.298315,0.078966 0.231302,0.000000
6 0.999430,0.081438 0.961601,0.063101 0.872481,0.024804 0.851361,0.016912 0.835115,0.009717 0.826528,0.007164 0.823511,0.006932 0.832794,0.012038 0.841149,0.018769 0.844398,0.025500 0.843238,0.035016 0.831402,0.047318 0.809818,0.061477 0.778464,0.075639 0.745508,0.088405 0.663351,0.113472 0.622272,0.122525 0.580190,0.132502 0.522169,0.140626 0.498033,0.144572 0.434643,0.144803 0.401919,0.140857 0.385673,0.138304 0.377086,0.135983 0.378943,0.144339 0.389851,0.160122 0.401223,0.169406 0.413755,0.177994 0.429769,0.187279 0.448576,0.199136 0.478051,0.214687 0.525628,0.240683 0.546283,0.252520 0.569492,0.264822 0.587362,0.272946 0.631505,0.295255 0.810276,0.386267 0.848570,0.406460 0.886167,0.426886 0.975758,0.477508 0.999430,0.492363
5 0.137589,0.000771 0.156340,0.019516 0.166162,0.120385 0.176876,0.190904 0.172881,0.228098 0.167947,0.260531 0.176876,0.339084 0.192056,0.429241 0.202771,0.467625 0.213486,0.536358 0.217950,0.590810 0.214379,0.609555 0.227772,0.653295 0.000000,0.514935 0.000000,0.000000
50 0.178339,0.176572 0.191240,0.182306 0.202425,0.185465 0.226793,0.187471 0.243993,0.187471 0.258327,0.185465 0.265208,0.182597 0.268074,0.177724 0.262341,0.165108 0.236253,0.130417 0.209879,0.095152 0.188091,0.065908 0.162290,0.033511
46 0.523797,0.693613 0.551615,0.714300 0.576223,0.735343 0.597621,0.760667 0.613670,0.781711 0.629718,0.805964 0.641131,0.835925 0.646124,0.864459 0.646001,0.877599 0.644590,0.888280 0.639149,0.901279 0.631791,0.911668 0.622119,0.919931 0.612043,0.925876 0.599134,0.929911 0.585365,0.930273 0.556034,0.926762 0.536036,0.921549 0.517290,0.913906 0.504687,0.907702 0.488117,0.897098 0.462020,0.881102 0.436793,0.863645 0.422056,0.850190 0.399681,0.827400 0.388094,0.812587 0.380940,0.802007 0.372460,0.788491 0.365614,0.777395 0.360131,0.766104 0.355532,0.751916 0.351591,0.732497 0.351087,0.716326 0.353505,0.701514 0.360254,0.685581 0.367912,0.675404 0.382522,0.666032 0.391611,0.661996 0.406322,0.658772 0.422040,0.658470 0.437053,0.659578 0.462767,0.665219 0.485740,0.674590 0.507224,0.684469 0.517299,0.690112
14 0.232049,0.000000 0.286942,0.064459 0.300665,0.079899 0.313702,0.099800 0.325367,0.111122 0.346295,0.125876 0.367566,0.133082 0.400845,0.139944 0.442358,0.143718 0.496907,0.143032 0.579673,0.131023 0.631821,0.118328 0.662698,0.112838 0.721708,0.093623 0.784149,0.071664 0.811252,0.058969 0.819829,0.047989 0.817085,0.027402 0.810223,0.011619 0.794206,0.000000
17 0.471412,0.786845 0.471803,0.783583 0.474804,0.781757 0.477674,0.781496 0.482761,0.784888 0.485762,0.788019 0.487327,0.792977 0.487588,0.796238 0.486284,0.798195 0.484196,0.798978 0.482501,0.798848 0.480805,0.800413 0.478456,0.804458 0.475456,0.804588 0.468933,0.800805 0.467759,0.797413 0.468411,0.794021 0.470890,0.791020 0.471412,0.788802
69 0.002322,0.000000 0.083742,0.000000 0.088036,0.076225 0.084309,0.075938 0.085666,0.055901 0.082660,0.048886 0.073641,0.039264 0.054399,0.024230 0.026676,0.009611
17 0.498145,0.746523 0.491231,0.755395 0.490187,0.757874 0.490840,0.761005 0.492405,0.764136 0.494492,0.765833 0.498015,0.767659 0.502450,0.767268 0.503102,0.765311 0.505712,0.762049 0.509103,0.761658 0.510147,0.760092 0.510538,0.757222 0.510277,0.755004 0.508582,0.752003 0.500232,0.747176
71 0.999638,0.568833 0.971174,0.564113 0.953181,0.564556 0.948609,0.565440 0.948229,0.570381 0.931058,0.577388 0.920735,0.589040 0.916900,0.598332 0.917785,0.611165 0.927076,0.636534 0.932386,0.652611 0.934156,0.667509 0.938138,0.677833 0.973828,0.745706 0.981793,0.757063 0.988577,0.763995 0.993149,0.767693 0.999638,0.770348
1 1.000000,0.771184 0.994258,0.769395 0.989102,0.765828 0.981687,0.758000 0.977980,0.756352 0.967270,0.756352 0.945849,0.750997 0.926076,0.744817 0.895857,0.737652 0.861008,0.731603 0.825296,0.727571 0.784975,0.726995 0.757027,0.725546 0.722755,0.719209 0.670626,0.704807 0.660834,0.703367 0.661698,0.705672 0.685602,0.733035 0.713827,0.772783 0.727363,0.794962 0.736003,0.811091 0.756451,0.858041 0.762221,0.879963 0.766253,0.901853 0.768269,0.921439 0.765965,0.938145 0.760493,0.961188 0.748397,0.982214 0.796211,0.999306 0.979381,1.000000 1.000000,1.000000
41 0.085743,0.012289 0.085169,0.000000 0.134191,0.000000 0.153972,0.024044 0.160565,0.034652 0.174899,0.174851 0.114410,0.156789 0.000026,0.151915 0.000599,0.000000 0.026114,0.009996 0.053348,0.024331 0.073129,0.039526 0.082302,0.048701 0.085169,0.056729 0.083163,0.085686 0.080869,0.097441 0.090329,0.097154
52 0.284337,0.702701 0.273818,0.680126 0.228419,0.654254 0.202340,0.636940 0.000000,0.517250 0.000020,0.539606 0.036180,0.561962 0.064232,0.577961 0.279375,0.702643
62 0.999669,0.932336 0.995891,0.932606 0.991573,0.935575 0.989549,0.938949 0.985096,0.947990 0.979699,0.962025 0.975651,0.974710 0.974841,0.982941 0.975785,0.990498 0.978619,0.996436 0.985636,0.999270 0.999804,0.999945
58 0.292178,0.701266 0.285045,0.702498 0.274588,0.679501 0.271111,0.665556 0.267164,0.645371 0.265214,0.633498 0.265875,0.618343 0.268473,0.607569 0.276879,0.589647 0.285109,0.577752 0.300922,0.564123 0.311305,0.559540 0.321566,0.556067 0.335058,0.553871 0.342026,0.553070 0.358313,0.552784 0.377457,0.553070 0.399458,0.555927 0.401577,0.556635 0.385674,0.557361 0.370740,0.563981 0.350311,0.577950 0.330284,0.598541 0.315350,0.618805 0.307992,0.634720 0.301776,0.655872 0.300643,0.678324 0.301612,0.699725
21 0.000019,0.110342 0.036029,0.111189 0.058482,0.110130 0.073734,0.106952 0.079029,0.104622 0.082630,0.086615 0.084325,0.066490 0.084749,0.055262 0.082490,0.048891 0.073900,0.039856 0.054346,0.024566 0.027393,0.010199 0.000000,0.000000
29 0.209457,0.351626 0.249344,0.369659 0.256447,0.370205 0.259865,0.368295 0.262196,0.365752 0.262792,0.358910 0.261414,0.349807 0.259863,0.345211 0.256969,0.341350 0.229233,0.327787 0.215468,0.321572 0.209241,0.321469 0.205197,0.324600 0.202588,0.328253 0.202327,0.334255 0.203501,0.343126 0.205979,0.348215
17 0.477403,0.757874 0.474402,0.751742 0.472315,0.749785 0.469445,0.748611 0.465010,0.748480 0.461748,0.749915 0.460705,0.752394 0.456791,0.758918 0.457052,0.762962 0.459009,0.765702 0.461226,0.767529 0.465140,0.768964 0.467619,0.769094 0.474663,0.760483 0.476490,0.760092
28 0.394294,0.681142 0.386728,0.693928 0.385162,0.697320 0.385553,0.700581 0.388163,0.702147 0.389858,0.702408 0.392989,0.700842 0.396903,0.691449 0.400686,0.684795
17 0.527126,0.783850 0.525299,0.786329 0.524908,0.788416 0.525299,0.789851 0.524908,0.791156 0.523082,0.793635 0.522429,0.796244 0.522821,0.798332 0.524908,0.801985 0.527517,0.804072 0.529474,0.804986 0.533127,0.805769 0.535605,0.804333 0.538997,0.799245 0.540171,0.798071 0.542128,0.797940 0.543694,0.797288 0.543694,0.793635 0.542259,0.789851 0.535344,0.783980 0.533257,0.783589 0.528691,0.783589
30 0.361233,0.122023 0.372185,0.127732 0.380052,0.135445 0.385451,0.137451 0.411521,0.135137 0.445303,0.130200 0.499139,0.120635 0.539288,0.119095 0.569059,0.113078 0.601608,0.110456 0.610863,0.108759 0.610246,0.102896 0.598214,0.102433 0.582326,0.097034 0.571373,0.094566 0.555639,0.097497 0.542836,0.097805 0.534197,0.097188 0.531420,0.092251 0.540984,0.090709 0.539442,0.088395 0.526638,0.089166 0.512292,0.094103 0.503962,0.099965 0.480670,0.103513
17 0.507166,0.816597 0.510819,0.809944 0.511863,0.806551 0.515907,0.805247 0.520603,0.806551 0.524256,0.809552 0.526474,0.812422 0.527126,0.814901 0.526995,0.818032 0.525039,0.820511 0.522821,0.821816 0.520212,0.826643 0.516820,0.827426 0.511993,0.825991 0.508471,0.822729 0.507166,0.819598 0.506775,0.817511
31 0.542554,0.091316 0.530677,0.092859 0.534533,0.097796 0.544868,0.096716 0.548108,0.098258 0.569087,0.095019 0.576491,0.095327 0.589757,0.099955 0.603178,0.103195 0.625854,0.102732 0.659174,0.099955 0.709190,0.096559 0.727546,0.090696 0.748371,0.083291 0.749297,0.085451 0.781228,0.073418 0.794032,0.067864 0.793106,0.063699 0.791101,0.059842 0.782925,0.050585 0.781691,0.050123 0.776600,0.051820 0.762254,0.058453 0.740041,0.070487 0.709652,0.085143 0.702711,0.089308 0.657822,0.093628 0.605813,0.096403 0.599334,0.096095 0.582211,0.090850 0.573419,0.088998 0.563546,0.088381 0.552748,0.089924
22 0.650570,0.089589 0.652729,0.085269 0.669389,0.078790 0.706566,0.062899 0.733561,0.052255 0.745901,0.042381 0.756082,0.036364 0.769194,0.039758 0.791895,0.040861 0.780480,0.047187 0.765825,0.052740 0.741915,0.063848 0.718005,0.072333 0.670007,0.092550 0.654736,0.093322
23 0.765619,0.034449 0.755913,0.039380 0.758994,0.043231 0.767005,0.039380 0.775324,0.038301 0.789035,0.040766 0.798278,0.041383 0.807059,0.039842 0.817535,0.040458 0.829089,0.042461 0.838486,0.034449 0.828011,0.022124 0.802900,0.030906 0.786262,0.033987 0.778405,0.034449 0.769932,0.033679
