4 0.536477,0.288869 0.527428,0.343442 0.512988,0.419185 0.516454,0.420596 0.528198,0.421066 0.525503,0.445765 0.523192,0.457813 0.519342,0.495450 0.516069,0.541554 0.514528,0.567456 0.514721,0.594507 0.513758,0.632379 0.252685,0.650030 0.246909,0.615687 0.243636,0.584872 0.241325,0.548647 0.241133,0.517127 0.243058,0.488194 0.246716,0.465377 0.253840,0.444402 0.265011,0.389835 0.317957,0.351468 0.364165,0.325358 0.403634,0.308154 0.424428,0.301332 0.448109,0.296392 0.479877,0.291688 0.512415,0.289100
10 0.000000,0.533296 0.011583,0.516785 0.022362,0.497326 0.023810,0.490426 0.023649,0.489247 0.022845,0.488067 0.020110,0.485119 0.017053,0.483153 0.000322,0.481188 0.000322,0.474095 0.010296,0.469181 0.030084,0.461515 0.079796,0.447560 0.153479,0.429870 0.167899,0.427062 0.178944,0.423970 0.189069,0.419753 0.193211,0.414411 0.195972,0.415255 0.201034,0.414692 0.209778,0.410756 0.221054,0.403447 0.232559,0.412162 0.233249,0.414411 0.226806,0.419472 0.217142,0.428468 0.215071,0.431842 0.213920,0.435215 0.214381,0.437464 0.215991,0.439713 0.218983,0.441400 0.223125,0.442806 0.240383,0.445898 0.250278,0.445336 0.253396,0.445708 0.246716,0.465377 0.243058,0.488194 0.241133,0.517127 0.241325,0.548647 0.243636,0.584872 0.246909,0.615687 0.252586,0.649443 0.248073,0.650279 0.229411,0.651065 0.227963,0.630820 0.223298,0.615488 0.215736,0.597602 0.208658,0.585809 0.196914,0.572246 0.188065,0.562987 0.171495,0.551193 0.157176,0.544707 0.146558,0.540776 0.137871,0.539007 0.125644,0.538024 0.113578,0.538024 0.097007,0.539788 0.085907,0.543326 0.075450,0.548043 0.064510,0.554333 0.060327,0.557281 0.032498,0.548234 0.025419,0.544892 0.008527,0.541551 0.000000,0.541747 0.000000,0.533296
8 0.647502,0.624376 0.660853,0.621813 0.665474,0.619696 0.670095,0.616638 0.680879,0.606760 0.710722,0.563214 0.732478,0.529342 0.757507,0.479003 0.769444,0.449365 0.770408,0.442488 0.770023,0.438254 0.767713,0.432374 0.759049,0.414967 0.758392,0.413001 0.766382,0.412753 0.773636,0.411443 0.784380,0.405023 0.795046,0.393813 0.798418,0.388639 0.799124,0.387201 0.799752,0.383656 0.799673,0.382506 0.798810,0.380207 0.795987,0.376757 0.781165,0.361698 0.776330,0.357508 0.802915,0.344578 0.810414,0.337295 0.852138,0.372063 0.859060,0.379815 0.864636,0.384044 0.874635,0.387803 0.917513,0.398139 0.942701,0.402367 0.948469,0.404717 0.950969,0.411999 0.951930,0.424215 0.951161,0.429383 0.943855,0.435726 0.936548,0.444926 0.926550,0.460665 0.913090,0.485566 0.911552,0.493083 0.911937,0.496842 0.916167,0.504125 0.914821,0.509528 0.908091,0.515401 0.886940,0.524092 0.859060,0.537483 0.840409,0.543825 0.826949,0.530905 0.821181,0.527616 0.810990,0.523623 0.800607,0.521508 0.788302,0.522213 0.777342,0.524092 0.764459,0.527851 0.753307,0.534206 0.743308,0.540548 0.732156,0.550415 0.723311,0.561456 0.714082,0.574166 0.703122,0.596483 0.699084,0.608699 0.695623,0.624673 0.647502,0.624376
2 0.513771,0.631880 0.514721,0.594507 0.514528,0.567456 0.516069,0.541554 0.519342,0.495450 0.523192,0.457813 0.525503,0.445765 0.528198,0.421066 0.538788,0.420418 0.543409,0.418537 0.551495,0.334751 0.553424,0.289573 0.578646,0.290043 0.615035,0.292396 0.660472,0.297100 0.689159,0.304157 0.708798,0.311232 0.725933,0.342517 0.755198,0.403441 0.759049,0.414967 0.767713,0.432374 0.770023,0.438254 0.770408,0.442488 0.769444,0.449365 0.757507,0.479003 0.732478,0.529342 0.710722,0.563214 0.680879,0.606760 0.670095,0.616638 0.665474,0.619696 0.660853,0.621813 0.647376,0.624400 0.600976,0.627929 0.513771,0.631880
7 0.049577,0.647543 0.050621,0.628734 0.052708,0.610244 0.059753,0.593985 0.071234,0.576133 0.086890,0.563062 0.104373,0.553179 0.125508,0.550947 0.137250,0.551903 0.153950,0.555729 0.170911,0.564974 0.188132,0.578682 0.203005,0.602273 0.212660,0.629689 0.214225,0.653599 0.206658,0.684522 0.189176,0.709388 0.173520,0.721502 0.159916,0.728309 0.140642,0.731385 0.115593,0.730747 0.102861,0.728299 0.083498,0.717995 0.069408,0.702374 0.065233,0.697275 0.056883,0.680697 0.051404,0.662845 0.049577,0.647543
40 0.253432,0.442207 0.253298,0.445642 0.276133,0.446746 0.285626,0.445989 0.290992,0.448511 0.299247,0.450276 0.310184,0.450276 0.315756,0.448763 0.313074,0.415481 0.304612,0.398335 0.310803,0.364045 0.265195,0.397579
35 0.465945,0.475922 0.509862,0.472542 0.511936,0.474443 0.512974,0.478245 0.512109,0.480780 0.510899,0.482259 0.505539,0.483738 0.466636,0.485639 0.464389,0.485216 0.462660,0.483104 0.462314,0.479302 0.464216,0.476767
53 0.512988,0.419185 0.527428,0.343442 0.536477,0.288869 0.553424,0.289573 0.551495,0.334751 0.543409,0.418537 0.538788,0.419604 0.528198,0.420252 0.516454,0.420596 0.512988,0.419185
49 0.213920,0.435215 0.215071,0.431842 0.217142,0.428468 0.226806,0.419472 0.233249,0.414411 0.233023,0.413674 0.235722,0.412280 0.249500,0.400842 0.262924,0.390914 0.265182,0.389710 0.265011,0.389835 0.257271,0.427642 0.253432,0.442207 0.253298,0.445642 0.253417,0.445648 0.253396,0.445708 0.250278,0.445336 0.240383,0.445898 0.223125,0.442806 0.218983,0.441400 0.215991,0.439713 0.214381,0.437464 0.213920,0.435215
7 0.700081,0.626174 0.701386,0.614379 0.708953,0.592063 0.715476,0.578036 0.732176,0.556039 0.753572,0.543925 0.765575,0.539781 0.768967,0.539781 0.787233,0.542012 0.804454,0.546794 0.825329,0.564328 0.838114,0.588238 0.840463,0.617567 0.834200,0.643389 0.824546,0.666342 0.800540,0.688977 0.776273,0.698860 0.748875,0.700772 0.731654,0.693440 0.718607,0.684514 0.709736,0.673994 0.701647,0.651359 0.700081,0.626174
13 0.828273,0.351261 0.830565,0.351498 0.850060,0.354397 0.859898,0.357068 0.884311,0.364859 0.912551,0.376656 0.923300,0.381999 0.943158,0.395354 0.947392,0.404278 0.942701,0.402367 0.917513,0.398139 0.874635,0.387803 0.866656,0.384803 0.867185,0.382895 0.867214,0.380724 0.866415,0.377793 0.865246,0.375538 0.861616,0.371630 0.855895,0.367195 0.831534,0.353441 0.828273,0.351261
6 0.000000,0.435227 0.009915,0.426300 0.012770,0.423426 0.021892,0.416739 0.041594,0.406264 0.071330,0.393113 0.099606,0.383307 0.162242,0.363458 0.210951,0.351646 0.221531,0.350749 0.209529,0.354574 0.191263,0.363817 0.178217,0.374018 0.169867,0.385813 0.168562,0.393783 0.168562,0.402391 0.171954,0.408448 0.182131,0.412592 0.191002,0.412911 0.193267,0.414428 0.193211,0.414411 0.189069,0.419753 0.178944,0.423970 0.167899,0.427062 0.153479,0.429870 0.079796,0.447560 0.030084,0.461515 0.010296,0.469181 0.000322,0.474095 0.000322,0.474686 0.000000,0.474757 0.000000,0.435227
0 0.840674,0.543735 0.859060,0.537483 0.886940,0.524092 0.908091,0.515401 0.914821,0.509528 0.916167,0.504125 0.931977,0.502678 0.939468,0.500665 0.943214,0.498834 0.945910,0.495540 0.946959,0.498468 0.947109,0.505058 0.946360,0.513478 0.947259,0.519702 0.949506,0.523363 0.951907,0.525556 0.951757,0.532878 0.949959,0.544227 0.945314,0.560702 0.938722,0.577176 0.933928,0.587793 0.927635,0.595847 0.915799,0.604084 0.893475,0.612687 0.864410,0.622022 0.851375,0.625134 0.854222,0.619643 0.854072,0.615799 0.853173,0.612870 0.856319,0.592186 0.855870,0.581203 0.854371,0.570220 0.848229,0.554661 0.843434,0.546973 0.840674,0.543735
12 0.221214,0.403568 0.237181,0.391494 0.246320,0.384798 0.283958,0.355738 0.310969,0.336984 0.346836,0.315885 0.386688,0.296935 0.371633,0.283951 0.367057,0.279082 0.365286,0.272591 0.369124,0.269345 0.381965,0.263754 0.420637,0.255273 0.449566,0.252027 0.500784,0.250225 0.558938,0.251849 0.627278,0.260156 0.677758,0.269362 0.696503,0.275313 0.719086,0.283428 0.745939,0.299197 0.782370,0.319416 0.806946,0.334655 0.810199,0.337504 0.802915,0.344578 0.776652,0.357351 0.769897,0.351088 0.749150,0.335094 0.721857,0.318195 0.710124,0.311556 0.707673,0.310827 0.689159,0.304157 0.660472,0.297100 0.615035,0.292396 0.578646,0.290043 0.557042,0.289640 0.556493,0.289527 0.534775,0.288582 0.533920,0.288894 0.512415,0.289100 0.479877,0.291688 0.448109,0.296392 0.424428,0.301332 0.403634,0.308154 0.364165,0.325358 0.317957,0.351468 0.265182,0.389710 0.262924,0.390914 0.249500,0.400842 0.235722,0.412280 0.233023,0.413674 0.232559,0.412162 0.221214,0.403568
1 0.000000,0.541747 0.008527,0.541551 0.025419,0.544892 0.032498,0.548234 0.059775,0.557101 0.051225,0.565423 0.044028,0.574474 0.038525,0.583784 0.034503,0.593353 0.028788,0.615593 0.027941,0.626455 0.028364,0.634989 0.030904,0.658265 0.032809,0.666799 0.037466,0.675592 0.000000,0.670161 0.000000,0.541747
35 0.737918,0.460093 0.705758,0.461783 0.701608,0.463262 0.699879,0.465585 0.699879,0.466853 0.702300,0.470444 0.705585,0.471500 0.744142,0.470233 0.747254,0.468331 0.748637,0.464318 0.747946,0.461783 0.742759,0.459248
14 0.183475,0.412641 0.185196,0.404038 0.190519,0.393923 0.199192,0.380195 0.210034,0.366467 0.218905,0.357778 0.231718,0.349108 0.253402,0.338029 0.314709,0.299254 0.340533,0.284081 0.363596,0.272761 0.366891,0.271233 0.365286,0.272591 0.367057,0.279082 0.371633,0.283951 0.386688,0.296935 0.346836,0.315885 0.310969,0.336984 0.283958,0.355738 0.246320,0.384798 0.237181,0.391494 0.221214,0.403568 0.221054,0.403447 0.209778,0.410756 0.201034,0.414692 0.195972,0.415255 0.193267,0.414428 0.191002,0.412911 0.183475,0.412641
68 0.304612,0.398335 0.310803,0.364045 0.310015,0.364625 0.311871,0.362828 0.340882,0.342379 0.386073,0.320567 0.457764,0.299096 0.498770,0.294665 0.530013,0.293302 0.519692,0.353967 0.505186,0.421107 0.369056,0.430990 0.325261,0.433376 0.314504,0.433220 0.313074,0.415481 0.304612,0.398335
20 0.269815,0.410869 0.270281,0.406887 0.274704,0.402053 0.285645,0.398355 0.297284,0.396933 0.300310,0.396364 0.304612,0.398335 0.313074,0.415481 0.314268,0.430302 0.313346,0.435613 0.307992,0.436466 0.297051,0.436181 0.277264,0.432200 0.271910,0.419401 0.269815,0.410869
17 0.141620,0.654404 0.140625,0.655863 0.140227,0.658294 0.140625,0.661212 0.141421,0.662428 0.143411,0.663887 0.144804,0.663887 0.147790,0.662185 0.148188,0.660969 0.147790,0.654404 0.146795,0.653188
64 0.550935,0.415647 0.553724,0.369296 0.556793,0.291591 0.567955,0.292616 0.615098,0.295342 0.660289,0.302499 0.705200,0.314087 0.724448,0.354985 0.719144,0.406786 0.550935,0.415647
17 0.115350,0.646137 0.115947,0.650027 0.117739,0.651972 0.119132,0.652216 0.121122,0.651972 0.123311,0.646866 0.123311,0.644435 0.120525,0.642003 0.118336,0.642003 0.116146,0.643219 0.115350,0.644435
46 0.733599,0.612266 0.740572,0.597952 0.747267,0.588068 0.755357,0.580910 0.765957,0.576820 0.786600,0.574435 0.793574,0.575457 0.802500,0.578184 0.811148,0.586704 0.817564,0.601359 0.820074,0.613628 0.818401,0.626579 0.814774,0.640893 0.810032,0.652140 0.799990,0.663387 0.789389,0.672930 0.774605,0.679064 0.764563,0.679064 0.753683,0.675997 0.743083,0.666114 0.737225,0.658956 0.731646,0.648391 0.729972,0.636804 0.731646,0.616355
57 0.027941,0.626455 0.028788,0.615593 0.034503,0.593353 0.038525,0.583784 0.044028,0.574474 0.051225,0.565423 0.059775,0.557101 0.060327,0.557281 0.064510,0.554333 0.075450,0.548043 0.085907,0.543326 0.097007,0.539788 0.113578,0.538024 0.125644,0.538024 0.137871,0.539007 0.146558,0.540776 0.157176,0.544707 0.171495,0.551193 0.188065,0.562987 0.196914,0.572246 0.208658,0.585809 0.215736,0.597602 0.223298,0.615488 0.227963,0.630820 0.229299,0.649491 0.213597,0.661678 0.212670,0.659955 0.214225,0.653599 0.212660,0.629689 0.203005,0.602273 0.188132,0.578682 0.170911,0.564974 0.153950,0.555729 0.137250,0.551903 0.125508,0.550947 0.104373,0.553179 0.086890,0.563062 0.071234,0.576133 0.059753,0.593985 0.052708,0.610244 0.050621,0.628734 0.050461,0.631613 0.046306,0.636134 0.043238,0.651130 0.041843,0.674305 0.034461,0.669917 0.032809,0.666799 0.030904,0.658265 0.028364,0.634989 0.027941,0.626455
65 0.710124,0.311556 0.721857,0.318195 0.749150,0.335094 0.769897,0.351088 0.776330,0.357508 0.781165,0.361698 0.795987,0.376757 0.798810,0.380207 0.799673,0.382506 0.799752,0.383656 0.799124,0.387201 0.798418,0.388639 0.795046,0.393813 0.784380,0.405023 0.773636,0.411443 0.766382,0.412753 0.758392,0.413001 0.755198,0.403441 0.725933,0.342517 0.708798,0.311232
46 0.100981,0.698850 0.116045,0.706007 0.126924,0.709416 0.134735,0.709416 0.152030,0.707030 0.165699,0.699191 0.175741,0.689648 0.183273,0.677379 0.186620,0.662045 0.184668,0.645004 0.181320,0.634098 0.174625,0.621148 0.166536,0.610923 0.155099,0.601721 0.146172,0.596950 0.126924,0.594223 0.116324,0.596609 0.104329,0.601040 0.094844,0.608197 0.088150,0.618421 0.083408,0.628303 0.080339,0.639550 0.079223,0.647729 0.079502,0.656591 0.081455,0.668860 0.087034,0.682833 0.093729,0.692035
26 0.315491,0.442426 0.528696,0.427275 0.529650,0.421156 0.314638,0.435501
55 0.696080,0.622568 0.699084,0.608699 0.703122,0.596483 0.714082,0.574166 0.723311,0.561456 0.732156,0.550415 0.743308,0.540548 0.753307,0.534206 0.764459,0.527851 0.777342,0.524092 0.788302,0.522213 0.800607,0.521508 0.810990,0.523623 0.821181,0.527616 0.826949,0.530905 0.840409,0.543825 0.840674,0.543735 0.843434,0.546973 0.848229,0.554661 0.854371,0.570220 0.855870,0.581203 0.856319,0.592186 0.853173,0.612870 0.854072,0.615799 0.854222,0.619643 0.852130,0.623678 0.850202,0.624535 0.840416,0.617760 0.840463,0.617567 0.838114,0.588238 0.825329,0.564328 0.804454,0.546794 0.787233,0.542012 0.768967,0.539781 0.765575,0.539781 0.753572,0.543925 0.732176,0.556039 0.715476,0.578036 0.708953,0.592063 0.701386,0.614379 0.700610,0.621393 0.696080,0.622568
72 0.911552,0.493083 0.913090,0.485566 0.926550,0.460665 0.936548,0.444926 0.943855,0.435726 0.951007,0.429517 0.951520,0.430549 0.953275,0.442939 0.951910,0.462716 0.949765,0.475345 0.946449,0.489642 0.945396,0.496168 0.943214,0.498834 0.939468,0.500665 0.931977,0.502678 0.916167,0.504125 0.911937,0.496842 0.911552,0.493083
17 0.126498,0.659268 0.124505,0.664130 0.124107,0.666561 0.126097,0.668263 0.129082,0.668506 0.131073,0.666561 0.131670,0.665102 0.132267,0.660239 0.128087,0.658780
24 0.754063,0.405717 0.756925,0.413584 0.528934,0.427861 0.530365,0.420344
70 0.000322,0.481188 0.017053,0.483153 0.020110,0.485119 0.022845,0.488067 0.023649,0.489247 0.023810,0.490426 0.022362,0.497326 0.011583,0.516785 0.000000,0.533296
51 0.229430,0.651994 0.591871,0.628827 0.655110,0.625424 0.695783,0.625424 0.695505,0.635294 0.693555,0.640400 0.230265,0.665269 0.229430,0.651994
29 0.211473,0.486684 0.227983,0.485292 0.229690,0.486336 0.231114,0.489118 0.231398,0.491900 0.230544,0.494682 0.229406,0.495726 0.224851,0.497117 0.212042,0.498856 0.210619,0.498508 0.208341,0.496074 0.207772,0.489118 0.209480,0.487031
17 0.125500,0.630089 0.124505,0.635438 0.126694,0.639086 0.131272,0.639572 0.133461,0.637870 0.134456,0.635438 0.134456,0.631548 0.132466,0.629846 0.127291,0.629603
17 0.759629,0.624983 0.759231,0.628144 0.760027,0.630819 0.762017,0.632034 0.765401,0.631062 0.765600,0.626928 0.764207,0.624497 0.761818,0.623524 0.759629,0.623524
17 0.779133,0.629117 0.779531,0.630819 0.779730,0.632034 0.783909,0.632278 0.784904,0.631305 0.785700,0.628873 0.785700,0.625226 0.783909,0.623524 0.781720,0.623524 0.779730,0.624983 0.779332,0.627415
17 0.141023,0.640788 0.141023,0.643219 0.142416,0.645651 0.145800,0.646380 0.148785,0.644678 0.150178,0.640545 0.149581,0.638842 0.147790,0.636897 0.143809,0.636897 0.140625,0.638842
17 0.767391,0.634466 0.767391,0.639572 0.769182,0.641517 0.772167,0.641760 0.773759,0.639329 0.774157,0.635682 0.772167,0.633980 0.768386,0.633980
17 0.766993,0.607720 0.764406,0.610151 0.763411,0.612826 0.763411,0.615500 0.767789,0.618175 0.772764,0.618418 0.773759,0.616716 0.773560,0.611853 0.771371,0.609665 0.768187,0.608206
17 0.780526,0.610638 0.778536,0.612096 0.777740,0.613555 0.777740,0.616230 0.780725,0.618905 0.782715,0.619148 0.783909,0.618418 0.784904,0.615987 0.784904,0.613555 0.784108,0.611124 0.782118,0.610151
Мелкие 0.168562,0.393783 0.169867,0.385813 0.178217,0.374018 0.191263,0.363817 0.209529,0.354574 0.218683,0.351657 0.226234,0.351959 0.227061,0.352259 0.218905,0.357778 0.210034,0.366467 0.199192,0.380195 0.190519,0.393923 0.185196,0.404038 0.183475,0.412641 0.182131,0.412592 0.171954,0.408448 0.168562,0.402391 0.168562,0.393783
16 0.684992,0.262909 0.676527,0.269398 0.680511,0.271831 0.686652,0.272845 0.687648,0.267775 0.689141,0.263111 0.718021,0.226408 0.717191,0.225191 0.715864,0.225800 0.686154,0.261489
23 0.202964,0.367985 0.189303,0.385719 0.175926,0.409363 0.172226,0.406234 0.170376,0.401540 0.175642,0.397193 0.188164,0.383632
