8 0.777479,0.541079 0.793027,0.529606 0.811203,0.496505 0.828026,0.458856 0.852583,0.367891 0.854130,0.357279 0.842334,0.337262 0.841629,0.335346 0.843343,0.334824 0.848654,0.330470 0.852403,0.322441 0.855110,0.312508 0.855214,0.307065 0.854590,0.300533 0.851778,0.295634 0.849866,0.292021 0.858803,0.281901 0.863569,0.290075 0.872505,0.303115 0.878165,0.307787 0.886953,0.310122 0.898272,0.315183 0.903187,0.321022 0.904230,0.325887 0.898421,0.331532 0.896187,0.340874 0.899613,0.364035 0.894847,0.383888 0.894847,0.392646 0.887845,0.405302 0.874440,0.426712 0.871908,0.429826 0.867919,0.424258 0.865315,0.423441 0.861879,0.423577 0.857609,0.425074 0.851362,0.430653 0.845009,0.438546 0.832722,0.458838 0.826890,0.471221 0.819289,0.488230 0.813457,0.503471 0.803044,0.529211 0.777479,0.541079
2 0.718399,0.573046 0.726180,0.552022 0.727722,0.535810 0.727186,0.518810 0.728527,0.510660 0.736574,0.476105 0.743079,0.441754 0.745090,0.409828 0.744487,0.389148 0.741670,0.363978 0.740052,0.364435 0.750105,0.360009 0.746521,0.288424 0.741263,0.238840 0.739786,0.231400 0.753774,0.231137 0.772530,0.233158 0.789933,0.236190 0.798074,0.238388 0.805982,0.242255 0.817013,0.249155 0.837307,0.323617 0.842334,0.337262 0.854130,0.357279 0.852583,0.367891 0.828026,0.458856 0.811203,0.496505 0.793027,0.529606 0.776591,0.541735 0.718399,0.573046
4 0.732618,0.304478 0.730874,0.346803 0.730807,0.367045 0.741670,0.363978 0.744487,0.389148 0.745090,0.409828 0.743079,0.441754 0.736574,0.476105 0.728527,0.510660 0.727186,0.518810 0.727722,0.535810 0.726180,0.552022 0.718267,0.573403 0.553447,0.666127 0.558667,0.632521 0.559054,0.608516 0.561374,0.569098 0.568336,0.511487 0.570656,0.467462 0.569113,0.445986 0.570273,0.371445 0.610686,0.313049 0.634857,0.282222 0.653613,0.261455 0.666762,0.250337 0.681264,0.242757 0.703501,0.235935 0.729990,0.232147 0.732311,0.279904
10 0.297817,0.545076 0.317933,0.528648 0.344219,0.511921 0.386049,0.487129 0.496911,0.427657 0.508111,0.418696 0.511997,0.409437 0.520912,0.405852 0.533484,0.392411 0.540341,0.395995 0.550856,0.400774 0.544180,0.416073 0.540009,0.424930 0.538653,0.431061 0.539175,0.435694 0.541573,0.438147 0.546995,0.439373 0.553772,0.439100 0.562635,0.437329 0.569281,0.435193 0.569113,0.445986 0.570656,0.467462 0.568336,0.511487 0.561374,0.569098 0.559054,0.608516 0.558667,0.632521 0.553567,0.665353 0.537947,0.675227 0.538746,0.663949 0.541143,0.642231 0.539865,0.626150 0.537947,0.612994 0.534591,0.601299 0.530436,0.594199 0.523085,0.583131 0.512377,0.576866 0.500392,0.573524 0.490643,0.574777 0.480453,0.577052 0.469481,0.581831 0.458967,0.586909 0.444795,0.597662 0.433137,0.609013 0.423765,0.621260 0.401364,0.621260 0.370735,0.619766 0.358163,0.621260 0.343762,0.623948 0.332333,0.626636 0.328676,0.625740 0.335076,0.614375 0.346734,0.592271 0.357477,0.569868 0.361820,0.556427 0.361363,0.549856 0.358620,0.545674 0.354277,0.543284 0.349019,0.541791 0.312218,0.544778 0.299646,0.547466 0.297817,0.545076
17 0.461128,0.702489 0.462080,0.703318 0.465148,0.703595 0.469275,0.702212 0.470968,0.699723 0.470968,0.697096 0.469593,0.694469 0.467582,0.692257 0.464090,0.691980 0.461974,0.692395 0.460916,0.693086 0.460070,0.694331 0.459646,0.695714 0.459541,0.696958 0.460704,0.700829
7 0.367052,0.765704 0.372856,0.783584 0.385917,0.805256 0.400221,0.819884 0.417427,0.823677 0.433390,0.820968 0.452255,0.813112 0.466974,0.803089 0.479827,0.792252 0.488948,0.781416 0.501179,0.760286 0.513616,0.732921 0.523152,0.702015 0.526054,0.673300 0.522322,0.641875 0.512164,0.622049 0.498275,0.604169 0.483971,0.597938 0.470703,0.596584 0.444997,0.598209 0.435529,0.607475 0.425925,0.619069 0.422400,0.622861 0.412864,0.633968 0.402913,0.647784 0.390890,0.671375 0.383427,0.688713 0.378037,0.703613 0.373683,0.719054 0.370159,0.735850 0.367675,0.755380
17 0.450547,0.725856 0.448960,0.724612 0.447796,0.724197 0.446843,0.725165 0.446209,0.726686 0.446209,0.728068 0.446843,0.730834 0.447478,0.732355 0.448431,0.733322 0.451287,0.733461 0.452346,0.730695 0.452346,0.727930 0.451922,0.726686
7 0.783416,0.554438 0.793713,0.547518 0.801504,0.543154 0.804844,0.534427 0.804565,0.530427 0.803044,0.529211 0.813457,0.503471 0.819289,0.488230 0.826890,0.471221 0.832722,0.458838 0.840099,0.446656 0.843523,0.445518 0.848811,0.445699 0.854515,0.448063 0.859524,0.455154 0.861611,0.461699 0.862029,0.472427 0.861611,0.487154 0.860220,0.501881 0.855489,0.521529 0.849924,0.539165 0.845193,0.550438 0.836845,0.565711 0.830166,0.574075 0.821401,0.580802 0.812218,0.583165 0.802061,0.581347 0.788704,0.576075 0.784947,0.570438 0.783973,0.562984 0.783416,0.554438
61 0.157447,0.742326 0.165906,0.749360 0.171201,0.743255 0.170422,0.720259 0.169020,0.701740 0.186618,0.708065 0.195184,0.709286 0.218699,0.712746 0.252026,0.715188 0.282861,0.715188 0.299369,0.713967 0.301549,0.715188 0.304352,0.717833 0.304352,0.721904 0.302639,0.737166 0.298590,0.754871 0.292361,0.768099 0.286754,0.773187 0.279902,0.775018 0.250469,0.775425 0.220118,0.773704 0.202192,0.770948 0.190376,0.768779 0.179922,0.765047 0.170734,0.759349 0.164037,0.752226 0.157447,0.742326
55 0.840099,0.446656 0.845009,0.438546 0.851362,0.430653 0.857609,0.425074 0.861879,0.423577 0.865315,0.423441 0.867919,0.424258 0.871908,0.429826 0.871928,0.429802 0.872517,0.432154 0.873585,0.437273 0.874476,0.451853 0.872517,0.465502 0.869431,0.476437 0.865930,0.486221 0.863912,0.490952 0.861386,0.497046 0.860673,0.497080 0.861611,0.487154 0.862029,0.472427 0.861611,0.461699 0.859524,0.455154 0.854515,0.448063 0.848811,0.445699 0.843523,0.445518 0.840099,0.446656
35 0.734335,0.422476 0.719598,0.430154 0.714204,0.431538 0.713338,0.432042 0.712471,0.432923 0.712085,0.434055 0.712182,0.437580 0.713627,0.439719 0.715457,0.440097 0.728460,0.436195 0.740211,0.430028 0.742426,0.426629 0.743004,0.424238 0.742715,0.422979 0.741367,0.420588 0.740403,0.420336 0.736647,0.420462
46 0.821942,0.560339 0.827383,0.558562 0.836224,0.550031 0.844248,0.533324 0.849961,0.515017 0.853769,0.494400 0.854449,0.482314 0.851865,0.473250 0.846424,0.469695 0.840712,0.470939 0.835271,0.475205 0.829967,0.484269 0.823847,0.499199 0.819494,0.514662 0.817998,0.526925 0.816910,0.551986 0.817862,0.556429 0.819494,0.559628
63 0.082707,0.469761 0.087212,0.457145 0.089219,0.453724 0.093961,0.468874 0.102048,0.482868 0.115769,0.501963 0.128150,0.517212 0.140755,0.529820 0.161782,0.548933 0.176339,0.559064 0.180355,0.560376 0.187494,0.560959 0.190749,0.560534 0.190146,0.563273 0.173700,0.586825 0.167391,0.596982 0.172911,0.607875 0.184852,0.623037 0.191220,0.628694 0.188637,0.627999 0.174694,0.621384 0.146505,0.611746 0.138422,0.608577 0.120538,0.587188 0.102957,0.562067 0.099623,0.558370 0.098310,0.553485 0.096289,0.544639 0.085579,0.523646 0.081133,0.507670 0.081234,0.491298 0.081740,0.478760
14 0.292627,0.313134 0.293687,0.310510 0.299468,0.305928 0.327557,0.286992 0.351251,0.268364 0.352677,0.267103 0.374697,0.249495 0.402305,0.229739 0.443223,0.203540 0.448725,0.201352 0.448725,0.202863 0.470113,0.205628 0.539799,0.221754 0.578814,0.231428 0.624410,0.245108 0.638747,0.250022 0.625585,0.264764 0.608781,0.286263 0.580577,0.323909 0.567768,0.342030 0.556722,0.358327 0.539094,0.383051 0.533484,0.392411 0.520912,0.405852 0.511997,0.409437 0.510089,0.411124 0.506185,0.410468 0.483206,0.411049 0.468649,0.407697 0.452865,0.403178 0.429885,0.395378 0.399600,0.383692 0.364480,0.367613 0.331163,0.349194 0.309166,0.333286 0.299342,0.324635 0.295726,0.321788 0.293910,0.319183 0.292627,0.315612 0.292627,0.313134
6 0.087659,0.448741 0.090503,0.441598 0.096192,0.430593 0.106120,0.415932 0.117944,0.402157 0.129824,0.391297 0.142094,0.381665 0.189836,0.353519 0.223635,0.337776 0.251076,0.326398 0.274668,0.315174 0.300491,0.305117 0.293687,0.310510 0.292627,0.313134 0.292627,0.315612 0.293910,0.319183 0.295726,0.321788 0.299342,0.324635 0.309166,0.333286 0.331163,0.349194 0.364480,0.367613 0.399600,0.383692 0.429885,0.395378 0.452865,0.403178 0.468649,0.407697 0.483206,0.411049 0.506185,0.410468 0.510089,0.411124 0.511066,0.411656 0.508111,0.418696 0.496911,0.427657 0.386049,0.487129 0.344219,0.511921 0.317933,0.528648 0.297817,0.545076 0.297919,0.545209 0.294635,0.548928 0.232224,0.555128 0.187494,0.560959 0.180355,0.560376 0.176339,0.559064 0.161782,0.548933 0.140755,0.529820 0.128150,0.517212 0.115769,0.501963 0.102048,0.482868 0.093961,0.468874 0.087659,0.448741
20 0.593456,0.393642 0.594858,0.387333 0.598595,0.383263 0.599867,0.382325 0.605278,0.378865 0.619667,0.372998 0.632100,0.372396 0.647296,0.378865 0.663643,0.389245 0.663986,0.389585 0.669142,0.393642 0.670582,0.399524 0.670232,0.405445 0.666806,0.416231 0.659175,0.417045 0.636750,0.416434 0.597972,0.409312 0.595636,0.405445 0.593456,0.393642
49 0.538653,0.431061 0.540009,0.424930 0.544180,0.416073 0.550856,0.400774 0.550846,0.400770 0.552138,0.399636 0.568708,0.373069 0.570273,0.371445 0.569281,0.435193 0.562635,0.437329 0.553772,0.439100 0.546995,0.439373 0.541573,0.438147 0.539175,0.435694 0.538653,0.431061
72 0.894847,0.392646 0.894847,0.383888 0.899613,0.364035 0.896187,0.340874 0.898421,0.331532 0.903567,0.326532 0.904475,0.326194 0.905926,0.333609 0.905794,0.344904 0.905266,0.365511 0.903551,0.379307 0.899724,0.389826 0.897320,0.394000 0.895366,0.393369 0.894784,0.392760
57 0.444795,0.597662 0.458967,0.586909 0.469481,0.581831 0.480453,0.577052 0.490643,0.574777 0.500392,0.573524 0.512377,0.576866 0.523085,0.583131 0.530436,0.594199 0.534591,0.601299 0.537947,0.612994 0.539865,0.626150 0.541143,0.642231 0.538746,0.663949 0.538019,0.674209 0.534053,0.683640 0.526028,0.680619 0.525321,0.680549 0.526054,0.673300 0.522322,0.641875 0.512164,0.622049 0.498275,0.604169 0.483971,0.597938 0.470703,0.596584 0.444997,0.598209
1 0.063452,0.531598 0.063654,0.510868 0.065877,0.498961 0.081740,0.478760 0.081234,0.491298 0.081133,0.507670 0.085579,0.523646 0.096289,0.544639 0.098310,0.553485 0.099623,0.558370 0.102957,0.562067 0.120538,0.587188 0.138422,0.608577 0.146505,0.611746 0.174694,0.621384 0.188637,0.627999 0.208744,0.633412 0.220249,0.635273 0.250661,0.636461 0.287035,0.635009 0.325631,0.631044 0.328864,0.627875 0.330413,0.626166 0.332333,0.626636 0.343762,0.623948 0.358163,0.621260 0.370735,0.619766 0.401364,0.621260 0.423765,0.621260 0.424400,0.620430 0.424525,0.620575 0.422400,0.622861 0.412864,0.633968 0.402913,0.647784 0.390890,0.671375 0.383427,0.688713 0.378037,0.703613 0.373683,0.719054 0.370159,0.735850 0.367675,0.755380 0.367082,0.765198 0.365642,0.766824 0.365036,0.779763 0.362409,0.786364 0.355235,0.791514 0.328662,0.798511 0.301180,0.804057 0.271475,0.804057 0.233889,0.799172 0.179935,0.782669 0.165890,0.774219 0.148916,0.756263 0.132851,0.736590 0.111128,0.704078 0.095164,0.676615 0.083861,0.652691 0.075071,0.629189 0.070928,0.613213 0.070120,0.605027 0.070524,0.599614 0.073353,0.593276 0.069615,0.580581 0.069312,0.560116 0.064058,0.542556 0.063452,0.531598
59 0.071947,0.537120 0.124295,0.614548 0.126077,0.623862 0.127859,0.676547 0.126077,0.678585 0.122513,0.678294 0.118058,0.673928 0.079523,0.605233 0.069722,0.584858 0.068163,0.580201 0.068163,0.542361
68 0.624211,0.300649 0.651177,0.269716 0.665074,0.257490 0.682960,0.247242 0.703460,0.238972 0.728363,0.234477 0.728913,0.245626 0.729601,0.311609 0.726437,0.366463 0.663986,0.389585 0.663643,0.389245 0.647296,0.378865 0.632100,0.372396 0.619667,0.372998 0.605278,0.378865 0.599867,0.382325 0.599291,0.353442 0.598025,0.344115
65 0.817120,0.249549 0.817423,0.249484 0.817722,0.249725 0.835702,0.269688 0.844868,0.284584 0.849573,0.291620 0.851778,0.295634 0.854590,0.300533 0.855214,0.307065 0.855110,0.312508 0.852403,0.322441 0.848654,0.330470 0.843343,0.334824 0.841629,0.335346 0.837307,0.323617 0.817120,0.249549
17 0.440706,0.715764 0.443352,0.716040 0.445468,0.713966 0.447901,0.708850 0.448113,0.707606 0.447901,0.706362 0.446843,0.705255 0.445785,0.704702 0.444621,0.704426 0.441659,0.704564 0.440706,0.705809 0.440283,0.707329 0.439860,0.709957 0.439754,0.714105
29 0.547574,0.504550 0.554875,0.501923 0.560272,0.499434 0.560906,0.498051 0.561541,0.495424 0.561647,0.492797 0.560801,0.490308 0.559425,0.487820 0.557521,0.486713 0.555616,0.486160 0.549479,0.486160 0.546410,0.487128 0.542496,0.489617 0.541755,0.490861 0.541543,0.492106 0.541543,0.494595 0.542496,0.499987 0.543342,0.502753 0.544612,0.504135 0.546728,0.504688
26 0.664003,0.389602 0.740312,0.364527 0.741090,0.373278 0.671789,0.399123 0.670886,0.399123 0.670319,0.395864 0.668605,0.392529 0.664003,0.389602
70 0.167391,0.596982 0.173700,0.586825 0.190146,0.563273 0.190749,0.560534 0.232224,0.555128 0.294635,0.548928 0.297919,0.545209 0.299646,0.547466 0.312218,0.544778 0.349019,0.541791 0.354277,0.543284 0.358620,0.545674 0.361363,0.549856 0.361820,0.556427 0.357477,0.569868 0.346734,0.592271 0.335076,0.614375 0.328676,0.625740 0.330413,0.626166 0.328864,0.627875 0.325631,0.631044 0.287035,0.635009 0.250661,0.636461 0.220249,0.635273 0.208744,0.633412 0.191220,0.628694 0.184852,0.623037 0.172911,0.607875 0.167391,0.596982
17 0.452240,0.701383 0.454673,0.700829 0.455731,0.699308 0.456260,0.697926 0.456578,0.695299 0.456049,0.692810 0.455202,0.691565 0.453192,0.691012 0.452240,0.691289 0.450229,0.692672 0.449383,0.694193 0.449383,0.696958 0.450970,0.700829
24 0.838234,0.327923 0.841303,0.335527 0.741735,0.373275 0.740360,0.364564
0 0.863912,0.490952 0.865930,0.486221 0.869431,0.476437 0.872517,0.465502 0.874476,0.451853 0.873585,0.437273 0.872517,0.432154 0.871928,0.429802 0.874440,0.426712 0.887845,0.405302 0.894784,0.392760 0.895366,0.393369 0.897443,0.394144 0.895069,0.405777 0.896790,0.421598 0.894357,0.429134 0.893051,0.435338 0.886701,0.454502 0.881300,0.468539 0.877087,0.476527 0.871746,0.484282 0.865277,0.491650 0.863912,0.490952
17 0.458482,0.714656 0.457953,0.715901 0.457848,0.718943 0.459329,0.722814 0.463350,0.723782 0.464302,0.723644 0.466207,0.722399 0.466418,0.721155 0.466312,0.717283 0.465572,0.714795 0.464831,0.713550 0.462926,0.712306 0.461974,0.712167 0.460070,0.713135 0.459117,0.714103
12 0.448725,0.200076 0.467645,0.192705 0.498787,0.184874 0.525228,0.181166 0.558132,0.181784 0.585043,0.180555 0.612189,0.181947 0.642977,0.184864 0.672004,0.189017 0.721947,0.199153 0.749211,0.206370 0.775299,0.216534 0.808438,0.230376 0.826301,0.242354 0.836407,0.252489 0.857207,0.279056 0.858578,0.282155 0.849946,0.291931 0.844868,0.284584 0.835702,0.269688 0.817722,0.249725 0.817013,0.249155 0.805982,0.242255 0.798074,0.238388 0.789933,0.236190 0.772530,0.233158 0.753774,0.231137 0.745495,0.230987 0.738198,0.231199 0.729993,0.232211 0.729990,0.232147 0.703501,0.235935 0.681264,0.242757 0.666762,0.250337 0.653613,0.261455 0.634857,0.282222 0.610686,0.313049 0.582898,0.353203 0.578227,0.359402 0.568708,0.373069 0.552138,0.399636 0.550846,0.400770 0.540341,0.395995 0.533484,0.392411 0.539094,0.383051 0.556722,0.358327 0.567768,0.342030 0.580577,0.323909 0.608781,0.286263 0.625585,0.264764 0.638747,0.250022 0.624410,0.245108 0.578814,0.231428 0.539799,0.221754 0.470113,0.205628 0.448725,0.202863 0.448725,0.200076
35 0.840768,0.380049 0.828825,0.383951 0.826706,0.385839 0.826128,0.388230 0.826802,0.390622 0.827862,0.391377 0.828728,0.391503 0.831425,0.390999 0.833255,0.390244 0.838071,0.389489 0.841828,0.388104 0.843947,0.386594 0.845199,0.384328 0.845584,0.380678 0.844140,0.378161 0.843273,0.377280 0.841460,0.377890
53 0.729993,0.232211 0.738198,0.231199 0.739786,0.231400 0.741263,0.238840 0.746521,0.288424 0.750105,0.360009 0.740052,0.364020 0.730807,0.367045 0.730874,0.346803 0.732618,0.304478 0.732311,0.279904 0.729993,0.232211
32 0.200731,0.738519 0.225765,0.742484 0.244275,0.744070 0.264909,0.743674 0.274619,0.739312 0.281598,0.732968 0.285543,0.725434 0.282964,0.723649 0.269005,0.724442 0.236841,0.723253 0.205586,0.719089 0.202704,0.719684 0.200580,0.722063 0.199062,0.732175
31 0.331397,0.304665 0.329475,0.308610 0.330299,0.315246 0.334691,0.326186 0.355139,0.347348 0.368177,0.359543 0.368726,0.362233 0.368177,0.363489 0.366119,0.365103 0.363923,0.365103 0.357335,0.362413 0.355277,0.360978 0.351846,0.354522 0.342513,0.341071 0.334142,0.330490 0.330848,0.324930 0.328103,0.316143 0.326868,0.309686 0.327417,0.305023 0.328789,0.301616
40 0.569936,0.435277 0.572391,0.378885 0.574426,0.376458 0.598025,0.344115 0.599291,0.353442 0.599867,0.382325 0.605278,0.378865 0.619667,0.372998 0.632100,0.372396 0.647296,0.378865 0.663643,0.389245 0.670319,0.395864 0.671471,0.402483 0.663412,0.427755 0.658692,0.430162 0.643842,0.431516 0.606199,0.428357 0.598946,0.426702 0.597450,0.429260 0.589276,0.431817 0.569936,0.435277
22 0.359394,0.326544 0.348552,0.318653 0.345533,0.324392 0.372706,0.342326 0.388901,0.355060 0.406605,0.365999 0.420878,0.378195 0.429387,0.386444 0.430759,0.386444 0.432406,0.384651 0.433230,0.381781 0.429661,0.377298 0.411546,0.364027 0.389724,0.345913 0.384646,0.340174 0.381078,0.338560 0.378882,0.339457 0.374353,0.336587
23 0.382725,0.345028 0.392881,0.355071 0.405507,0.370495 0.421427,0.391119 0.438445,0.397396 0.434602,0.391657 0.424172,0.382331 0.390136,0.348974 0.385195,0.339827 0.380529,0.338393 0.377647,0.341262 0.379294,0.343773
64 0.743046,0.234415 0.755761,0.233534 0.771172,0.234037 0.784656,0.236429 0.798815,0.241338 0.811819,0.251785 0.819620,0.260721 0.823473,0.285391 0.824725,0.332591 0.751426,0.358667 0.747573,0.289167 0.743046,0.234415
60 0.078090,0.602254 0.079523,0.605233 0.118058,0.673928 0.122513,0.678294 0.126077,0.678585 0.127859,0.676547 0.127443,0.664239 0.130710,0.667531 0.144103,0.682591 0.161545,0.697447 0.165439,0.700112 0.169020,0.701740 0.170422,0.720259 0.171201,0.743255 0.165906,0.749360 0.157341,0.742238 0.134292,0.714357 0.112490,0.681186 0.097851,0.653102 0.083056,0.622373 0.080253,0.612198 0.078090,0.602254
51 0.533810,0.689636 0.534026,0.683630 0.534053,0.683640 0.537901,0.674489 0.547826,0.668675 0.561687,0.661553 0.632701,0.621240 0.727230,0.568314 0.801203,0.530259 0.804629,0.530869 0.803695,0.534940 0.801515,0.541045 0.799490,0.543894 0.626783,0.640795 0.554211,0.680886 0.536146,0.690043 0.533810,0.689636
46 0.440976,0.784011 0.451721,0.781167 0.469266,0.765349 0.483003,0.748464 0.492388,0.731757 0.497693,0.715228 0.502453,0.693189 0.502725,0.671328 0.499733,0.659064 0.492796,0.651244 0.483276,0.644668 0.471171,0.643424 0.453897,0.650355 0.434312,0.669728 0.421391,0.690701 0.411734,0.715228 0.408470,0.738867 0.408606,0.754685 0.413910,0.768904 0.421663,0.778146 0.429959,0.783478
16 0.739516,0.158262 0.722605,0.191328 0.716907,0.198454 0.720890,0.199655 0.723096,0.199975 0.723157,0.196933 0.729713,0.182201 0.740925,0.160904 0.741415,0.158582 0.740986,0.157461 0.740128,0.157381
39 0.097455,0.539803 0.097762,0.552613 0.099967,0.559098 0.102663,0.561580 0.105114,0.561340 0.108668,0.556937 0.111792,0.548210 0.113998,0.537641 0.114917,0.526592 0.114243,0.517465 0.112711,0.512181 0.109097,0.509138 0.107136,0.508498 0.105114,0.509779 0.103153,0.512101 0.100213,0.520668 0.098620,0.529475 0.097762,0.536681
30 0.327554,0.291393 0.328439,0.296387 0.330162,0.301257 0.338808,0.322958 0.339768,0.326903 0.335377,0.326544 0.330848,0.315963 0.327554,0.306099 0.325495,0.299284 0.324260,0.291932
