6 0.311980,0.549155 0.317033,0.523130 0.323463,0.500525 0.334326,0.479083 0.340174,0.472638 0.341294,0.470037 0.345246,0.473454 0.351816,0.475323 0.364051,0.475832 0.472802,0.476682 0.555044,0.476342 0.664021,0.474482 0.700951,0.472783 0.709334,0.469726 0.710732,0.467717 0.712110,0.470421 0.718517,0.478312 0.731635,0.502227 0.739566,0.522239 0.743532,0.535390 0.745056,0.546498 0.742866,0.548539 0.732897,0.554145 0.687215,0.575417 0.680772,0.578102 0.674210,0.579815 0.638933,0.581414 0.591076,0.583051 0.506330,0.583473 0.393660,0.581490 0.377453,0.580099 0.339828,0.562900 0.323632,0.555819 0.311980,0.549155
11 0.334946,0.464406 0.338539,0.462295 0.344548,0.462777 0.341421,0.469744 0.340174,0.472638 0.334326,0.479083 0.323463,0.500525 0.317033,0.523130 0.311934,0.549393 0.305504,0.546733 0.302400,0.543575 0.300747,0.542631 0.297492,0.543793 0.295167,0.546582 0.294237,0.553090 0.290207,0.571335 0.288347,0.584361 0.286641,0.581107 0.282456,0.577970 0.273621,0.575065 0.278426,0.553101 0.281991,0.544037 0.286176,0.537413 0.291292,0.532532 0.299352,0.523351 0.312217,0.501368 0.324618,0.486377 0.332678,0.472431
1 0.272623,0.609933 0.273687,0.576531 0.273938,0.575169 0.282456,0.577970 0.286641,0.581107 0.288256,0.584498 0.288216,0.586087 0.294975,0.592375 0.309117,0.600355 0.323106,0.606397 0.343329,0.612453 0.354125,0.614733 0.360512,0.615303 0.365834,0.614961 0.369939,0.616557 0.391380,0.622712 0.406737,0.626360 0.432283,0.627389 0.569591,0.628757 0.650941,0.627047 0.659305,0.625900 0.677247,0.620314 0.693517,0.615868 0.698687,0.613588 0.705074,0.614158 0.729859,0.608230 0.750539,0.599906 0.762551,0.592382 0.768938,0.587708 0.771979,0.584060 0.771979,0.580298 0.772983,0.579204 0.777755,0.575537 0.780977,0.573673 0.783520,0.572402 0.783759,0.572301 0.786424,0.571634 0.787033,0.572774 0.789009,0.582578 0.789466,0.610622 0.788857,0.641538 0.785664,0.653850 0.781559,0.676094 0.782623,0.683048 0.767721,0.692852 0.737766,0.706076 0.697927,0.713730 0.640601,0.716922 0.410843,0.721469 0.359447,0.720671 0.333294,0.716453 0.309725,0.709478 0.290413,0.698420 0.281898,0.687248 0.278097,0.678584 0.276424,0.665930 0.272927,0.626235 0.272623,0.609933
10 0.706314,0.461501 0.708144,0.459786 0.714398,0.459900 0.716280,0.462495 0.721509,0.473873 0.733626,0.488790 0.743191,0.501517 0.750461,0.512322 0.759261,0.522659 0.767296,0.530118 0.775076,0.538819 0.780561,0.548955 0.786045,0.571329 0.782219,0.572955 0.777755,0.575537 0.772005,0.579619 0.769847,0.568748 0.761430,0.543207 0.758879,0.540817 0.757221,0.540339 0.755690,0.540434 0.753139,0.542442 0.749634,0.546254 0.746736,0.547626 0.745210,0.547626 0.743532,0.535390 0.739566,0.522239 0.731635,0.502227 0.718517,0.478312 0.712110,0.470421 0.710127,0.466533 0.706314,0.461501
12 0.335267,0.464217 0.349855,0.436558 0.367353,0.409917 0.384959,0.388933 0.394464,0.380512 0.403968,0.375005 0.412285,0.373062 0.428595,0.370709 0.469423,0.367875 0.508091,0.367064 0.550539,0.366659 0.596012,0.368118 0.629711,0.369899 0.641160,0.372167 0.648613,0.375811 0.657470,0.382127 0.669999,0.394192 0.682528,0.410572 0.691601,0.423690 0.714052,0.459894 0.708144,0.459786 0.706314,0.461501 0.706546,0.461807 0.705426,0.462478 0.691817,0.438995 0.682249,0.422874 0.664998,0.397936 0.659215,0.390277 0.656420,0.389410 0.590307,0.387532 0.554745,0.387388 0.456250,0.389262 0.392932,0.392021 0.386861,0.392743 0.367296,0.424044 0.349756,0.454896 0.343998,0.462733 0.338539,0.462295 0.335267,0.464217
71 0.288347,0.584361 0.290207,0.571335 0.294237,0.553090 0.295167,0.546582 0.297492,0.543793 0.300747,0.542631 0.302400,0.543575 0.305504,0.546733 0.311934,0.549393 0.323632,0.555819 0.339828,0.562900 0.376625,0.579721 0.376833,0.581812 0.388517,0.606670 0.382201,0.609748 0.365886,0.614325 0.363527,0.615109 0.360512,0.615303 0.354125,0.614733 0.343329,0.612453 0.323106,0.606397 0.309117,0.600355 0.294975,0.592375 0.288216,0.586087 0.288256,0.584498
41 0.287342,0.453183 0.288581,0.449930 0.295709,0.447375 0.308878,0.444587 0.317864,0.445168 0.324837,0.446213 0.331654,0.449001 0.332119,0.455971 0.330104,0.463405 0.329485,0.464799 0.335736,0.463328 0.334946,0.464406 0.332678,0.472431 0.330889,0.475528 0.309808,0.472116 0.298652,0.469445 0.292455,0.466889 0.289356,0.460152 0.287342,0.453183
14 0.342257,0.470870 0.344762,0.463031 0.348044,0.457227 0.349756,0.454896 0.367296,0.424044 0.386861,0.392743 0.392932,0.392021 0.456250,0.389262 0.554745,0.387388 0.590307,0.387532 0.656420,0.389410 0.659215,0.390277 0.664998,0.397936 0.682249,0.422874 0.691817,0.438995 0.705426,0.462478 0.706546,0.461807 0.710127,0.466533 0.710732,0.467717 0.709334,0.469726 0.700951,0.472783 0.664021,0.474482 0.555044,0.476342 0.472802,0.476682 0.364051,0.475832 0.351816,0.475323 0.345246,0.473454 0.342257,0.470870
40 0.713100,0.458359 0.717054,0.459494 0.721853,0.460074 0.720770,0.455315 0.720770,0.448350 0.722473,0.444519 0.724640,0.443823 0.734395,0.442894 0.749724,0.442662 0.765671,0.443939 0.769697,0.445796 0.770471,0.448582 0.768923,0.456824 0.765517,0.463092 0.760562,0.465762 0.747246,0.468200 0.720683,0.472075 0.716280,0.462495 0.714398,0.459900 0.713100,0.458359
70 0.672255,0.605101 0.672569,0.603805 0.680428,0.592611 0.686086,0.580121 0.688598,0.574773 0.732897,0.554145 0.742866,0.548539 0.745210,0.547626 0.746736,0.547626 0.749634,0.546254 0.753139,0.542442 0.755690,0.540434 0.757221,0.540339 0.758879,0.540817 0.761430,0.543207 0.769847,0.568748 0.772005,0.579619 0.771979,0.580298 0.771979,0.584060 0.768938,0.587708 0.762551,0.592382 0.750539,0.599906 0.729859,0.608230 0.705074,0.614158 0.698962,0.613613 0.686400,0.611228 0.676656,0.608400 0.672569,0.606279 0.672255,0.605101
63 0.363527,0.615109 0.365886,0.614325 0.382201,0.609748 0.388517,0.606670 0.376833,0.581812 0.376625,0.579721 0.377453,0.580099 0.393660,0.581490 0.506330,0.583473 0.591076,0.583051 0.638933,0.581414 0.674210,0.579815 0.680772,0.578102 0.687215,0.575417 0.688598,0.574773 0.686086,0.580121 0.680428,0.592611 0.672569,0.603805 0.672255,0.605101 0.672569,0.606279 0.676656,0.608400 0.686400,0.611228 0.698962,0.613613 0.698687,0.613588 0.693517,0.615868 0.677247,0.620314 0.659305,0.625900 0.650941,0.627047 0.569591,0.628757 0.432283,0.627389 0.406737,0.626360 0.391380,0.622712 0.369939,0.616557 0.365834,0.614961 0.363527,0.615109
60 0.362334,0.662232 0.371388,0.662886 0.392300,0.664179 0.420972,0.664987 0.434341,0.664894 0.434554,0.676936 0.435416,0.678229 0.443392,0.678875 0.597748,0.680330 0.625558,0.680007 0.629870,0.679037 0.630516,0.677097 0.630057,0.664431 0.650997,0.664676 0.699287,0.661928 0.690017,0.704112 0.657248,0.706698 0.532643,0.709426 0.454171,0.707810 0.396611,0.705547 0.373544,0.703931 0.363627,0.665949
62 0.282963,0.634444 0.286450,0.637511 0.302618,0.645592 0.339267,0.658037 0.360178,0.661593 0.362589,0.662251 0.362334,0.662232 0.363627,0.665949 0.373544,0.703931 0.373877,0.703954 0.363627,0.703615 0.340345,0.697474 0.320483,0.689963 0.302402,0.680503 0.293779,0.675654 0.290330,0.672422 0.286881,0.663694 0.282353,0.636057
59 0.433907,0.640247 0.434554,0.637823 0.439296,0.637500 0.624910,0.638149 0.627928,0.639119 0.629221,0.641381 0.630516,0.677097 0.629870,0.679037 0.625558,0.680007 0.597748,0.680330 0.443392,0.678875 0.435416,0.678229 0.434554,0.676936 0.433907,0.640247
61 0.690127,0.703612 0.699287,0.661928 0.700458,0.661232 0.704361,0.660793 0.715093,0.659184 0.733826,0.654356 0.757633,0.644993 0.771878,0.638118 0.780074,0.632558 0.781635,0.633582 0.778903,0.649236 0.775586,0.662403 0.772268,0.669571 0.769927,0.672058 0.765243,0.675423 0.746705,0.685810 0.729533,0.693564 0.713727,0.698977 0.707288,0.702049 0.695775,0.703658 0.690127,0.704197
20 0.723967,0.444148 0.729599,0.442782 0.741361,0.442534 0.754117,0.443031 0.764720,0.444397 0.770352,0.446384 0.769027,0.455202 0.767039,0.458928 0.763716,0.460590 0.754449,0.461412 0.734238,0.461785 0.723635,0.460915 0.722476,0.458431 0.721482,0.454954 0.721647,0.449986 0.722807,0.445763
21 0.290904,0.460791 0.297630,0.462617 0.309808,0.464356 0.321869,0.465051 0.326508,0.464791 0.328943,0.463486 0.330915,0.460356 0.331843,0.450618 0.331263,0.448357 0.316186,0.444879 0.307720,0.444879 0.301805,0.445575 0.291599,0.448097 0.288236,0.449836 0.288236,0.453227 0.289744,0.460182
33 0.293072,0.646637 0.293403,0.648997 0.299533,0.657443 0.302183,0.659554 0.312786,0.666261 0.328524,0.673837 0.334819,0.676197 0.342605,0.677936 0.343931,0.676818 0.343765,0.675576 0.338629,0.665516 0.336310,0.661914 0.334819,0.661045 0.330180,0.659927 0.310632,0.653096 0.302515,0.649742 0.294563,0.645644 0.293072,0.645768
32 0.764995,0.645982 0.760357,0.648963 0.748429,0.654676 0.734016,0.659023 0.729210,0.660013 0.726890,0.662372 0.721589,0.673178 0.720926,0.675413 0.722749,0.676034 0.724240,0.676034 0.734014,0.672308 0.748758,0.665602 0.759857,0.659267 0.766318,0.654175 0.769963,0.647965 0.771454,0.642376 0.769466,0.643246 0.766815,0.645109
39 0.509001,0.612914 0.510980,0.616940 0.514371,0.620755 0.518046,0.622662 0.526807,0.624781 0.533591,0.625204 0.536982,0.624569 0.542352,0.622873 0.546875,0.619059 0.550831,0.613974 0.552527,0.609948 0.551397,0.601048 0.549701,0.598505 0.544896,0.594903 0.539809,0.592360 0.529634,0.591089 0.525959,0.591301 0.519176,0.593632 0.512393,0.597870 0.509001,0.602955 0.508153,0.608465
18 0.359994,0.652966 0.360390,0.649851 0.361379,0.647329 0.362566,0.646143 0.365930,0.644659 0.371272,0.644659 0.374834,0.645994 0.378000,0.649554 0.378395,0.653115 0.377802,0.655488 0.375032,0.657862 0.373449,0.658307 0.368700,0.658158 0.363951,0.656675 0.362368,0.656082 0.360587,0.654450 0.359994,0.652966
30 0.360468,0.468853 0.346022,0.469483 0.344678,0.471498 0.348878,0.473891 0.359125,0.474646 0.392553,0.474268 0.413550,0.473009 0.400784,0.470113 0.387177,0.469231 0.372563,0.468853
22 0.478632,0.472031 0.468372,0.472453 0.459798,0.474666 0.470621,0.475825 0.507585,0.474455 0.555091,0.474350 0.598942,0.473401 0.612013,0.473612 0.600629,0.471610 0.560572,0.469819 0.556221,0.469289 0.542729,0.468973 0.528111,0.469289 0.480044,0.471818
31 0.399440,0.467090 0.389025,0.467468 0.383314,0.469357 0.386673,0.471372 0.394737,0.470238 0.404479,0.469861 0.409519,0.472505 0.421613,0.475024 0.447986,0.476158 0.463105,0.476158 0.449162,0.473765 0.431692,0.472757 0.420774,0.471372 0.400784,0.466838
