5 0.485055,0.163404 0.494786,0.165152 0.503349,0.169231 0.512301,0.177098 0.516971,0.185548 0.523977,0.219638 0.532929,0.298891 0.526702,0.315499 0.519696,0.359495 0.499846,0.386884 0.494007,0.399734 0.492840,0.480483 0.495175,0.519526 0.494007,0.551577 0.496343,0.563814 0.493229,0.562358 0.425505,0.438234 0.427451,0.412011 0.421224,0.385205 0.416553,0.356942 0.415775,0.339460 0.417721,0.302713 0.434846,0.283774 0.437960,0.278529 0.441463,0.280569 0.443409,0.277637 0.449636,0.248792 0.458199,0.222277 0.481163,0.170414
11 0.492840,0.480483 0.494007,0.399734 0.499846,0.386884 0.516309,0.364168 0.524477,0.369348 0.530204,0.371015 0.532750,0.371015 0.535931,0.369586 0.539113,0.366252 0.540385,0.361607 0.540544,0.353271 0.537999,0.331240 0.547862,0.328263 0.560111,0.326239 0.565997,0.326120 0.567110,0.332193 0.568701,0.338386 0.572042,0.343030 0.576337,0.346265 0.580473,0.347694 0.576973,0.355554 0.577451,0.360556 0.579359,0.364605 0.601789,0.390565 0.662557,0.454783 0.689760,0.482768 0.750846,0.549725 0.766754,0.568779 0.770094,0.573542 0.769140,0.575329 0.767549,0.575329 0.765481,0.574257 0.745278,0.567707 0.702327,0.549732 0.686896,0.544373 0.681170,0.543063 0.674647,0.543182 0.670034,0.544254 0.666375,0.546397 0.661921,0.550089 0.660012,0.553542 0.662080,0.576050 0.664944,0.590359 0.670670,0.614771 0.677670,0.637993 0.682601,0.649902 0.681329,0.652164 0.667648,0.644662 0.653649,0.635492 0.637423,0.627275 0.617856,0.618212 0.580314,0.604517 0.569974,0.599278 0.562815,0.594157 0.544044,0.553168 0.536727,0.540426 0.529886,0.529351 0.521932,0.519705 0.517160,0.515417 0.513501,0.513988 0.511115,0.514465 0.506820,0.525659 0.506502,0.534471 0.507297,0.543998 0.503002,0.549357 0.505070,0.560194 0.497116,0.564838 0.496267,0.563779 0.496343,0.563814 0.494007,0.551577 0.495175,0.519526 0.492840,0.480483
3 0.381134,0.295411 0.382691,0.272684 0.385416,0.256659 0.400984,0.244713 0.418499,0.210040 0.436403,0.178572 0.446523,0.170705 0.459367,0.165169 0.468900,0.163614 0.480166,0.162776 0.478917,0.164088 0.470271,0.176522 0.459804,0.198324 0.447063,0.232413 0.440464,0.255237 0.435914,0.277210 0.437893,0.278642 0.434846,0.283774 0.417721,0.302713 0.415775,0.339460 0.416553,0.356942 0.421224,0.385205 0.427451,0.412011 0.425532,0.437867 0.414602,0.419866 0.396703,0.378742 0.390865,0.342030 0.384248,0.321634 0.381134,0.295411
9 0.378270,0.314737 0.379152,0.306419 0.379857,0.262703 0.381974,0.251085 0.384443,0.242898 0.393791,0.235505 0.402257,0.230091 0.412134,0.211210 0.418659,0.202364 0.420952,0.202626 0.417248,0.207379 0.411957,0.215433 0.408782,0.221111 0.406842,0.225732 0.406490,0.230617 0.406659,0.233478 0.400984,0.244713 0.385416,0.256659 0.382691,0.272684 0.381134,0.295411 0.384248,0.321634 0.390865,0.342030 0.396688,0.378648 0.394320,0.373507 0.387265,0.346572 0.385325,0.334557 0.380739,0.319886 0.378270,0.314737
7 0.476010,0.634491 0.475627,0.611133 0.479150,0.595650 0.482839,0.583973 0.488439,0.573869 0.496675,0.565274 0.505335,0.560264 0.525047,0.548968 0.538344,0.543242 0.544044,0.553168 0.562815,0.594157 0.562935,0.594242 0.570033,0.613566 0.592904,0.684332 0.612725,0.776025 0.618316,0.793145 0.605101,0.792004 0.582739,0.786297 0.559360,0.773361 0.533440,0.750533 0.511078,0.721238 0.495831,0.695366 0.482617,0.663026 0.476010,0.634491
56 0.375808,0.315476 0.377055,0.314183 0.378311,0.314751 0.380739,0.319886 0.385325,0.334557 0.386477,0.341694 0.385115,0.341501 0.383595,0.347844 0.382334,0.345435 0.376096,0.320146 0.375808,0.315476
58 0.505070,0.560194 0.503002,0.549357 0.507297,0.543998 0.506502,0.534471 0.506820,0.525659 0.511115,0.514465 0.513501,0.513988 0.517160,0.515417 0.521932,0.519705 0.529886,0.529351 0.536727,0.540426 0.538344,0.543242 0.525047,0.548968 0.505335,0.560264
62 0.998857,0.866750 0.953860,0.856875 0.856884,0.828994 0.798698,0.809244 0.754477,0.791818 0.740848,0.786926 0.727973,0.783071 0.720483,0.782020 0.711353,0.782020 0.701054,0.783422 0.690286,0.787277 0.686540,0.790431 0.690754,0.797090 0.701054,0.809882 0.715333,0.820396 0.731719,0.830735 0.758873,0.844787 0.820671,0.870547 0.861168,0.885967 0.906112,0.900687 0.941011,0.910697 0.966292,0.917531 0.989232,0.923001 0.999532,0.924929
7 0.383530,0.348115 0.385115,0.341501 0.386477,0.341694 0.387265,0.346572 0.394320,0.373507 0.396688,0.378648 0.396703,0.378742 0.404848,0.397456 0.405391,0.403510 0.403239,0.404104 0.403352,0.406987 0.418983,0.438107 0.407543,0.438022 0.397575,0.437428 0.392705,0.432595 0.390326,0.422250 0.389193,0.412499 0.385908,0.392632 0.383530,0.348115
12 0.419811,0.200380 0.427505,0.187808 0.438965,0.174232 0.448133,0.165462 0.456283,0.160506 0.466724,0.155930 0.480222,0.152308 0.518931,0.145636 0.555349,0.141633 0.607301,0.137439 0.660272,0.134770 0.710951,0.133060 0.772836,0.132297 0.825807,0.133060 0.869864,0.134585 0.915450,0.138970 0.946520,0.143354 0.975297,0.149836 0.999236,0.157844 0.999491,0.161275 0.994143,0.159178 0.966129,0.157267 0.901953,0.157076 0.822241,0.158983 0.734381,0.162415 0.669695,0.166800 0.557641,0.177325 0.540578,0.179804 0.550510,0.231850 0.557132,0.274364 0.565790,0.321834 0.565268,0.326135 0.560111,0.326239 0.547862,0.328263 0.538004,0.331239 0.535994,0.323169 0.533957,0.300863 0.532762,0.297410 0.523977,0.219638 0.516971,0.185548 0.512301,0.177098 0.503349,0.169231 0.494786,0.165152 0.486222,0.163614 0.481495,0.162603 0.468900,0.163614 0.459367,0.165169 0.446523,0.170705 0.437287,0.179344 0.433068,0.184434 0.428966,0.189473 0.421139,0.201494 0.418337,0.201704
6 0.579045,0.358066 0.580175,0.350731 0.583190,0.349321 0.593742,0.352706 0.618615,0.354963 0.665723,0.356091 0.853777,0.348756 0.999246,0.339446 0.999246,0.644217 0.780666,0.574210 0.745618,0.533585 0.706047,0.492395 0.655925,0.443266 0.628791,0.414490 0.599772,0.385996 0.582060,0.364555 0.579045,0.358066
41 0.530079,0.304387 0.524094,0.327867 0.516432,0.362637 0.508053,0.356006 0.496800,0.349374 0.469267,0.345969 0.442909,0.343227 0.409890,0.337545 0.405581,0.333243 0.400313,0.325178 0.396483,0.313707 0.396004,0.306180 0.396722,0.302237 0.406299,0.297397 0.427368,0.293096 0.447240,0.290945 0.465915,0.290407 0.479322,0.292200 0.486026,0.297397 0.493209,0.307076 0.494406,0.311736 0.492011,0.325716 0.492251,0.327508 0.498955,0.327508 0.505658,0.324461 0.510207,0.310481 0.524094,0.255995
14 0.540578,0.179586 0.557641,0.177108 0.669695,0.166582 0.734381,0.162197 0.822241,0.158765 0.901953,0.156859 0.966129,0.157049 0.994143,0.158960 0.999243,0.160960 1.000000,0.164259 0.999636,0.186119 1.000000,0.338824 0.853777,0.348539 0.665723,0.355874 0.618615,0.354745 0.593742,0.352488 0.583190,0.349103 0.580473,0.347477 0.576337,0.346048 0.572042,0.342813 0.568701,0.338168 0.567110,0.331976 0.565997,0.325902 0.565268,0.325917 0.565790,0.321617 0.557132,0.274146 0.550510,0.231632 0.540578,0.179586
35 0.388821,0.279474 0.392652,0.283776 0.394089,0.286464 0.393849,0.288974 0.391216,0.291124 0.385948,0.290049 0.383315,0.287540 0.383075,0.282342 0.384991,0.279833 0.386667,0.279295
1 0.562935,0.594242 0.569974,0.599278 0.580314,0.604517 0.617856,0.618212 0.637423,0.627275 0.653649,0.635492 0.667648,0.644662 0.681329,0.652164 0.681549,0.651773 0.700771,0.664019 0.752778,0.686871 0.807046,0.708876 0.869229,0.728375 0.951008,0.749251 0.999246,0.757151 0.999473,0.966386 0.992886,0.966386 0.962586,0.960469 0.941771,0.954355 0.901458,0.941340 0.837390,0.917382 0.763615,0.886810 0.719878,0.866295 0.685889,0.848740 0.662176,0.832961 0.646631,0.820897 0.628977,0.806104 0.621073,0.797819 0.620019,0.793480 0.618172,0.792705 0.612725,0.776025 0.592904,0.684332 0.570033,0.613566 0.562935,0.594242
50 0.516309,0.364168 0.517865,0.358947 0.525794,0.321196 0.528405,0.310957 0.532929,0.298891 0.533957,0.300863 0.535994,0.323169 0.538004,0.331239 0.537999,0.331240 0.540544,0.353271 0.540385,0.361607 0.539113,0.366252 0.535931,0.369586 0.532750,0.371015 0.530204,0.371015 0.524477,0.369348 0.516309,0.364168
69 0.443463,0.281985 0.452134,0.247818 0.460806,0.221339 0.478606,0.178972 0.483627,0.169214 0.491842,0.171606 0.499601,0.175706 0.507360,0.182027 0.513978,0.193473 0.519227,0.219440 0.523012,0.260241 0.510207,0.310481 0.505658,0.324461 0.498955,0.327508 0.492251,0.327508 0.492011,0.325716 0.494406,0.311736 0.493209,0.307076 0.486026,0.297397 0.479322,0.292200 0.465915,0.290407 0.451884,0.290811 0.443463,0.281985
66 0.410373,0.245917 0.420642,0.214483 0.427945,0.199279 0.438214,0.182024 0.446886,0.175704 0.453960,0.172287 0.459209,0.170066 0.473586,0.168529 0.468337,0.176729 0.458752,0.197058 0.447799,0.226612 0.441181,0.247796 0.435247,0.274104 0.426964,0.265114 0.413639,0.249634 0.410373,0.245917
54 0.435914,0.275787 0.440464,0.255237 0.447063,0.232413 0.459804,0.198324 0.470271,0.176522 0.478917,0.164088 0.480166,0.162776 0.481495,0.162603 0.485055,0.163404 0.481163,0.170414 0.458199,0.222277 0.449636,0.248792 0.443409,0.277637 0.441463,0.280569 0.437685,0.277778
71 0.660012,0.553542 0.661921,0.550089 0.666375,0.546397 0.670034,0.544254 0.674647,0.543182 0.681170,0.543063 0.686896,0.544373 0.702327,0.549732 0.745278,0.567707 0.765481,0.574257 0.767549,0.575329 0.769140,0.575329 0.770094,0.573542 0.780666,0.574210 0.999246,0.644217 0.999633,0.652733 0.999246,0.757151 0.951008,0.749251 0.869229,0.728375 0.807046,0.708876 0.752778,0.686871 0.700771,0.664019 0.681549,0.651773 0.682601,0.649902 0.677670,0.637993 0.670670,0.614771 0.664944,0.590359 0.662080,0.576050 0.660012,0.553542
21 0.394703,0.305180 0.396411,0.301346 0.401248,0.298364 0.412345,0.295382 0.448482,0.290695 0.451884,0.290811 0.465915,0.290407 0.479322,0.292200 0.486026,0.297397 0.493209,0.307076 0.494406,0.311736 0.492011,0.325716 0.492183,0.326999 0.491163,0.328824 0.487749,0.330741 0.436531,0.329250 0.415759,0.327120 0.404378,0.325203 0.399541,0.321795 0.395272,0.311996 0.394703,0.305180
27 0.435486,0.284313 0.438547,0.278545 0.444563,0.283602 0.451318,0.290634 0.447624,0.290397 0.441924,0.291187
28 0.518805,0.610373 0.515396,0.611394 0.513805,0.612330 0.512101,0.614797 0.511760,0.615988 0.513578,0.616838 0.516874,0.617179 0.520510,0.615818 0.525623,0.612755 0.526419,0.611479 0.523123,0.609438
25 0.405187,0.247796 0.411836,0.257436 0.422180,0.270395 0.434530,0.283985 0.437908,0.278612 0.409514,0.245584
29 0.494892,0.419507 0.495646,0.416799 0.497003,0.415557 0.498511,0.414880 0.501526,0.414654 0.502582,0.415331 0.508763,0.420862 0.509517,0.422216 0.509868,0.427418 0.509517,0.430907 0.508613,0.433165 0.506954,0.434970 0.505446,0.435196 0.503788,0.434858 0.502280,0.433955 0.498963,0.430343 0.495495,0.424925 0.495043,0.423571 0.494892,0.419507
17 0.565509,0.675777 0.559366,0.675096 0.556636,0.676969 0.555498,0.679524 0.555270,0.682079 0.556636,0.684975 0.558228,0.685827 0.565737,0.687360 0.567330,0.687189 0.568922,0.685997 0.570743,0.683442 0.570743,0.681739 0.567330,0.676458
52 0.403239,0.404104 0.405391,0.403510 0.405356,0.403124 0.406783,0.403582 0.410114,0.409553 0.414602,0.419866 0.425532,0.437867 0.425505,0.438234 0.493229,0.562358 0.495434,0.563389 0.496432,0.565528 0.495151,0.566865 0.490305,0.571422 0.484294,0.560765 0.468001,0.529621 0.424975,0.449291 0.418964,0.437568 0.418517,0.437177 0.403352,0.406987 0.403239,0.404104
17 0.553223,0.655167 0.549582,0.657381 0.550265,0.659936 0.552768,0.662491 0.554588,0.663513 0.558001,0.664365 0.563234,0.663854 0.565737,0.661299 0.565964,0.660107 0.564827,0.655337 0.561869,0.653293 0.560276,0.652953 0.557091,0.653123 0.552313,0.654315
17 0.584622,0.680376 0.585305,0.683953 0.587580,0.686338 0.589173,0.686678 0.590766,0.686338 0.591448,0.685145 0.591448,0.682420 0.589855,0.677651 0.588263,0.677480 0.586670,0.677991 0.585305,0.679184
46 0.496256,0.637754 0.496628,0.626238 0.498737,0.614890 0.502459,0.606904 0.508662,0.600031 0.517098,0.594459 0.528263,0.592416 0.537555,0.592092 0.551584,0.597537 0.565094,0.603372 0.566648,0.604351 0.570033,0.613566 0.592904,0.684332 0.611144,0.768712 0.605428,0.769758 0.594262,0.768179 0.582725,0.764464 0.567590,0.756477 0.549973,0.741989 0.536203,0.730009 0.517594,0.704822 0.508166,0.685969 0.499978,0.663943 0.496876,0.648434 0.496256,0.637754
17 0.570970,0.652782 0.568922,0.655167 0.568695,0.657892 0.572790,0.661980 0.574383,0.662662 0.580071,0.663343 0.581437,0.662151 0.581892,0.660788 0.581664,0.658233 0.580527,0.655678 0.578479,0.653293 0.573246,0.652442
18 0.848621,0.792219 0.857795,0.793936 0.861400,0.793936 0.864676,0.792465 0.867953,0.790502 0.869591,0.788049 0.870902,0.783634 0.870902,0.779710 0.867625,0.773823 0.860417,0.768917 0.848948,0.765974 0.843378,0.765728 0.838136,0.767200 0.835514,0.769653 0.834859,0.778729 0.838463,0.785597 0.843378,0.789766 0.846655,0.791238
22 0.993119,0.319138 0.976736,0.323553 0.964940,0.329931 0.920051,0.332384 0.871557,0.336799 0.901046,0.336554 0.945281,0.334591 0.980996,0.332138 0.999017,0.332629 1.000000,0.318401
17 0.580527,0.691277 0.573928,0.694684 0.574156,0.695876 0.578479,0.699964 0.581664,0.701327 0.583712,0.701497 0.591903,0.699624 0.592358,0.696728 0.589628,0.692981 0.586442,0.691277 0.583257,0.690596
16 0.591473,0.112856 0.592977,0.112133 0.598026,0.125402 0.603290,0.137224 0.600067,0.137304 0.591580,0.114063 0.591473,0.112856
31 0.733284,0.331160 0.692982,0.334349 0.693965,0.337538 0.712969,0.337538 0.728697,0.335821 0.753927,0.339500 0.881059,0.342443 0.976081,0.340481 0.999345,0.339255 0.999672,0.333123 0.834531,0.338764 0.742459,0.334104
30 0.590424,0.339251 0.596650,0.337783 0.634658,0.337292 0.675616,0.335821 0.679548,0.332877 0.703467,0.332387 0.722471,0.336557 0.742459,0.338764 0.808319,0.340726 0.833876,0.340726 0.832893,0.348085 0.804059,0.348576 0.685773,0.346368 0.641539,0.343915 0.585182,0.344896 0.582560,0.341953 0.588786,0.339255
