8 0.069252,0.226022 0.070302,0.220318 0.072138,0.215597 0.117258,0.181764 0.124866,0.174880 0.131687,0.165439 0.140869,0.150098 0.150839,0.134363 0.156876,0.125122 0.165534,0.123155 0.169206,0.124336 0.154777,0.146364 0.147169,0.163673 0.141922,0.164263 0.126706,0.184914 0.118311,0.197699 0.128018,0.222875 0.081583,0.223465 0.072138,0.224055 0.069252,0.226022
9 0.632773,0.131618 0.644317,0.131618 0.652712,0.143813 0.670814,0.174692 0.679996,0.188067 0.689440,0.196721 0.713576,0.216389 0.722496,0.224847 0.726431,0.230567 0.726956,0.236074 0.721971,0.232534 0.694162,0.229584 0.670289,0.229584 0.679996,0.206178 0.679471,0.203425 0.657696,0.172545 0.654548,0.172348 0.645104,0.152287 0.636971,0.137929
7 0.628306,0.451313 0.624085,0.445558 0.630404,0.444823 0.650343,0.442463 0.686022,0.436169 0.693368,0.432628 0.691794,0.439119 0.684973,0.447970 0.679988,0.450723 0.655852,0.454067 0.636963,0.453674 0.628306,0.451313
7 0.114908,0.436955 0.120155,0.438921 0.134584,0.442265 0.176822,0.446986 0.181282,0.448559 0.183905,0.452493 0.183380,0.455246 0.162917,0.455443 0.136158,0.454656 0.129337,0.452493 0.124090,0.448756 0.117794,0.443052 0.114908,0.436955
15 0.147237,0.163518 0.154777,0.146364 0.169206,0.124336 0.169730,0.123593 0.182384,0.105544 0.196582,0.087171 0.199154,0.086245 0.227858,0.082312 0.263353,0.079998 0.296069,0.079145 0.342366,0.078683 0.437533,0.080147 0.517987,0.084163 0.559963,0.088024 0.584860,0.091109 0.605745,0.095274 0.608215,0.096354 0.624264,0.118414 0.632495,0.130909 0.633075,0.131618 0.632773,0.131618 0.636971,0.137929 0.645104,0.152287 0.654548,0.172348 0.622024,0.171547 0.518660,0.166237 0.482981,0.166237 0.443104,0.165057 0.319538,0.163882 0.155834,0.163882 0.149966,0.164376 0.147237,0.163518
13 0.118311,0.197699 0.126706,0.184914 0.141922,0.164263 0.147169,0.163673 0.147237,0.163518 0.149966,0.164376 0.155834,0.163882 0.319538,0.163882 0.443104,0.165057 0.482981,0.166237 0.518660,0.166237 0.622024,0.171547 0.657875,0.172799 0.679471,0.203425 0.679996,0.206178 0.670415,0.229281 0.668460,0.230746 0.660852,0.251005 0.649571,0.273623 0.642651,0.292003 0.642212,0.295292 0.643090,0.299403 0.649012,0.315356 0.638264,0.327526 0.623786,0.339389 0.614134,0.344980 0.608431,0.347118 0.602508,0.348434 0.586933,0.349585 0.538454,0.351230 0.397186,0.352380 0.254601,0.349587 0.210729,0.347284 0.197787,0.344324 0.186599,0.339555 0.174973,0.330839 0.164224,0.321300 0.156327,0.313570 0.154353,0.310775 0.161811,0.290382 0.135049,0.235108 0.127813,0.222343 0.118311,0.197699
0 0.069941,0.352850 0.071535,0.347935 0.075610,0.341825 0.077028,0.333325 0.075610,0.321503 0.075256,0.311010 0.074016,0.304635 0.075787,0.305432 0.091024,0.307822 0.115827,0.310346 0.147717,0.311409 0.154447,0.310908 0.156327,0.313570 0.164224,0.321300 0.174973,0.330839 0.186599,0.339555 0.197787,0.344324 0.210729,0.347284 0.254601,0.349587 0.397186,0.352380 0.538454,0.351230 0.586933,0.349585 0.602508,0.348434 0.608431,0.347118 0.614134,0.344980 0.623786,0.339389 0.638264,0.327526 0.649012,0.315356 0.648604,0.314256 0.661995,0.314131 0.707096,0.312067 0.714719,0.310797 0.721283,0.308575 0.724671,0.306352 0.721918,0.334609 0.723400,0.340800 0.725306,0.346039 0.727847,0.350166 0.728482,0.353818 0.728482,0.359532 0.724883,0.380036 0.718954,0.402420 0.712390,0.417183 0.701591,0.428454 0.693252,0.433105 0.693368,0.432628 0.686022,0.436169 0.650343,0.442463 0.630404,0.444823 0.627476,0.445163 0.547229,0.448782 0.458297,0.452107 0.347343,0.451790 0.228145,0.448778 0.220173,0.446520 0.195546,0.442668 0.182082,0.443598 0.173755,0.445458 0.171994,0.446446 0.134584,0.442265 0.120155,0.438921 0.116828,0.437675 0.109095,0.434026 0.100059,0.428979 0.093327,0.421541 0.084469,0.405735 0.079154,0.391523 0.073484,0.369873 0.072244,0.358296 0.069941,0.352850
59 0.278051,0.261974 0.278847,0.301159 0.280704,0.303944 0.283092,0.305734 0.288663,0.306132 0.308297,0.306132 0.521080,0.310112 0.527447,0.310112 0.530631,0.308919 0.531162,0.307725 0.532223,0.262175 0.530897,0.260783 0.529305,0.260186 0.454751,0.257998 0.295031,0.255405 0.287602,0.255405 0.280439,0.255206 0.278051,0.257593
73 0.642212,0.295292 0.642651,0.292003 0.649571,0.273623 0.660852,0.251005 0.668460,0.230746 0.670415,0.229281 0.670289,0.229584 0.694162,0.229584 0.721971,0.232534 0.726309,0.235615 0.727764,0.240101 0.731270,0.259810 0.730174,0.276398 0.730174,0.292330 0.726231,0.303334 0.724124,0.306711 0.721283,0.308575 0.714719,0.310797 0.707096,0.312067 0.661995,0.314131 0.648604,0.314256 0.643090,0.299403 0.642212,0.295292
72 0.064101,0.263910 0.065479,0.246800 0.068696,0.227739 0.069506,0.225848 0.072138,0.224055 0.081583,0.223465 0.128018,0.222875 0.135049,0.235108 0.161811,0.290382 0.154353,0.310775 0.154447,0.310908 0.147717,0.311409 0.115827,0.310346 0.091024,0.307822 0.075787,0.305432 0.074074,0.304444 0.072372,0.300655 0.067470,0.289057 0.064867,0.282053 0.064101,0.263910
12 0.156488,0.125716 0.157732,0.123629 0.185730,0.086753 0.198847,0.076353 0.209693,0.070869 0.221044,0.067465 0.228358,0.066519 0.232142,0.066897 0.254339,0.063683 0.319921,0.060468 0.354729,0.060090 0.430434,0.061549 0.465825,0.063715 0.528789,0.068652 0.567885,0.073908 0.585272,0.077225 0.596177,0.080619 0.604511,0.086172 0.611301,0.091263 0.623441,0.103141 0.643709,0.130832 0.643908,0.131618 0.633075,0.131618 0.632495,0.130909 0.624264,0.118414 0.608215,0.096354 0.605745,0.095274 0.584860,0.091109 0.559963,0.088024 0.517987,0.084163 0.437533,0.080147 0.342366,0.078683 0.296069,0.079145 0.263353,0.079998 0.227858,0.082312 0.199154,0.086245 0.196582,0.087171 0.182384,0.105544 0.169730,0.123593 0.168788,0.124201 0.165534,0.123155 0.156876,0.125122 0.156488,0.125716
38 0.167290,0.301981 0.221373,0.303557 0.224678,0.304909 0.225579,0.306035 0.226480,0.308288 0.226180,0.310766 0.223476,0.312568 0.220471,0.312793 0.200040,0.312342 0.167290,0.310991 0.165788,0.310315 0.165187,0.308513 0.164847,0.303550
48 0.639449,0.426492 0.644265,0.422742 0.647229,0.421631 0.655751,0.420937 0.680945,0.417743 0.692801,0.415798 0.701693,0.413715 0.710029,0.411354 0.711696,0.410521 0.709844,0.413854 0.706509,0.417465 0.702063,0.420937 0.695209,0.422742 0.677054,0.426353 0.597582,0.433992 0.551123,0.436236 0.486247,0.437468 0.383063,0.438440 0.257835,0.435803 0.190960,0.433164 0.153354,0.430525 0.130012,0.427887 0.110747,0.424971 0.100187,0.422054 0.096668,0.419415 0.090184,0.412471 0.092592,0.412610 0.099817,0.414693 0.119639,0.417749 0.147796,0.420804 0.159652,0.421499 0.168915,0.427332 0.245793,0.431220 0.395290,0.433726 0.452717,0.433726 0.530892,0.432341 0.595359,0.429980 0.634262,0.427064
39 0.380015,0.222470 0.380616,0.215036 0.381517,0.212784 0.385423,0.208279 0.390230,0.205350 0.397742,0.203098 0.406155,0.203098 0.415168,0.205350 0.422980,0.209630 0.425384,0.211883 0.429590,0.218190 0.430191,0.226975 0.428389,0.231480 0.423281,0.236661 0.419976,0.238688 0.413366,0.240490 0.400746,0.241166 0.393836,0.239364 0.387526,0.235760 0.383019,0.231255 0.380916,0.226750
37 0.640138,0.426561 0.663487,0.424302 0.687086,0.421290 0.704410,0.417902 0.709180,0.415832 0.711691,0.413573 0.713197,0.411126 0.709431,0.411503 0.682567,0.417338 0.662482,0.419784 0.646665,0.420914
36 0.090311,0.412250 0.095085,0.417139 0.096843,0.418268 0.101362,0.419586 0.125464,0.423162 0.167893,0.426362 0.162119,0.422974 0.155089,0.421280 0.128477,0.419021 0.113162,0.417139 0.100107,0.415068 0.093830,0.413186
