2 0.763915,0.257167 0.770056,0.255803 0.788272,0.259349 0.796255,0.266443 0.803214,0.277902 0.811605,0.304093 0.819588,0.341470 0.824500,0.341470 0.830027,0.356202 0.837190,0.360022 0.838214,0.371208 0.837804,0.398217 0.833915,0.419498 0.830641,0.459876 0.829411,0.498122 0.820815,0.531134 0.801984,0.567692 0.802394,0.549959 0.796663,0.535772 0.803417,0.483662 0.803417,0.458562 0.794206,0.449832 0.790318,0.380262 0.791546,0.376442 0.786835,0.342026 0.780286,0.306014 0.768824,0.270819
4 0.712857,0.402049 0.721180,0.447076 0.722649,0.470243 0.731706,0.495367 0.736112,0.523754 0.735378,0.566243 0.732930,0.602460 0.733420,0.645857 0.729258,0.678191 0.732440,0.689611 0.739539,0.687327 0.750555,0.672970 0.769648,0.637731 0.801715,0.567905 0.802205,0.550938 0.796330,0.534298 0.802205,0.490575 0.802941,0.460179 0.793884,0.451043 0.790212,0.381870 0.785806,0.386112 0.784337,0.385133 0.781155,0.351199 0.776017,0.321142 0.769408,0.290798 0.765736,0.279051 0.757169,0.257190 0.750315,0.259148 0.742237,0.265347 0.735138,0.275136 0.727305,0.296997 0.717268,0.369433
8 0.848668,0.433975 0.849691,0.421698 0.848463,0.409694 0.846826,0.399599 0.843755,0.388413 0.842323,0.377500 0.846416,0.361404 0.845802,0.350491 0.841299,0.337122 0.834136,0.327028 0.830042,0.324845 0.825130,0.316387 0.822060,0.309840 0.818580,0.311477 0.821855,0.318843 0.822060,0.331666 0.821021,0.340781 0.824846,0.340781 0.830230,0.356096 0.837647,0.359925 0.838365,0.370613 0.838126,0.394064 0.834657,0.415930 0.830706,0.460452 0.829749,0.497302 0.820894,0.533372 0.826397,0.530979 0.832857,0.482323 0.836805,0.458075 0.840394,0.440846 0.843265,0.430955 0.844820,0.428084 0.846495,0.427605 0.847452,0.430157 0.847692,0.434146
10 0.687966,0.424780 0.702089,0.429145 0.706433,0.431489 0.702946,0.448252 0.703727,0.466249 0.707002,0.471433 0.713142,0.473070 0.718054,0.470614 0.720920,0.467613 0.725013,0.479617 0.730744,0.491622 0.735247,0.522178 0.735247,0.545641 0.732586,0.616848 0.732586,0.646313 0.728902,0.672505 0.728902,0.679354 0.731767,0.690540 0.737089,0.691904 0.728492,0.716458 0.728492,0.695451 0.724399,0.687812 0.723785,0.652890 0.721943,0.639249 0.719077,0.630245 0.712937,0.626426 0.708434,0.627517 0.701475,0.634884 0.690422,0.651799 0.684487,0.671169 0.675685,0.696815 0.638843,0.708001 0.605878,0.726025 0.600557,0.729571 0.603422,0.714293 0.609972,0.685919 0.615294,0.647997 0.615908,0.633264 0.615089,0.628080 0.611200,0.624261 0.604650,0.621533 0.594212,0.623715 0.579270,0.629717 0.554908,0.642261 0.558387,0.631348 0.593388,0.577602 0.610581,0.553048 0.672408,0.468379 0.677320,0.452555 0.676706,0.447372 0.681209,0.443007 0.684688,0.437277 0.687349,0.429638
7 0.615327,0.933524 0.623648,0.940326 0.641500,0.947127 0.654654,0.948022 0.664184,0.944084 0.675190,0.931913 0.685660,0.914731 0.690089,0.901486 0.695055,0.884483 0.701108,0.856892 0.706208,0.830939 0.708624,0.815189 0.712651,0.779929 0.714802,0.744278 0.714937,0.710987 0.713057,0.692015 0.710910,0.676802 0.705138,0.664273 0.698696,0.656040 0.691179,0.652460 0.687421,0.662125 0.671448,0.711703 0.658154,0.765054 0.649563,0.805146 0.641231,0.862443 0.636394,0.901836 0.633576,0.913291 0.631294,0.919018 0.623777,0.926714 0.618140,0.931726
7 0.826512,0.531393 0.820712,0.547964 0.808596,0.572407 0.802279,0.587874 0.804350,0.590636 0.810874,0.592155 0.820712,0.591878 0.828583,0.588426 0.832829,0.584974 0.836354,0.576141 0.837907,0.564541 0.840911,0.537750 0.843293,0.510270 0.844435,0.490648 0.843917,0.473248 0.842364,0.455710 0.838946,0.450313 0.837497,0.455008 0.835943,0.466194 0.830351,0.501132
6 0.335352,0.410592 0.336052,0.413703 0.341885,0.416814 0.372914,0.424280 0.398111,0.427703 0.491901,0.442636 0.538149,0.445741 0.606042,0.451963 0.650836,0.451963 0.668623,0.450093 0.675855,0.447293 0.675855,0.452582 0.673522,0.462537 0.667923,0.473426 0.657424,0.486181 0.623351,0.533808 0.567341,0.614716 0.554509,0.637738 0.552409,0.643960 0.422631,0.700300 0.387868,0.693767 0.327675,0.679456 0.278914,0.664834 0.274443,0.651140 0.270710,0.648340 0.266511,0.646785 0.259978,0.646785 0.253912,0.648340 0.249479,0.654251 0.202783,0.633399 0.165921,0.608511 0.165221,0.591400 0.169187,0.567445 0.175253,0.545979 0.185985,0.529801 0.201150,0.512379 0.231734,0.484341 0.250165,0.469719 0.297526,0.436742 0.326923,0.414031 0.336255,0.405009
12 0.524555,0.268311 0.565266,0.267567 0.662302,0.270170 0.716119,0.276119 0.687660,0.423891 0.706520,0.430776 0.726157,0.295454 0.734243,0.275004 0.742259,0.263857 0.751032,0.257618 0.757660,0.254759 0.774426,0.255798 0.786123,0.258138 0.794896,0.263857 0.801914,0.272956 0.814976,0.300251 0.818095,0.310650 0.822384,0.308310 0.808932,0.279715 0.802109,0.268796 0.791582,0.253979 0.783394,0.248260 0.771307,0.243580 0.759220,0.239941 0.729587,0.236302 0.659394,0.233166 0.591722,0.236278 0.551952,0.241738 0.512161,0.248756 0.496565,0.253955 0.462839,0.271112 0.438250,0.292191 0.411737,0.319746 0.351654,0.392304 0.355943,0.398543 0.383236,0.361108 0.424956,0.313276 0.451274,0.285980 0.463361,0.272462 0.508979,0.270123
14 0.347783,0.412312 0.383264,0.362140 0.417185,0.322626 0.464558,0.272194 0.523433,0.269595 0.584119,0.269081 0.662294,0.270640 0.715126,0.277139 0.685688,0.432075 0.680425,0.441953 0.675746,0.445853 0.654106,0.450557 0.618430,0.451597 0.486971,0.441193 0.379502,0.424549 0.351430,0.418310 0.345870,0.415657
35 0.829041,0.390755 0.837424,0.381397 0.838203,0.386596 0.837424,0.393355 0.832940,0.396215 0.830015,0.396215 0.829236,0.393355
1 0.152720,0.624701 0.140730,0.648498 0.137105,0.667461 0.134874,0.700925 0.137105,0.738479 0.147422,0.759301 0.153278,0.780867 0.146585,0.797971 0.144076,0.822883 0.149932,0.837013 0.166104,0.856347 0.217162,0.900571 0.263729,0.928829 0.332881,0.965268 0.397853,0.992779 0.421601,0.999104 0.438052,0.999848 0.449485,0.996501 0.505253,0.984975 0.540666,0.973820 0.603740,0.945186 0.631903,0.916183 0.636364,0.896105 0.640826,0.856692 0.648075,0.805380 0.661460,0.747375 0.674565,0.697923 0.636085,0.710193 0.598999,0.730271 0.584779,0.741426 0.560798,0.751093 0.503636,0.771916 0.458742,0.782327 0.431695,0.782327 0.417195,0.775262 0.399628,0.763364 0.395167,0.759274 0.341847,0.749210 0.268790,0.722067 0.262656,0.724670 0.253733,0.723926 0.246483,0.719464 0.242022,0.713515 0.166675,0.668513 0.155800,0.668513 0.149386,0.666282 0.148550,0.655499 0.150781,0.636536
63 0.170273,0.612697 0.168708,0.615081 0.167591,0.666937 0.186141,0.679156 0.213407,0.694355 0.241792,0.711343 0.247379,0.718198 0.253413,0.722370 0.262353,0.723860 0.268835,0.719986 0.279116,0.724754 0.333202,0.745318 0.367844,0.753066 0.394887,0.758133 0.422628,0.701806 0.408324,0.697633 0.355132,0.686606 0.278696,0.666042 0.275567,0.657102 0.271767,0.651141 0.266627,0.648161 0.258805,0.647267 0.253888,0.649651 0.248747,0.655910 0.208294,0.636538 0.175404,0.615657
68 0.784408,0.380321 0.776818,0.390159 0.760357,0.390291 0.752570,0.393051 0.745868,0.397520 0.738672,0.405537 0.736110,0.413423 0.737191,0.426056 0.730784,0.424742 0.720333,0.344285 0.728317,0.300238 0.730979,0.289329 0.735316,0.279472 0.742610,0.268957 0.753748,0.260150 0.758680,0.258173 0.765087,0.278809 0.771888,0.304439 0.774747,0.318765 0.779197,0.343934
60 0.417944,0.890502 0.413027,0.910470 0.402076,0.940868 0.395595,0.949213 0.389560,0.951299 0.389560,0.958154 0.371904,0.956664 0.331228,0.936696 0.273342,0.911066 0.231995,0.885138 0.174535,0.835361 0.166042,0.823440 0.160231,0.808538 0.148386,0.762642 0.148833,0.758470 0.170065,0.779332 0.169171,0.791551 0.176770,0.800790 0.201355,0.817777 0.227504,0.834168 0.268180,0.856222 0.322266,0.878574 0.327183,0.877084 0.331206,0.870528 0.332324,0.867249 0.369201,0.880362 0.405184,0.886621 0.418594,0.887515
26 0.788868,0.381693 0.780850,0.390866 0.777497,0.389972 0.788421,0.376091
24 0.815378,0.344187 0.816159,0.347104 0.789439,0.381276 0.788658,0.375650
64 0.764892,0.258170 0.773961,0.257645 0.785789,0.259485 0.793378,0.263691 0.799391,0.272366 0.802076,0.278394 0.804221,0.287744 0.810135,0.310351 0.815167,0.337699 0.815167,0.343351 0.792102,0.371084 0.786582,0.337699 0.774853,0.287753
29 0.727864,0.520082 0.723645,0.524458 0.722082,0.527166 0.721145,0.530500 0.722863,0.540918 0.724426,0.542585 0.728645,0.540085 0.734114,0.531125 0.734114,0.525708 0.733176,0.521749 0.730208,0.519874
31 0.370738,0.405075 0.397135,0.416339 0.418252,0.427603 0.442990,0.435246 0.444951,0.432229 0.443895,0.428609 0.438012,0.426597 0.414180,0.422373 0.399548,0.413925 0.383857,0.408091 0.378578,0.405275 0.373751,0.401453 0.370583,0.402057 0.369075,0.403666
44 0.711715,0.790580 0.717530,0.790453 0.722267,0.786663 0.724478,0.774030 0.726372,0.718023 0.727951,0.698231 0.726688,0.692757 0.723846,0.689388 0.717530,0.686861 0.712477,0.686861 0.715314,0.710095 0.714696,0.761873
Мелкие 0.336936,0.411472 0.337735,0.407914 0.341997,0.404238 0.346761,0.399465 0.353460,0.396510 0.345527,0.407627 0.346726,0.417155 0.344257,0.417169 0.341901,0.416868 0.339370,0.415887 0.337560,0.413961 0.336936,0.411472
59 0.175178,0.730736 0.234628,0.763220 0.278880,0.782294 0.325591,0.799878 0.327323,0.800928 0.329255,0.805882 0.330522,0.871727 0.327170,0.876794 0.320912,0.877390 0.292975,0.866363 0.266602,0.855038 0.233524,0.837454 0.202458,0.818083 0.177203,0.800201 0.170051,0.791260 0.169828,0.737616 0.171392,0.729867 0.173627,0.729569
19 0.682669,0.787702 0.682044,0.790411 0.680951,0.798329 0.680326,0.806663 0.680794,0.811456 0.682982,0.809997 0.684232,0.805830 0.685013,0.792078 0.684232,0.787702
28 0.838995,0.513226 0.838058,0.514059 0.837589,0.515309 0.838058,0.516559 0.839933,0.516768 0.840714,0.515518 0.840871,0.514267
17 0.690639,0.771450 0.689545,0.771658 0.686263,0.774159 0.685013,0.776659 0.685013,0.780410 0.685951,0.781035 0.687826,0.780826 0.690482,0.776659 0.691576,0.774159 0.692045,0.771450
39 0.266443,0.655972 0.270516,0.658989 0.274739,0.667236 0.276969,0.675198 0.277756,0.683930 0.277756,0.694389 0.275795,0.705854 0.272628,0.713296 0.267499,0.719733 0.260561,0.723555 0.256186,0.723756 0.249696,0.720541 0.246076,0.716317 0.242453,0.707268 0.241095,0.697814 0.240643,0.688159 0.241699,0.678706 0.245319,0.667442 0.250297,0.660603 0.257386,0.655575 0.262515,0.655374
41 0.377275,0.360714 0.367517,0.360977 0.359237,0.364920 0.355491,0.368600 0.354801,0.376092 0.355590,0.386081 0.358941,0.382532
49 0.722002,0.466018 0.718947,0.468778 0.712540,0.472195 0.706823,0.471144 0.703964,0.466018 0.704063,0.448274 0.712934,0.399643
40 0.720335,0.345214 0.730586,0.425258 0.737683,0.426441 0.736500,0.413298 0.739063,0.405937 0.746456,0.397920 0.752764,0.393714 0.761044,0.390954 0.780264,0.391348 0.799485,0.396474 0.812725,0.404626 0.812528,0.413563 0.808684,0.430519 0.802868,0.443269 0.760956,0.448411 0.735427,0.452355 0.723599,0.467470 0.722318,0.465630 0.713052,0.399386
53 0.784544,0.381470 0.791681,0.371083 0.786582,0.338506 0.774652,0.288680 0.763810,0.256215 0.759473,0.255427 0.768245,0.286971 0.772188,0.303269 0.776426,0.324036 0.779975,0.344803 0.782538,0.363993
22 0.413138,0.420570 0.464876,0.424794 0.509525,0.430627 0.569295,0.444707 0.570652,0.442495 0.568993,0.440081 0.558887,0.437466 0.543652,0.434449 0.513937,0.426202 0.489501,0.421777 0.465366,0.419364 0.432308,0.416745 0.413151,0.416342 0.411341,0.417952
55 0.838837,0.449841 0.840393,0.441864 0.842968,0.431751 0.844842,0.428258 0.846095,0.427563 0.847001,0.429321 0.847985,0.442387 0.847619,0.452998 0.846017,0.452568 0.841106,0.452800
42 0.841411,0.452931 0.845698,0.452931 0.848366,0.453948 0.849223,0.458902 0.848271,0.468684 0.846651,0.493330 0.844079,0.514546 0.843031,0.514673 0.844555,0.492695 0.844364,0.474020 0.842650,0.455472
46 0.831296,0.570011 0.835201,0.562966 0.837958,0.548877 0.840484,0.527436 0.841174,0.510896 0.840944,0.479348 0.839106,0.474141 0.835201,0.474447 0.832445,0.485780 0.828540,0.524679 0.828081,0.555003 0.829459,0.568173
57 0.691309,0.651427 0.702075,0.634150 0.707791,0.628433 0.709316,0.627290 0.713031,0.626654 0.718843,0.630593 0.721605,0.639358 0.723606,0.653079 0.723606,0.688777 0.718271,0.686109 0.712555,0.685982 0.711030,0.676327 0.705314,0.663242 0.699217,0.655492
65 0.820698,0.339140 0.821388,0.318899 0.815376,0.304046 0.808378,0.288011 0.802463,0.278811 0.806406,0.295372 0.811137,0.307727 0.819417,0.333619
46 0.662114,0.823453 0.663793,0.807694 0.666531,0.787612 0.673422,0.752388 0.681232,0.725434 0.686531,0.710395 0.692044,0.704269 0.695251,0.703015 0.698614,0.701769 0.701691,0.704623 0.704489,0.710819 0.707325,0.720377 0.708247,0.734404 0.708750,0.751117 0.707885,0.770400 0.705588,0.793372 0.698697,0.838704 0.692495,0.861063 0.689743,0.873653 0.684415,0.887577 0.680793,0.895819 0.677355,0.901321 0.673379,0.903352 0.667846,0.902584 0.665632,0.898882 0.661239,0.884240 0.661018,0.865105 0.660549,0.847446
70 0.614024,0.630288 0.610224,0.625221 0.605084,0.622241 0.595473,0.624029 0.553679,0.643699 0.424498,0.700622 0.396337,0.756650 0.401701,0.762015 0.417793,0.774830 0.429192,0.780492 0.438802,0.781684 0.459811,0.782280 0.482384,0.776022 0.506522,0.770359 0.533341,0.759333 0.564184,0.749498 0.584969,0.739961 0.599496,0.728040 0.610671,0.672607 0.614247,0.647871 0.614808,0.636554
71 0.169208,0.612067 0.167867,0.615047 0.166973,0.662731 0.156021,0.665712 0.149763,0.664222 0.149763,0.652002 0.152445,0.627564 0.156468,0.605809 0.168314,0.567661 0.164961,0.587629 0.166079,0.609087
72 0.846803,0.362852 0.842556,0.377456 0.844229,0.388945 0.847697,0.404278 0.849038,0.379542
21 0.355603,0.379836 0.360296,0.380134 0.376835,0.360167 0.366778,0.361955 0.358508,0.365531 0.354038,0.369405
51 0.820198,0.533102 0.732140,0.705659 0.728117,0.719070 0.726776,0.730991 0.735269,0.717878 0.822209,0.544129 0.823327,0.535486
20 0.738575,0.431123 0.755113,0.431719 0.789755,0.429931 0.809870,0.426951 0.812329,0.416222 0.812776,0.406387 0.810317,0.401023 0.800930,0.396851 0.791096,0.393870 0.777910,0.391188 0.766512,0.389996 0.758242,0.390294 0.749526,0.394764 0.741257,0.402513 0.738128,0.407877 0.736340,0.413540
61 0.419557,0.887821 0.460680,0.887523 0.493981,0.880668 0.553878,0.860104 0.569747,0.857720 0.580251,0.863084 0.586509,0.870237 0.590532,0.876794 0.590085,0.887224 0.584721,0.897357 0.573546,0.909874 0.557007,0.919709 0.537116,0.929544 0.466714,0.952492 0.431849,0.959645 0.389834,0.958453 0.389610,0.951896 0.394974,0.948916 0.401456,0.942657 0.407043,0.930140 0.414195,0.910172
17 0.683763,0.813748 0.682044,0.815623 0.682201,0.822082 0.684232,0.826250 0.686263,0.826666 0.687670,0.824166 0.688295,0.821666 0.688295,0.817915 0.687357,0.815415 0.685326,0.813331
17 0.688373,0.790098 0.686654,0.793849 0.686185,0.797599 0.686498,0.798850 0.689310,0.799475 0.691185,0.798641 0.691810,0.797391 0.692279,0.793432 0.692279,0.791974 0.691654,0.790723 0.689623,0.789265
30 0.349756,0.405277 0.359108,0.404875 0.368460,0.407490 0.383243,0.413323 0.391690,0.417949 0.410696,0.425793 0.411148,0.422977 0.407830,0.419357 0.402098,0.416139 0.380075,0.406886 0.365444,0.402059 0.355337,0.401254 0.348248,0.401254 0.347041,0.402260 0.347795,0.404875
28 0.683001,0.726237 0.681751,0.728529 0.682532,0.731029 0.686595,0.732488 0.687064,0.730821 0.686595,0.729571 0.683939,0.726237
32 0.544656,0.874185 0.559074,0.879592 0.564931,0.887403 0.566283,0.899419 0.560876,0.909633 0.546909,0.916842 0.531590,0.919846 0.518073,0.911435 0.511765,0.897616 0.512215,0.886201 0.518420,0.879339 0.523029,0.877189 0.532491,0.874185
16 0.706459,0.163331 0.688437,0.233626 0.685283,0.234227
18 0.142051,0.723063 0.143874,0.727071 0.144615,0.730706 0.145289,0.735397 0.145083,0.739732 0.144766,0.746395 0.142654,0.747400 0.141146,0.744383 0.139486,0.738953 0.138129,0.727488 0.138883,0.724068 0.140090,0.723063
23 0.476978,0.422785 0.490403,0.422182 0.499906,0.424394 0.539275,0.440083 0.551493,0.447123 0.574270,0.448531 0.573516,0.446922 0.569443,0.445313 0.557674,0.443096 0.523584,0.430424 0.496735,0.418959 0.485874,0.416948 0.478935,0.417551 0.475014,0.420568
