4 0.517231,0.174448 0.480961,0.315284 0.496318,0.316156 0.485536,0.347986 0.479654,0.397693 0.478020,0.473125 0.476713,0.500159 0.478020,0.538965 0.258109,0.509805 0.252662,0.479935 0.253089,0.468247 0.247535,0.419216 0.245220,0.386240 0.246470,0.358591 0.249685,0.338807 0.258438,0.316401 0.263975,0.292979 0.262903,0.287020 0.263975,0.282253 0.267547,0.276294 0.271656,0.264614 0.302915,0.238633 0.365288,0.199261 0.379042,0.192587 0.416732,0.181146 0.432629,0.177809 0.480143,0.173995 0.504972,0.173995
2 0.536450,0.175192 0.580927,0.177576 0.602541,0.180436 0.641481,0.187587 0.670596,0.195453 0.698283,0.207132 0.724719,0.275541 0.746165,0.337559 0.751167,0.358296 0.751167,0.364732 0.748309,0.374504 0.743304,0.386945 0.716332,0.435570 0.684350,0.486872 0.656303,0.529295 0.640942,0.547887 0.629152,0.555038 0.620400,0.557660 0.607718,0.557421 0.478381,0.539088 0.476931,0.501880 0.478360,0.473277 0.479075,0.427750 0.480146,0.396956 0.486220,0.349761 0.496403,0.316111 0.513372,0.315396 0.521053,0.263911 0.533739,0.189473
8 0.773975,0.264148 0.820953,0.249608 0.845960,0.267724 0.869539,0.286316 0.892581,0.305623 0.903120,0.311344 0.917410,0.316349 0.938487,0.322546 0.999575,0.337336 1.000000,0.377498 0.987965,0.385485 0.972961,0.398356 0.939737,0.441976 0.936700,0.450557 0.938131,0.456082 0.946527,0.466808 0.936702,0.478238 0.904550,0.486342 0.846140,0.498022 0.833279,0.499214 0.825588,0.489215 0.808262,0.477059 0.795400,0.469665 0.785218,0.466804 0.774680,0.465374 0.753959,0.464421 0.746636,0.465613 0.728238,0.470380 0.716086,0.477545 0.704297,0.485649 0.696080,0.493515 0.687506,0.503049 0.673931,0.524978 0.668930,0.540233 0.665357,0.555011 0.663571,0.567644 0.615327,0.559062 0.624973,0.558108 0.634082,0.554295 0.640870,0.549766 0.648730,0.540232 0.661055,0.523070 0.722680,0.426057 0.746972,0.379816 0.751261,0.363816 0.751976,0.357142 0.743223,0.328777 0.754119,0.330207 0.771803,0.326155 0.783056,0.318528 0.796274,0.305656 0.799134,0.301098 0.799313,0.296569 0.798241,0.293947 0.794668,0.287749 0.784665,0.275832
10 0.074238,0.326827 0.080311,0.321583 0.095851,0.315148 0.120501,0.307758 0.144794,0.302038 0.165872,0.298939 0.208027,0.289643 0.240179,0.272481 0.241429,0.276295 0.246610,0.282969 0.237857,0.290597 0.232320,0.295602 0.230176,0.302038 0.230891,0.306567 0.235714,0.309904 0.245002,0.313479 0.258041,0.316339 0.249646,0.337315 0.246788,0.351616 0.245181,0.373546 0.247504,0.424116 0.252684,0.468212 0.252684,0.480845 0.258404,0.509720 0.242327,0.509482 0.239469,0.489698 0.234647,0.471344 0.228395,0.453468 0.221428,0.440835 0.214815,0.430348 0.206599,0.418907 0.196953,0.409134 0.186950,0.400792 0.166944,0.390304 0.156941,0.386967 0.147832,0.386490 0.139615,0.386967 0.129969,0.389112 0.115858,0.397931 0.101101,0.389807 0.094135,0.383609 0.080202,0.378366 0.098243,0.339990 0.098421,0.336653 0.097171,0.333792 0.093777,0.331409 0.088597,0.328787 0.080202,0.327118
7 0.131293,0.409610 0.126827,0.414854 0.122540,0.423197 0.118253,0.430824 0.113966,0.442981 0.110930,0.454660 0.110394,0.478973 0.111823,0.490891 0.114681,0.504001 0.118583,0.515578 0.122938,0.525983 0.128256,0.534987 0.140224,0.550481 0.153621,0.560492 0.167910,0.568119 0.182022,0.569311 0.198812,0.568119 0.211316,0.562875 0.224713,0.552626 0.232393,0.540946 0.237931,0.526645 0.240967,0.517110 0.240967,0.505669 0.238824,0.489461 0.234716,0.473491 0.227571,0.452753 0.217925,0.435830 0.211673,0.427011 0.192203,0.405558 0.183987,0.399838 0.176663,0.396262 0.170054,0.393879 0.160408,0.395071 0.150941,0.397692 0.135401,0.405797
6 0.251068,0.249872 0.209806,0.259168 0.186406,0.266080 0.158363,0.276091 0.134606,0.286579 0.114778,0.295875 0.093522,0.306839 0.083341,0.316135 0.076374,0.323286 0.082984,0.319711 0.095844,0.314229 0.148538,0.300404 0.168544,0.297543 0.207307,0.289439 0.222490,0.281335 0.215345,0.280381 0.213023,0.278474 0.213380,0.274899 0.215881,0.272039 0.222490,0.267267 0.251427,0.252250 0.256607,0.248913
7 0.677235,0.587479 0.679378,0.600827 0.683665,0.614413 0.690096,0.627762 0.702956,0.645162 0.712959,0.654458 0.724213,0.661847 0.738681,0.668044 0.751721,0.671620 0.767261,0.672096 0.787981,0.665899 0.806558,0.653028 0.819419,0.638488 0.830851,0.620134 0.837281,0.601542 0.839425,0.578660 0.838710,0.556969 0.834602,0.540045 0.827457,0.525505 0.819419,0.511204 0.802807,0.490943 0.792090,0.482362 0.782265,0.477834 0.769940,0.475450 0.749399,0.475212 0.725999,0.481886 0.705993,0.495472 0.692239,0.510966 0.684737,0.525982 0.678306,0.547196 0.676520,0.566265
13 0.999578,0.336538 0.943134,0.323484 0.920805,0.316754 0.903478,0.311034 0.898656,0.307935 0.907408,0.302453 0.910445,0.299592 0.912410,0.295302 0.913124,0.291488 0.912231,0.287198 0.910087,0.282669 0.906158,0.277187 0.900085,0.271943 0.882222,0.262408 0.881329,0.260978 0.904550,0.269797 0.920805,0.273850 0.942061,0.277425 0.951885,0.280285 0.965818,0.285529 0.986002,0.296494 0.992790,0.301499 0.999578,0.308412
0 0.999578,0.457949 0.992076,0.462955 0.980286,0.465815 0.955815,0.467007 0.946705,0.466768 0.936524,0.479163 0.852213,0.497278 0.832744,0.499424 0.837745,0.505859 0.843818,0.516347 0.849534,0.530410 0.852213,0.539706 0.854178,0.550194 0.855250,0.564019 0.854536,0.586425 0.853641,0.597891 0.851498,0.605519 0.925269,0.602182 0.959743,0.595507 0.977427,0.586211 0.985286,0.578822 0.992967,0.570241 0.996898,0.550686 0.999756,0.550448
1 0.108603,0.497860 0.103780,0.483559 0.101815,0.474024 0.099136,0.456862 0.099493,0.442799 0.101458,0.426829 0.104316,0.418487 0.107889,0.409906 0.115748,0.398703 0.100386,0.389884 0.093956,0.383448 0.080202,0.379396 0.074486,0.380111 0.068949,0.377489 0.064662,0.371292 0.064662,0.365094 0.065376,0.361757 0.060375,0.366524 0.058946,0.371292 0.058053,0.376774 0.059745,0.406080 0.061938,0.414372 0.071441,0.435344 0.073451,0.443391 0.072720,0.449488 0.069248,0.450464 0.067603,0.455585 0.068152,0.462413 0.074731,0.473875 0.082772,0.484605 0.092457,0.491921 0.107443,0.500212
12 0.384728,0.168223 0.378514,0.174076 0.370839,0.180904 0.330634,0.203340 0.248561,0.264574 0.240338,0.271158 0.241800,0.276036 0.246003,0.282864 0.296076,0.241407 0.308868,0.232384 0.365886,0.197267 0.386537,0.188244 0.411391,0.180684 0.435905,0.176031 0.477937,0.172860 0.501694,0.172129 0.571711,0.176028 0.598575,0.178222 0.629825,0.184319 0.678458,0.197486 0.690519,0.201876 0.708611,0.211630 0.725424,0.223092 0.748634,0.240406 0.773692,0.264319 0.819745,0.248712 0.799643,0.235787 0.771865,0.215303 0.752128,0.203841 0.760169,0.195062 0.763641,0.187746 0.762362,0.180674 0.757062,0.177260 0.715944,0.162140 0.680671,0.152827 0.661666,0.149169 0.615232,0.143783 0.588185,0.141588 0.561138,0.141344 0.532617,0.139003 0.506666,0.139978 0.476330,0.142661 0.446165,0.147050 0.422773,0.151684 0.391691,0.163146
35 0.428606,0.367457 0.441408,0.368429 0.467013,0.368290 0.471489,0.369263 0.473571,0.372318 0.472842,0.377318 0.470656,0.379819 0.463162,0.380235 0.448278,0.378569 0.435892,0.378152 0.429230,0.377180 0.426940,0.375235 0.426628,0.371624 0.427253,0.369401
15 0.762555,0.180443 0.776456,0.188073 0.828357,0.220751 0.887933,0.267817 0.896888,0.274157 0.901457,0.278547 0.906756,0.285863 0.908401,0.293422 0.908584,0.298787 0.905112,0.302689 0.898323,0.308058 0.890674,0.303908 0.873861,0.289033 0.862165,0.280254 0.845511,0.266890 0.822383,0.250291 0.798601,0.234792 0.771040,0.214557 0.752395,0.203580 0.760025,0.195183 0.763834,0.187655
72 0.999702,0.457127 0.991834,0.462085 0.979376,0.465002 0.946810,0.467043 0.938286,0.455669 0.936757,0.450711 0.938286,0.446919 0.941783,0.439628 0.960580,0.414837 0.972147,0.399101 0.979594,0.392380 0.999265,0.378089
17 0.759034,0.561399 0.758407,0.562713 0.758139,0.565101 0.758586,0.567609 0.759213,0.568803 0.761092,0.569997 0.761987,0.570235 0.762881,0.569877 0.764224,0.567489 0.764492,0.563787 0.763955,0.562593 0.763060,0.561758 0.760286,0.560683
35 0.670028,0.380941 0.677314,0.381219 0.689076,0.381774 0.700005,0.382330 0.717908,0.382886 0.720510,0.383719 0.721239,0.385941 0.721239,0.388302 0.719990,0.392053 0.716971,0.394831 0.712600,0.394831 0.671798,0.391080 0.667322,0.388580 0.666698,0.385108 0.667426,0.382608 0.668779,0.381080
68 0.310752,0.238914 0.332194,0.225164 0.351762,0.213497 0.372475,0.202802 0.387256,0.196551 0.408593,0.190023 0.428890,0.185440 0.443982,0.183079 0.491043,0.179464 0.515619,0.179449 0.506043,0.215284 0.494906,0.254313 0.480228,0.316167 0.295970,0.312550 0.296491,0.309495 0.296907,0.298800
65 0.701160,0.209475 0.723227,0.222948 0.733219,0.230170 0.755389,0.248504 0.767879,0.259616 0.787135,0.280172 0.794942,0.290034 0.798481,0.295589 0.798585,0.299201 0.797856,0.301701 0.795983,0.304479 0.790987,0.309896 0.779537,0.320313 0.771418,0.325591 0.753307,0.329758 0.742587,0.327813
53 0.518558,0.174161 0.534984,0.175144 0.528426,0.205562 0.521661,0.244592 0.513852,0.292402 0.510521,0.316014 0.483333,0.315907 0.514065,0.189723
46 0.131210,0.444782 0.125090,0.458490 0.123779,0.472198 0.126839,0.491155 0.129898,0.503113 0.136018,0.518279 0.153284,0.538403 0.163120,0.545986 0.173392,0.549777 0.188254,0.548902 0.199182,0.540444 0.205520,0.529945 0.208799,0.518570 0.209454,0.505446 0.208580,0.493488 0.203335,0.472198 0.198089,0.462573 0.191751,0.452657 0.186506,0.446241 0.174703,0.437491 0.165742,0.433991 0.154377,0.431075 0.144979,0.433116 0.136892,0.438366
40 0.270346,0.270183 0.296160,0.249766 0.310211,0.239766 0.296992,0.297546 0.296472,0.310324 0.295119,0.315185 0.291892,0.319074 0.286792,0.320186 0.277840,0.319630 0.272220,0.317963 0.270971,0.316297 0.258168,0.316713 0.264309,0.292962 0.262852,0.288240 0.262956,0.284212 0.265454,0.279628 0.268785,0.276295
49 0.271075,0.264072 0.255566,0.276850 0.236935,0.292962 0.234020,0.296018 0.232043,0.299074 0.231210,0.302407 0.231522,0.305185 0.234541,0.307824 0.237039,0.309491 0.244533,0.312407 0.257960,0.315741 0.263789,0.292823 0.262540,0.287962 0.262332,0.285462 0.262956,0.282406 0.266391,0.276850 0.268056,0.275461 0.270242,0.269072 0.271075,0.265739
46 0.761278,0.515240 0.741389,0.517282 0.730680,0.522532 0.718659,0.531573 0.710135,0.542364 0.704234,0.554905 0.700955,0.569488 0.700737,0.589612 0.703797,0.607111 0.711665,0.622277 0.718659,0.633360 0.743137,0.646776 0.759092,0.649984 0.776359,0.646776 0.789472,0.637734 0.800837,0.627235 0.807394,0.616152 0.811328,0.606236 0.813514,0.595153 0.814825,0.582029 0.813295,0.566863 0.810454,0.556072 0.806957,0.546156 0.797559,0.534489 0.789909,0.527198 0.771550,0.516407
64 0.695418,0.213368 0.701247,0.230452 0.711967,0.260176 0.699581,0.320734 0.608291,0.319206 0.517718,0.316717 0.523859,0.274770 0.535518,0.207372 0.540618,0.181260 0.569866,0.183621 0.589226,0.185704 0.636405,0.193606 0.665132,0.200273 0.694589,0.210968
70 0.075314,0.327660 0.072036,0.331744 0.068539,0.343118 0.065261,0.366742 0.065479,0.370825 0.069413,0.377241 0.074440,0.379574 0.079904,0.378408 0.085226,0.366552 0.091014,0.355610 0.096703,0.343445 0.097338,0.340342 0.097170,0.337285 0.096078,0.333785 0.093236,0.331452 0.087772,0.328535 0.079904,0.327952
51 0.241980,0.511093 0.241761,0.514010 0.242854,0.521593 0.471928,0.555732 0.597744,0.572544 0.657744,0.584948 0.661897,0.583489 0.663208,0.568032 0.613500,0.558759 0.294805,0.514675
57 0.168146,0.392125 0.156242,0.387792 0.143797,0.387070 0.132254,0.388755 0.122334,0.394050 0.115300,0.399826 0.107365,0.410416 0.102495,0.423412 0.099429,0.445555 0.099609,0.454941 0.102315,0.472751 0.104659,0.484785 0.107365,0.495134 0.108988,0.497781 0.111693,0.495856 0.109529,0.480934 0.109890,0.453978 0.117645,0.430151 0.126663,0.413304 0.132795,0.406565 0.151192,0.396457 0.158767,0.394291 0.166522,0.393328
55 0.840107,0.556773 0.843173,0.557013 0.842091,0.572176 0.848764,0.581081 0.847682,0.592393 0.847682,0.600094 0.850387,0.604186 0.853093,0.596725 0.853995,0.584210 0.854536,0.561105 0.852191,0.541851 0.847321,0.525003 0.838844,0.508156 0.830728,0.496844 0.820989,0.486736 0.813414,0.480719 0.804756,0.475665 0.792853,0.469889 0.782031,0.467241 0.769403,0.465310 0.753531,0.464588 0.738922,0.467717 0.728461,0.471087 0.719624,0.475900 0.709523,0.482880 0.695996,0.494191 0.688782,0.502856 0.683912,0.509835 0.672189,0.531496 0.667319,0.547381 0.665516,0.559655 0.663171,0.582760 0.673452,0.572892 0.676337,0.559415 0.677237,0.546895 0.683730,0.524753 0.690764,0.511515 0.704291,0.495631 0.724492,0.481672 0.748122,0.473970 0.770126,0.473970 0.781669,0.476617 0.792491,0.481671 0.803493,0.490336 0.820446,0.511034 0.834695,0.538711
20 0.286996,0.269859 0.282843,0.274526 0.280220,0.282400 0.279564,0.291733 0.280876,0.306316 0.267982,0.306318 0.262736,0.290861 0.263173,0.284153 0.266233,0.278903 0.271260,0.273362 0.283718,0.268987
24 0.496389,0.316747 0.495134,0.322561 0.742867,0.329363 0.740356,0.322859
17 0.176383,0.499323 0.173877,0.501711 0.173609,0.502905 0.173788,0.504099 0.175667,0.505890 0.178530,0.505652 0.179067,0.504457 0.179246,0.500756 0.178262,0.499562
29 0.223415,0.349897 0.234033,0.349653 0.236962,0.351118 0.238426,0.355516 0.237694,0.358936 0.235680,0.360890 0.224330,0.361134 0.222317,0.360157 0.221218,0.357470 0.220852,0.354294 0.221584,0.350874
17 0.180320,0.486904 0.179246,0.488099 0.178978,0.490606 0.179694,0.492994 0.180588,0.493591 0.181483,0.493591 0.182378,0.493352 0.183362,0.492517 0.184078,0.491203 0.184257,0.488337 0.183899,0.487143 0.183004,0.486546
17 0.161260,0.477710 0.160007,0.478068 0.159113,0.479262 0.158755,0.480576 0.158755,0.481889 0.159470,0.483083 0.160365,0.483800 0.162423,0.484636 0.163497,0.484636 0.164481,0.483800 0.165287,0.481412 0.165018,0.480218 0.163229,0.478068
17 0.741048,0.584684 0.740155,0.586948 0.741408,0.590769 0.742303,0.591605 0.743287,0.591605 0.744182,0.591486 0.746061,0.590411 0.746688,0.589217 0.746867,0.588023 0.746777,0.585515 0.745524,0.583127 0.743645,0.582291 0.741856,0.583247
26 0.295083,0.317693 0.493806,0.322354 0.495117,0.316812 0.295523,0.312428
17 0.164839,0.493950 0.163945,0.494547 0.162871,0.496099 0.162065,0.498487 0.162065,0.499681 0.162960,0.500636 0.165018,0.501472 0.166003,0.501472 0.166808,0.500278 0.167792,0.497532 0.167792,0.496218 0.166361,0.493950
17 0.758184,0.590953 0.757289,0.590953 0.756304,0.591550 0.755410,0.592386 0.754783,0.593699 0.754783,0.594893 0.755410,0.596087 0.757110,0.598117 0.758989,0.598237 0.759973,0.597878 0.760868,0.596684 0.761226,0.594057 0.760689,0.592744 0.759794,0.592027
17 0.768966,0.576922 0.768071,0.577042 0.767177,0.578116 0.766461,0.579311 0.766282,0.580505 0.766461,0.581699 0.767892,0.584087 0.768787,0.584803 0.770666,0.584564 0.771472,0.583370 0.771830,0.582057 0.772009,0.580743 0.771830,0.579549 0.770040,0.577161
17 0.173967,0.471978 0.171730,0.472814 0.170208,0.475202 0.169582,0.477829 0.170029,0.479024 0.170924,0.480098 0.171998,0.480695 0.173877,0.480934 0.176383,0.479859 0.176651,0.478546 0.176472,0.474964
17 0.742837,0.566534 0.742300,0.567847 0.742121,0.569161 0.742121,0.570355 0.742569,0.571549 0.744358,0.572982 0.746327,0.573221 0.747222,0.572862 0.748117,0.571788 0.748564,0.570474 0.748833,0.569280 0.748564,0.566892 0.747848,0.565579 0.746953,0.564862 0.745164,0.564623 0.744269,0.564862
28 0.727185,0.534755 0.727364,0.536905 0.728080,0.539651 0.728707,0.540845 0.729602,0.541562 0.731391,0.541681 0.732018,0.540487 0.732018,0.536427 0.730317,0.531412
28 0.183179,0.447661 0.181034,0.448613 0.178708,0.452196 0.178350,0.453390 0.178529,0.454584 0.179603,0.455420 0.180497,0.455539 0.181392,0.455061 0.184077,0.452554 0.184972,0.451360 0.185240,0.450166
61 0.064175,0.417318 0.073255,0.431421 0.080996,0.454861 0.079805,0.458636 0.076083,0.458040 0.072809,0.452478 0.073553,0.446916 0.072809,0.439764 0.070278,0.431223 0.063281,0.418311
16 0.733085,0.153924 0.720025,0.163051 0.732541,0.168237 0.735106,0.156310 0.768454,0.115861 0.766822,0.115550
48 0.995036,0.553554 0.989105,0.555012 0.985358,0.558345 0.975522,0.571885 0.975990,0.576051 0.979425,0.578134 0.987075,0.575426 0.992071,0.568344 0.994569,0.561261
23 0.245266,0.258415 0.222760,0.279918 0.219711,0.276819 0.221018,0.271395 0.233650,0.261902 0.241345,0.257253 0.251074,0.251441 0.260802,0.247180 0.267190,0.245242 0.267916,0.247761 0.260802,0.249311 0.252090,0.252604
36 0.994413,0.556262 0.989105,0.565844 0.980362,0.571051 0.975366,0.573134 0.976927,0.576676 0.986607,0.572718 0.992071,0.566885 0.994413,0.560428
