3 0.228121,0.449073 0.221633,0.452918 0.214784,0.459006 0.209017,0.467658 0.205052,0.477591 0.203971,0.484961 0.206314,0.519567 0.212622,0.564427 0.213342,0.574680 0.211180,0.581089 0.209017,0.597431 0.209017,0.613131 0.216947,0.658632 0.240917,0.693879 0.254981,0.724339 0.270480,0.752216 0.277870,0.761829 0.307247,0.783618 0.302561,0.768878 0.297154,0.747730 0.285439,0.716328 0.262550,0.663138 0.255161,0.633658 0.254260,0.592964 0.251196,0.591362 0.239120,0.535287 0.233526,0.493290 0.230642,0.460286 0.229524,0.447623
5 0.238127,0.445348 0.248445,0.446265 0.257989,0.450852 0.271661,0.464610 0.294619,0.507261 0.312418,0.538447 0.327637,0.570550 0.341308,0.637049 0.342340,0.668693 0.353432,0.708593 0.375109,0.764568 0.404518,0.845307 0.406581,0.857690 0.343899,0.813663 0.308012,0.783390 0.303885,0.770549 0.297694,0.747160 0.287376,0.719643 0.262612,0.661399 0.255905,0.634340 0.254613,0.594426 0.260803,0.594426 0.251259,0.559572 0.244552,0.521507 0.239999,0.494051 0.234191,0.445906
11 0.447323,0.812485 0.423533,0.785249 0.415603,0.779481 0.405150,0.773713 0.399563,0.774995 0.397220,0.777558 0.396139,0.781403 0.396319,0.787492 0.396860,0.796464 0.398842,0.805435 0.407313,0.831070 0.422272,0.865355 0.422812,0.869200 0.414702,0.864074 0.408755,0.846450 0.401546,0.832031 0.383523,0.779481 0.354686,0.711230 0.342791,0.669575 0.341530,0.635609 0.343874,0.635935 0.350363,0.631128 0.352886,0.627924 0.353424,0.621497 0.351982,0.615088 0.348558,0.607718 0.339186,0.591377 0.343151,0.582405 0.350720,0.571510 0.353604,0.577919 0.359732,0.584327 0.363156,0.584327 0.365499,0.585609 0.368383,0.596183 0.385504,0.609961 0.419748,0.627905 0.487694,0.666356 0.505536,0.679494 0.507722,0.683346 0.501774,0.686230 0.476722,0.694561 0.469333,0.699688 0.467170,0.704174 0.466630,0.708019 0.466810,0.713787 0.467891,0.720516 0.471316,0.727565 0.488257,0.760889 0.506100,0.789087 0.485193,0.791971 0.474560,0.797098 0.452752,0.809594
9 0.197815,0.530194 0.200518,0.531796 0.199978,0.543331 0.202140,0.556148 0.209169,0.579539 0.211012,0.580842 0.208739,0.597005 0.208739,0.613387 0.216174,0.656097 0.216973,0.659154 0.240747,0.693786 0.256045,0.726774 0.250333,0.718365 0.235836,0.693466 0.226991,0.681234 0.223551,0.677740 0.222568,0.677630 0.220387,0.668090 0.216375,0.661273 0.211087,0.641045 0.208098,0.640168 0.201622,0.626199 0.195924,0.610848 0.191606,0.593962 0.190654,0.588423 0.191345,0.575529 0.193158,0.564476 0.197993,0.549278 0.197648,0.532085
Мелкие 0.579568,0.260787 0.579286,0.263792 0.588440,0.269425 0.592594,0.274433 0.593862,0.277312 0.595833,0.273431 0.597242,0.269676 0.597312,0.267297 0.596185,0.265294 0.593651,0.263667 0.593087,0.265169 0.590834,0.263917 0.583370,0.261413
0 0.222166,0.677695 0.221031,0.680160 0.222040,0.685541 0.226075,0.697198 0.232127,0.711545 0.239314,0.724098 0.232758,0.714235 0.228219,0.705268 0.221865,0.688382 0.214900,0.665700 0.210340,0.646305 0.208182,0.640826 0.211079,0.641374 0.216257,0.661967 0.220201,0.668432
12 0.577865,0.254067 0.538238,0.236624 0.502306,0.222805 0.473613,0.216213 0.462018,0.214854 0.446473,0.215533 0.431004,0.218893 0.419273,0.223915 0.405454,0.231231 0.383024,0.248269 0.362757,0.265521 0.343961,0.283103 0.327246,0.301347 0.314164,0.313467 0.279633,0.351369 0.251745,0.386318 0.235838,0.408157 0.226195,0.422570 0.217960,0.436008 0.205918,0.458508 0.202724,0.468772 0.200513,0.479582 0.199097,0.500882 0.198237,0.519991 0.198114,0.529927 0.200694,0.531238 0.200755,0.512347 0.201799,0.497279 0.203519,0.483957 0.205116,0.475986 0.208432,0.467906 0.214328,0.458843 0.221330,0.452182 0.228700,0.447596 0.232139,0.445849 0.238965,0.444754 0.248362,0.445628 0.257759,0.449995 0.271647,0.464302 0.290563,0.499353 0.306909,0.528294 0.322822,0.558550 0.339281,0.591090 0.341677,0.585084 0.345239,0.578096 0.350214,0.570889 0.345116,0.562809 0.320979,0.519568 0.286945,0.460589 0.276013,0.443227 0.280128,0.436129 0.293277,0.419738 0.309369,0.398009 0.344265,0.353233 0.379469,0.309981 0.390524,0.297096 0.413813,0.268806 0.441820,0.237576 0.452936,0.225783 0.461975,0.217474 0.472600,0.220422 0.491947,0.226973 0.522609,0.238113 0.566968,0.256023 0.578761,0.261811
52 0.431086,0.885813 0.433795,0.892515 0.436740,0.895447 0.411180,0.879740 0.322573,0.811452 0.288885,0.783390 0.280168,0.774803 0.280050,0.770196 0.282642,0.766008 0.293832,0.774175 0.351785,0.817106 0.404928,0.858997 0.424717,0.873237 0.429899,0.880776
71 0.611651,0.644909 0.628245,0.657238 0.639638,0.668027 0.644716,0.671990 0.631589,0.711401 0.628740,0.715584 0.626140,0.722410 0.613384,0.735180 0.589969,0.751923 0.576718,0.760070 0.546006,0.776363 0.521717,0.786500 0.506484,0.788922 0.485555,0.755895 0.468713,0.720668 0.466856,0.713402 0.467227,0.706797 0.469209,0.700852 0.474162,0.696669 0.485432,0.691825 0.502150,0.687421 0.516639,0.681697 0.559116,0.663422 0.608793,0.643150
40 0.550452,0.241168 0.553591,0.234348 0.556613,0.229182 0.561379,0.223602 0.568005,0.218848 0.575793,0.217815 0.578583,0.219055 0.579862,0.225875 0.580211,0.236208 0.581722,0.244682 0.580559,0.249228 0.578118,0.253569
7 0.279898,0.812327 0.285096,0.816717 0.289190,0.818566 0.293154,0.818335 0.302252,0.807705 0.302707,0.800427 0.301732,0.795574 0.292439,0.786678 0.281977,0.777436 0.266018,0.744591 0.256122,0.726981 0.250043,0.718174 0.236699,0.695155 0.234223,0.691453 0.233716,0.694955 0.235011,0.704562 0.238557,0.716474 0.250040,0.748897 0.260568,0.772221 0.268673,0.791035 0.274415,0.802443 0.278411,0.810449
35 0.219619,0.626088 0.217542,0.626806 0.216561,0.628140 0.216561,0.630499 0.217254,0.634603 0.218119,0.637167 0.220139,0.639732 0.222447,0.640758 0.224985,0.640860 0.226601,0.639937 0.224005,0.631730 0.222043,0.630089 0.220485,0.627935
1 0.788312,0.349903 0.795068,0.354941 0.802261,0.363079 0.809890,0.375092 0.820570,0.397568 0.833844,0.431457 0.836587,0.456382 0.835978,0.472096 0.840397,0.480224 0.849540,0.501086 0.854569,0.514632 0.857922,0.526282 0.858535,0.539030 0.854725,0.559079 0.840395,0.604069 0.817986,0.660980 0.800919,0.699181 0.776220,0.756639 0.752447,0.804865 0.720274,0.861494 0.699245,0.900238 0.680958,0.920015 0.671663,0.931394 0.664500,0.946025 0.649262,0.957946 0.610085,0.983955 0.591189,0.988290 0.559492,0.984768 0.548521,0.980704 0.541663,0.975556 0.537701,0.969596 0.518805,0.930040 0.487851,0.871508 0.468955,0.842247 0.447773,0.812987 0.458593,0.807568 0.481756,0.793480 0.487699,0.791313 0.507966,0.789958 0.521986,0.786707 0.540730,0.779933 0.584160,0.757446 0.616009,0.733875 0.626219,0.722767 0.629231,0.716296 0.663380,0.692510 0.675628,0.680714 0.727360,0.593950 0.747110,0.556798 0.772487,0.503990 0.790198,0.463666 0.796193,0.447113 0.797468,0.418342 0.796958,0.402485 0.800016,0.397501 0.799889,0.390252 0.798487,0.380511 0.792498,0.361934 0.788166,0.352873
70 0.753494,0.296529 0.760552,0.302914 0.767859,0.313703 0.783958,0.342325 0.794113,0.368306 0.798447,0.382177 0.799562,0.390103 0.799314,0.396929 0.796094,0.401993 0.785816,0.408818 0.783339,0.395608 0.771326,0.365664 0.771822,0.355976 0.769345,0.344087 0.757085,0.303134
50 0.327777,0.571086 0.345562,0.603533 0.350560,0.614073 0.352537,0.621306 0.352653,0.627093 0.349747,0.630400 0.345911,0.633087 0.341493,0.634327 0.338471,0.633707
63 0.796097,0.403100 0.796716,0.417191 0.796097,0.438768 0.795230,0.448016 0.788906,0.465740 0.776032,0.494705 0.751006,0.547338 0.718429,0.608125 0.677927,0.675956 0.674211,0.680579 0.663809,0.691148 0.629877,0.715367 0.631982,0.711624 0.638422,0.690928 0.645109,0.671552 0.626533,0.655259 0.609443,0.642269 0.621084,0.634343 0.635078,0.614527 0.672358,0.557047 0.696012,0.517636 0.720665,0.473577 0.735154,0.445835 0.759061,0.397163 0.767482,0.376026 0.770826,0.365898 0.782590,0.396062 0.785686,0.409052
6 0.593176,0.262988 0.597175,0.262650 0.627639,0.266035 0.670668,0.267723 0.689899,0.269416 0.707416,0.272462 0.730264,0.279571 0.744354,0.286003 0.749876,0.291758 0.756559,0.303609 0.762652,0.321550 0.767793,0.342538 0.770839,0.352355 0.771601,0.359464 0.770268,0.367250 0.763033,0.386207 0.729707,0.454951 0.691621,0.524369 0.654090,0.584985 0.621522,0.632727 0.611621,0.640513 0.510707,0.683166 0.504978,0.677414 0.491078,0.668274 0.458084,0.648104 0.418947,0.626093 0.390858,0.611183 0.373665,0.600043 0.369005,0.595310 0.366210,0.586080 0.367408,0.583240 0.376460,0.580163 0.396960,0.560519 0.443697,0.502509 0.500948,0.424629 0.531033,0.381318 0.583769,0.298925 0.593354,0.279991 0.597880,0.269341 0.598013,0.265554 0.596549,0.264608
69 0.235517,0.452614 0.242840,0.451580 0.250977,0.453027 0.259695,0.459020 0.270506,0.471627 0.286664,0.501801 0.302473,0.528047 0.310850,0.572284 0.317825,0.595431 0.318639,0.601424 0.317709,0.605351 0.315268,0.609897 0.311415,0.593342 0.305852,0.586957 0.300161,0.584284 0.295165,0.581584 0.282952,0.592342 0.276828,0.601002 0.261447,0.595637 0.246103,0.528677 0.238663,0.475770
67 0.203664,0.494567 0.202037,0.509240 0.200874,0.543754 0.202967,0.555327 0.207151,0.566694 0.210871,0.573307 0.217415,0.577626 0.211255,0.542245 0.207965,0.523914 0.204919,0.490702
35 0.263254,0.659431 0.265331,0.664458 0.267350,0.668151 0.271562,0.670613 0.278313,0.671946 0.279006,0.669382 0.277563,0.664150 0.275890,0.663022 0.272082,0.663124 0.268562,0.661791 0.270695,0.660765 0.268329,0.657175 0.265906,0.655739 0.263944,0.655534 0.263252,0.657072
62 0.548209,0.883714 0.556636,0.880419 0.577527,0.869635 0.606337,0.852262 0.634136,0.832792 0.660755,0.810926 0.672549,0.836686 0.679793,0.843576 0.693272,0.847170 0.700179,0.860050 0.691081,0.876225 0.675076,0.891202 0.657891,0.904681 0.628383,0.924650 0.592017,0.943022 0.584772,0.942423 0.579212,0.940625 0.572305,0.933736 0.552256,0.900188 0.548381,0.890603 0.547538,0.885511
7 0.418249,0.789368 0.414251,0.796815 0.413680,0.805616 0.417297,0.833375 0.425104,0.862149 0.452522,0.928159 0.462423,0.950501 0.474421,0.971489 0.486226,0.991123 0.492128,0.999586 0.530590,0.998232 0.536492,0.993831 0.538777,0.980291 0.538396,0.971151 0.520118,0.933576 0.488511,0.873658 0.473850,0.850978 0.446622,0.812048 0.428465,0.791237 0.425775,0.788655 0.422386,0.785403 0.419696,0.787507
14 0.590833,0.272593 0.588203,0.270019 0.567780,0.257981 0.534366,0.242982 0.502002,0.230843 0.479904,0.224131 0.467917,0.219296 0.461756,0.217520 0.441545,0.238046 0.408127,0.276039 0.375425,0.315023 0.336119,0.363783 0.291321,0.422501 0.283995,0.431382 0.280000,0.436808 0.276337,0.443024 0.287880,0.461475 0.306862,0.494239 0.333453,0.541021 0.345446,0.562934 0.350497,0.570433 0.353161,0.576649 0.359654,0.583753 0.365703,0.584542 0.367310,0.582765 0.374136,0.580397 0.376421,0.579113 0.397232,0.559182 0.437368,0.509546 0.470792,0.464933 0.512648,0.407006 0.531073,0.380266 0.583760,0.298153 0.593971,0.277433
41 0.302784,0.527677 0.310572,0.569424 0.318825,0.597738 0.319058,0.602284 0.318477,0.606418 0.315222,0.611378 0.312897,0.596911 0.310107,0.592158 0.306039,0.588024 0.299761,0.584098 0.295112,0.582858 0.291624,0.584718 0.283604,0.592158 0.273374,0.604351 0.266516,0.616131 0.260820,0.628738 0.258960,0.636178 0.259890,0.640931 0.264075,0.647958 0.271283,0.658920 0.274421,0.662020 0.278141,0.663053 0.284883,0.660367 0.315339,0.638667 0.325336,0.630400 0.338239,0.633500 0.326498,0.569226 0.324173,0.563233 0.305691,0.528926
54 0.229123,0.450133 0.232959,0.448893 0.237842,0.485060 0.242693,0.515573 0.245165,0.530734 0.252140,0.561528 0.261207,0.596041 0.251326,0.593148 0.243421,0.556154 0.237842,0.517094 0.232262,0.472867
60 0.663971,0.815956 0.673406,0.837223 0.680650,0.843813 0.692949,0.845910 0.699857,0.859089 0.729004,0.813260 0.768869,0.734038 0.804839,0.652678 0.820043,0.617933 0.838703,0.568209 0.846462,0.546013 0.842587,0.530736 0.835848,0.508571 0.827761,0.487903 0.815463,0.522050 0.819167,0.532238 0.821021,0.545418 0.819673,0.551708 0.773336,0.652365 0.737605,0.726070 0.731202,0.729365 0.724463,0.725171 0.721768,0.716485 0.700374,0.754823 0.664139,0.808460 0.661443,0.811156
21 0.315609,0.613936 0.305833,0.626711 0.278977,0.646396 0.268729,0.652888 0.265313,0.650166 0.261544,0.643046 0.260130,0.636972 0.260601,0.632575 0.264371,0.622732 0.270731,0.611633 0.278034,0.600115 0.284630,0.591319 0.291462,0.585037 0.294996,0.582524 0.305008,0.586921 0.309955,0.592366 0.311840,0.595926
16 0.252583,0.328448 0.269411,0.352735 0.273495,0.360121 0.275256,0.356366 0.256667,0.330702 0.253850,0.326070 0.252653,0.325569 0.252230,0.327071
27 0.255540,0.595489 0.256835,0.603028 0.271441,0.608473 0.276506,0.601143
20 0.550091,0.240884 0.554332,0.233136 0.558808,0.226853 0.565757,0.220780 0.570940,0.217639 0.576241,0.217848 0.578008,0.219314 0.579303,0.226016 0.579892,0.231879 0.580717,0.238581 0.574945,0.251774
10 0.745475,0.286257 0.739106,0.281242 0.723991,0.274865 0.705162,0.269855 0.681720,0.266211 0.643805,0.263934 0.605747,0.262336 0.593578,0.259603 0.579306,0.255255 0.578335,0.255959 0.579231,0.260059 0.588326,0.262336 0.592937,0.264386 0.593066,0.262659 0.596550,0.262070 0.607691,0.263410 0.627402,0.265412 0.667764,0.266939 0.688289,0.268722 0.707008,0.271890 0.730483,0.279359
58 0.405331,0.823434 0.399309,0.805301 0.396978,0.795803 0.396395,0.781124 0.397401,0.777036 0.400669,0.775253 0.405234,0.775080 0.410188,0.776979 0.416501,0.780606 0.421747,0.784751 0.419221,0.786823 0.415627,0.792176 0.414073,0.795976 0.413296,0.805474 0.417084,0.833104 0.425049,0.863498 0.433111,0.881458 0.437871,0.892856 0.433985,0.891647 0.431266,0.883530 0.424369,0.868161 0.418347,0.855900 0.410714,0.837549 0.407584,0.830970
66 0.227726,0.456953 0.219008,0.461500 0.211104,0.471213 0.206686,0.481753 0.205408,0.490847 0.208662,0.523914 0.213312,0.552021 0.217846,0.577648 0.241211,0.587568 0.250859,0.592321 0.242606,0.556154 0.229470,0.455713
56 0.233982,0.691446 0.227340,0.681939 0.223287,0.677836 0.222049,0.678236 0.221373,0.679937 0.223062,0.687743 0.228578,0.702654 0.232181,0.710860 0.242988,0.729874 0.238203,0.716364 0.234713,0.704555 0.233531,0.694848
46 0.244400,0.709470 0.241979,0.709169 0.240741,0.710170 0.240403,0.712472 0.241979,0.719777 0.244962,0.730985 0.249184,0.743995 0.258528,0.765711 0.263706,0.776518 0.275530,0.798341 0.278625,0.803245 0.280821,0.805046 0.282397,0.803845 0.282397,0.799442 0.281721,0.793838 0.278738,0.782530 0.275924,0.773623 0.268602,0.756006 0.263762,0.745198 0.254418,0.725984 0.247101,0.712974
46 0.466012,0.863512 0.458357,0.852704 0.452053,0.845199 0.442428,0.835392 0.440176,0.833691 0.436067,0.832590 0.433703,0.833490 0.431790,0.835892 0.430439,0.838694 0.430101,0.843598 0.429988,0.852805 0.431790,0.862612 0.435279,0.875521 0.449803,0.915559 0.454024,0.925366 0.464156,0.944880 0.470235,0.955588 0.478961,0.969956 0.487235,0.980664 0.498721,0.993173 0.502549,0.996275 0.507502,0.999177 0.509922,0.999577 0.512286,0.998877 0.513581,0.996075 0.514932,0.990771 0.515213,0.982365 0.513806,0.973158 0.509303,0.956946 0.495116,0.918012 0.486335,0.899399 0.474340,0.875469 0.469443,0.867963
31 0.421998,0.500886 0.415939,0.505525 0.411899,0.510764 0.404914,0.518545 0.403988,0.526026 0.418631,0.507772 0.428730,0.504929 0.446235,0.488920 0.470150,0.463327 0.479997,0.451358 0.504243,0.418876 0.531762,0.379825 0.528817,0.379675 0.522757,0.381770 0.514847,0.391346 0.500119,0.415285 0.481430,0.440432 0.471078,0.457788 0.462999,0.466316 0.449787,0.478136 0.434638,0.493547 0.428747,0.500580 0.423193,0.501178
29 0.354967,0.689958 0.358265,0.690795 0.362623,0.693727 0.365097,0.700219 0.365097,0.705245 0.362741,0.707130 0.358147,0.705664 0.354496,0.703151 0.353789,0.698334 0.353789,0.692680
25 0.210308,0.573500 0.209366,0.578317 0.224397,0.587515 0.256718,0.603028 0.254951,0.594232 0.223430,0.580632 0.216979,0.577779
30 0.378989,0.551762 0.369058,0.565826 0.364766,0.574055 0.366365,0.576300 0.375622,0.565826 0.389172,0.547722 0.409706,0.523034 0.414854,0.518874 0.444981,0.492049 0.456342,0.479630 0.455416,0.474843 0.453228,0.474094 0.424278,0.499530 0.398348,0.525720 0.381601,0.547865
59 0.709629,0.665244 0.724792,0.637088 0.764721,0.559508 0.798080,0.488518 0.801787,0.486421 0.804819,0.490315 0.812738,0.512780 0.818634,0.531651 0.820319,0.542434 0.820656,0.548725 0.785440,0.627519 0.737592,0.725467 0.731864,0.728762 0.725462,0.724868 0.721081,0.713186 0.708277,0.673647 0.708445,0.667657
39 0.715923,0.496334 0.713458,0.501717 0.711980,0.508352 0.711980,0.517491 0.713388,0.528132 0.715219,0.536144 0.718104,0.542660 0.722118,0.550297 0.726976,0.556180 0.733807,0.558559 0.737609,0.558184 0.741834,0.554052 0.744650,0.549045 0.746552,0.542660 0.747467,0.533396 0.746974,0.522004 0.745284,0.511989 0.742608,0.504102 0.738384,0.497968 0.734440,0.493711 0.730215,0.490707 0.725779,0.489580 0.721062,0.491333 0.717823,0.493461
61 0.835357,0.463679 0.827944,0.488241 0.834346,0.504416 0.843949,0.534969 0.846813,0.545752 0.848498,0.531374 0.847487,0.516996 0.844623,0.500821 0.840243,0.485246 0.835694,0.471766
47 0.199503,0.602317 0.201130,0.604417 0.203035,0.610272 0.204692,0.615506 0.205628,0.622630 0.205746,0.625353 0.204215,0.624306 0.201977,0.620536 0.200172,0.613440 0.199150,0.606715 0.198679,0.602317
19 0.466314,0.907172 0.467963,0.906543 0.469848,0.908428 0.472557,0.912617 0.475266,0.922459 0.475620,0.925810 0.473617,0.927066 0.471144,0.924135 0.467963,0.916805 0.466550,0.912407 0.466314,0.909475
22 0.458042,0.466904 0.467215,0.451044 0.500625,0.395983 0.516783,0.371445 0.534126,0.352729 0.542121,0.352131 0.529161,0.367392 0.514097,0.386843 0.501305,0.405097 0.463847,0.464809
33 0.640804,0.841214 0.648932,0.849591 0.653643,0.855454 0.654232,0.859224 0.652583,0.861528 0.645163,0.866763 0.630944,0.877742 0.612299,0.888752 0.596751,0.896500 0.586856,0.898595 0.576726,0.896291 0.571779,0.892522 0.569306,0.884773 0.575195,0.880794 0.592157,0.872208 0.611475,0.861109 0.638095,0.841633
18 0.676043,0.754769 0.671255,0.754518 0.669706,0.755895 0.667382,0.759901 0.666326,0.763907 0.665411,0.770167 0.665763,0.777303 0.667171,0.782310 0.670551,0.784689 0.674635,0.784188 0.678156,0.779806 0.679845,0.774799 0.680409,0.768539 0.680057,0.761278 0.678437,0.757272 0.676888,0.755269
23 0.579575,0.304249 0.577387,0.302154 0.574021,0.303800 0.566531,0.313077 0.554497,0.329086 0.541368,0.345395 0.531606,0.356617 0.521339,0.367689 0.509473,0.383998 0.510903,0.387140 0.514859,0.382352 0.517131,0.376816 0.521676,0.371130 0.538339,0.355869 0.548606,0.343151 0.563586,0.325645 0.570655,0.319810
