8 0.287979,0.399621 0.293664,0.399698 0.284496,0.416304 0.272463,0.440927 0.268309,0.452189 0.264442,0.454670 0.256277,0.466505 0.238966,0.487036 0.217526,0.511455 0.212496,0.518477 0.215011,0.532363 0.217523,0.551852 0.204347,0.550895 0.191771,0.549299 0.193088,0.542117 0.195364,0.533179 0.197640,0.526954 0.211534,0.512910 0.225070,0.496310 0.237407,0.482744 0.258607,0.455931 0.279688,0.414886
12 0.288113,0.398637 0.293908,0.398637 0.311294,0.367748 0.329747,0.339501 0.356283,0.332795 0.402188,0.325439 0.441230,0.320562 0.489270,0.317107 0.548290,0.314664 0.590992,0.315070 0.611428,0.317915 0.616461,0.333766 0.628051,0.379693 0.636744,0.377660 0.639642,0.368922 0.630949,0.340675 0.614326,0.302065 0.607768,0.290482 0.600142,0.283775 0.553018,0.280277 0.515806,0.280886 0.455718,0.285960 0.418049,0.292460 0.389378,0.298963 0.368942,0.305269 0.351556,0.314211 0.341338,0.321933 0.325019,0.339425 0.298483,0.380271
59 0.325181,0.641679 0.330327,0.652655 0.338561,0.656770 0.513861,0.648996 0.515919,0.646709 0.517977,0.639392 0.519007,0.626130 0.517977,0.583600 0.515919,0.578569 0.328955,0.583600 0.325524,0.586801 0.324838,0.590459
73 0.688141,0.525126 0.685532,0.524760 0.632666,0.534091 0.627860,0.555316 0.614403,0.620270 0.614403,0.623563 0.615364,0.627223 0.623329,0.648630 0.648045,0.646251 0.670290,0.641128 0.685532,0.634175 0.691574,0.629601 0.694869,0.625210 0.696929,0.620270 0.697478,0.610206 0.695144,0.583859 0.694045,0.558060 0.694732,0.545801 0.692947,0.533725
41 0.635053,0.352232 0.646224,0.352099 0.652758,0.353627 0.659441,0.356285 0.660089,0.357681 0.659889,0.366918 0.659191,0.371969 0.657845,0.375823 0.654503,0.377883 0.648369,0.379943 0.644130,0.379810
15 0.637399,0.427886 0.634094,0.411121 0.624284,0.368214 0.611063,0.318314 0.594109,0.316467 0.580355,0.315757 0.543143,0.315741 0.499640,0.317020 0.457097,0.319994 0.414127,0.324109 0.357296,0.333066 0.329680,0.339744 0.310488,0.369893 0.292895,0.402002 0.276048,0.436139 0.269757,0.451483 0.268798,0.452904 0.325095,0.450063 0.356656,0.449073 0.504971,0.440408 0.591657,0.433301 0.610636,0.431170
72 0.190833,0.550000 0.189143,0.559359 0.187495,0.603454 0.187769,0.615530 0.189005,0.622483 0.192438,0.632181 0.197519,0.649014 0.200128,0.651941 0.206856,0.656515 0.221137,0.659809 0.238438,0.661639 0.240635,0.633827 0.238576,0.625228 0.224981,0.583145 0.217429,0.551857
48 0.695005,0.775329 0.694224,0.781456 0.692050,0.785271 0.688308,0.793720 0.682990,0.799450 0.676073,0.803243 0.666878,0.808903 0.654847,0.812955 0.643677,0.817084 0.627883,0.820451 0.593611,0.828109 0.550580,0.833144 0.500192,0.837062 0.452076,0.838995 0.412756,0.840414 0.372277,0.838613 0.320387,0.835553 0.277360,0.828863 0.249815,0.823587 0.236055,0.818156 0.219704,0.810509 0.212820,0.802478 0.207370,0.784506 0.212533,0.791389 0.219704,0.797507 0.230891,0.802096 0.241791,0.804773 0.246381,0.807832 0.250684,0.813950 0.287400,0.820833 0.332147,0.826569 0.423937,0.829245 0.464956,0.828863 0.504827,0.826186 0.579407,0.818921 0.613254,0.814332 0.625875,0.811656 0.627596,0.808214 0.633333,0.803626 0.652839,0.798275 0.672631,0.791010 0.687547,0.781450
16 0.465499,0.294070 0.463694,0.303961 0.464898,0.305031 0.469310,0.305031 0.472919,0.303427 0.468106,0.292198 0.460285,0.240334 0.457678,0.238729 0.458280,0.243007
36 0.207281,0.784369 0.211041,0.788963 0.221695,0.798153 0.228275,0.801912 0.238928,0.804418 0.246448,0.807760 0.250835,0.812772 0.237675,0.811102 0.220128,0.804418 0.211354,0.796482
0 0.196657,0.648825 0.199472,0.652143 0.205318,0.656472 0.213980,0.659069 0.224266,0.660944 0.238234,0.662243 0.247654,0.677536 0.253500,0.686048 0.262920,0.696436 0.271907,0.703216 0.281219,0.706390 0.290422,0.707977 0.332649,0.711884 0.359501,0.713182 0.408549,0.713902 0.479252,0.712171 0.534580,0.707407 0.582112,0.700338 0.588825,0.698318 0.595105,0.693990 0.602035,0.687642 0.605608,0.682736 0.615244,0.666866 0.623365,0.649962 0.649675,0.646644 0.669381,0.642315 0.685406,0.635381 0.691902,0.630476 0.695475,0.625715 0.697208,0.621675 0.697641,0.615904 0.697641,0.607825 0.701647,0.603641 0.702622,0.617347 0.704787,0.682594 0.703379,0.719673 0.700997,0.751591 0.699590,0.762845 0.696666,0.780590 0.692877,0.790876 0.688004,0.798811 0.679126,0.809199 0.667649,0.816846 0.652166,0.823368 0.616548,0.832751 0.581900,0.838522 0.534584,0.843583 0.502102,0.845603 0.424361,0.848054 0.380510,0.847336 0.342939,0.845177 0.286961,0.840249 0.282847,0.835632 0.277974,0.832891 0.273319,0.832458 0.255345,0.832891 0.247982,0.830727 0.230659,0.822070 0.221888,0.814857 0.215717,0.806777 0.210736,0.796822 0.207271,0.787012 0.204131,0.776290 0.201100,0.768933 0.192224,0.719450 0.191683,0.711515 0.195256,0.702714 0.198179,0.690000 0.196880,0.674108 0.196447,0.654487
9 0.627987,0.380548 0.637591,0.377894 0.639932,0.371043 0.654779,0.415651 0.660019,0.428839 0.665550,0.438537 0.671372,0.445519 0.678650,0.465717 0.691167,0.519247 0.698154,0.558812 0.701938,0.602256 0.697863,0.606911 0.696984,0.605165 0.695135,0.576156 0.694704,0.559854 0.695131,0.546771 0.693281,0.533119 0.689012,0.524587 0.685597,0.524398 0.673502,0.526104 0.643903,0.532357 0.633658,0.533305 0.641057,0.496712 0.641057,0.439224 0.639492,0.428038
39 0.397113,0.526146 0.394506,0.531225 0.393102,0.536572 0.393102,0.541652 0.393704,0.548870 0.395509,0.555821 0.399720,0.563574 0.406739,0.569188 0.413959,0.571059 0.424187,0.564643 0.427997,0.559296 0.430604,0.553415 0.431808,0.545395 0.431607,0.538444 0.429401,0.531760 0.424588,0.524274 0.417769,0.519462 0.409547,0.517591 0.402729,0.519997 0.398918,0.522670
37 0.629031,0.812767 0.647518,0.809007 0.667571,0.802324 0.683865,0.792299 0.692012,0.784363 0.694832,0.775591 0.685118,0.783527 0.667885,0.792717 0.634671,0.803159 0.630284,0.805248 0.627464,0.809425
13 0.220039,0.559893 0.225669,0.582557 0.229023,0.592292 0.240521,0.630118 0.241240,0.634108 0.239084,0.662393 0.246151,0.674044 0.254535,0.686652 0.261003,0.693834 0.265554,0.698143 0.270106,0.701335 0.276813,0.704368 0.287713,0.706283 0.330473,0.710603 0.360777,0.712359 0.409167,0.711082 0.456958,0.708847 0.506545,0.705823 0.573261,0.701032 0.585957,0.698479 0.593143,0.694169 0.601408,0.687307 0.607756,0.678688 0.617218,0.661292 0.622728,0.649162 0.614703,0.628380 0.613625,0.623592 0.613625,0.619762 0.615182,0.610824 0.629436,0.542794 0.638539,0.497111 0.639497,0.479396 0.639736,0.449710 0.639141,0.429167 0.636126,0.428944 0.625742,0.430395 0.586551,0.434737 0.493348,0.441981 0.429202,0.446230 0.396292,0.447458 0.366983,0.449132 0.310290,0.451587 0.272104,0.453610 0.266075,0.454280 0.261385,0.460752 0.220436,0.508761 0.217337,0.511663 0.213237,0.518689 0.218178,0.551853
