3 0.336293,0.413653 0.320839,0.414860 0.311508,0.421377 0.302493,0.433928 0.286073,0.462650 0.278024,0.462650 0.266433,0.468925 0.265789,0.478821 0.261926,0.491854 0.255808,0.506819 0.260960,0.536747 0.261282,0.554612 0.264533,0.569698 0.269653,0.580678 0.272228,0.587436 0.270427,0.578132 0.278981,0.551133 0.276955,0.508441 0.301266,0.483129 0.299015,0.479079 0.308919,0.456974
5 0.337912,0.416701 0.324389,0.439872 0.313764,0.460387 0.303462,0.482834 0.278027,0.508900 0.279636,0.552586 0.271909,0.578894 0.273841,0.590269 0.284144,0.609337 0.300564,0.646265 0.304117,0.640229 0.307015,0.617782 0.307337,0.593405 0.309268,0.567579 0.311200,0.555029 0.318283,0.541754 0.333416,0.525583 0.336635,0.518101 0.343074,0.507964 0.347904,0.493724 0.353695,0.438694 0.353695,0.427833 0.351763,0.421799 0.344358,0.416730 0.339191,0.414353
11 0.376561,0.538766 0.426308,0.610145 0.423832,0.611158 0.401097,0.605083 0.392993,0.602383 0.386015,0.602720 0.382189,0.606433 0.381063,0.611833 0.381513,0.625332 0.385340,0.655031 0.371384,0.648957 0.338295,0.641194 0.332667,0.641026 0.328390,0.622464 0.325239,0.615039 0.322087,0.610145 0.319386,0.607952 0.316680,0.609133 0.315104,0.613014 0.313304,0.627526 0.313078,0.648113 0.309477,0.648450 0.308351,0.659925 0.305425,0.652838 0.301148,0.645413 0.303624,0.641700 0.307001,0.631913 0.308351,0.619932 0.307676,0.597658 0.311728,0.554965 0.318931,0.541297 0.330971,0.524248 0.334238,0.528126 0.336051,0.529618 0.339640,0.529814 0.343327,0.528924 0.344142,0.527114 0.346393,0.519858 0.346168,0.507539 0.362150,0.505346 0.364176,0.505498 0.364176,0.512755 0.365751,0.518661 0.369198,0.527583
10 0.751091,0.511411 0.747490,0.513099 0.760996,0.520524 0.772251,0.529467 0.798587,0.543810 0.848559,0.574522 0.871069,0.594599 0.877146,0.601855 0.875796,0.595105 0.869943,0.588355 0.856212,0.577555 0.815470,0.550387 0.774727,0.528451 0.759870,0.518157
7 0.330158,0.631603 0.319353,0.636496 0.313951,0.650333 0.310574,0.672101 0.310349,0.696401 0.313275,0.733862 0.313726,0.752593 0.318004,0.778598 0.322280,0.782311 0.328133,0.783492 0.342089,0.783998 0.361673,0.782986 0.370226,0.780117 0.355370,0.771005 0.349968,0.766111 0.346591,0.752780 0.344340,0.724938 0.344115,0.713800 0.339388,0.676845 0.331960,0.641240
7 0.259703,0.538763 0.254976,0.546525 0.254076,0.558169 0.254980,0.573359 0.254529,0.602215 0.257231,0.609133 0.265559,0.611664 0.276589,0.610652 0.266009,0.582134 0.265784,0.577578 0.267360,0.576228 0.263083,0.566778 0.260382,0.555135 0.260382,0.548048
6 0.756048,0.519171 0.751996,0.521702 0.733763,0.522546 0.677714,0.523727 0.637196,0.524065 0.487281,0.522878 0.390489,0.520006 0.373606,0.517475 0.366403,0.514100 0.364828,0.512750 0.366628,0.521018 0.370005,0.528443 0.426955,0.610453 0.448789,0.619059 0.467697,0.624459 0.518119,0.641394 0.530950,0.646963 0.545356,0.648650 0.578896,0.650338 0.637647,0.650507 0.759875,0.646965 0.810972,0.644096 0.847888,0.640215 0.855992,0.635321 0.870398,0.618109 0.875800,0.610010 0.876251,0.602754 0.862965,0.587702 0.851035,0.577071 0.837079,0.567453 0.805340,0.547878 0.771350,0.529485 0.763922,0.523410
1 0.386888,0.657766 0.401744,0.664178 0.431457,0.673459 0.474676,0.684090 0.524648,0.692021 0.562915,0.700121 0.580247,0.703159 0.616263,0.703327 0.711705,0.700623 0.771131,0.697417 0.838204,0.691162 0.868593,0.675300 0.876921,0.674119 0.887276,0.667369 0.893804,0.657582 0.895830,0.647288 0.901907,0.655557 0.906859,0.669056 0.908660,0.678675 0.911361,0.680700 0.911586,0.692174 0.908660,0.706686 0.904383,0.714617 0.900782,0.736247 0.905059,0.739115 0.907985,0.743334 0.908885,0.750590 0.905734,0.757846 0.896505,0.771008 0.886826,0.779783 0.876471,0.784170 0.847659,0.788557 0.740287,0.799886 0.610405,0.808000 0.517440,0.810700 0.473545,0.808168 0.420197,0.799394 0.370675,0.780988 0.352217,0.766645 0.347040,0.753820 0.346365,0.734752 0.340512,0.680576 0.333084,0.641723 0.339387,0.640880 0.350417,0.644086 0.369550,0.648473 0.384181,0.654885
12 0.346590,0.506647 0.364823,0.504622 0.368425,0.426830 0.458464,0.425793 0.543101,0.427480 0.609280,0.430180 0.649347,0.433217 0.657000,0.438280 0.736010,0.504949 0.747715,0.513724 0.749741,0.511024 0.738261,0.498875 0.689189,0.456182 0.662399,0.437280 0.643266,0.428674 0.619630,0.420237 0.598021,0.415005 0.549175,0.409079 0.471066,0.404521 0.409835,0.404182 0.357162,0.406541 0.336002,0.408228 0.323847,0.411603 0.312593,0.420000 0.302222,0.431111 0.310357,0.422930 0.316191,0.418272 0.323220,0.414682 0.334652,0.412447 0.344556,0.414472 0.348608,0.416834 0.352660,0.421728 0.354010,0.429152 0.353560,0.441640 0.349283,0.489921
9 0.284230,0.454484 0.285806,0.460896 0.284230,0.462415 0.277027,0.462246 0.267798,0.467814 0.268473,0.464608 0.279953,0.457352
14 0.368867,0.427485 0.462508,0.426135 0.490870,0.426472 0.600268,0.430185 0.649114,0.433220 0.743880,0.512530 0.754010,0.517761 0.752659,0.520629 0.747257,0.521811 0.642361,0.523667 0.531838,0.522317 0.397229,0.519282 0.373594,0.517257 0.365715,0.513038 0.366166,0.472371
35 0.282429,0.511708 0.283555,0.515420 0.285580,0.516939 0.288732,0.517783 0.289407,0.519470 0.288057,0.521495 0.284680,0.522170 0.279728,0.520145 0.277927,0.515420 0.277927,0.512720
35 0.269824,0.485721 0.268023,0.487915 0.269824,0.489771 0.269148,0.491459 0.266672,0.493652 0.264421,0.491965 0.263746,0.488927 0.266222,0.485552 0.268698,0.484709
50 0.332162,0.524889 0.333982,0.527539 0.336071,0.529377 0.339432,0.529582 0.342975,0.528833 0.344428,0.525019 0.346154,0.517664 0.346064,0.500027
41 0.350634,0.465134 0.334427,0.503946 0.330150,0.505633 0.324748,0.505296 0.327449,0.497871 0.322947,0.488252 0.319795,0.485552 0.311467,0.484371 0.294134,0.484203 0.283104,0.485384 0.272300,0.487577 0.269824,0.489096 0.268248,0.492808 0.268473,0.499727 0.271174,0.507996 0.277027,0.512045 0.326548,0.519976 0.328910,0.520645 0.331802,0.524516 0.347259,0.497869
71 0.531842,0.648655 0.552550,0.678514 0.552391,0.680130 0.513921,0.688069 0.504586,0.687739 0.475675,0.683888 0.466531,0.681799 0.426750,0.671751 0.401633,0.663545 0.387458,0.657644 0.385607,0.655164 0.380909,0.622677 0.381231,0.611342 0.382048,0.606645 0.385663,0.602752 0.392519,0.602389 0.435837,0.614806 0.495461,0.634462
69 0.340835,0.418827 0.347021,0.421531 0.351528,0.428478 0.351977,0.437049 0.350576,0.464748 0.344273,0.477088 0.335168,0.501262 0.332467,0.505145 0.328217,0.505610 0.325591,0.505179 0.327667,0.499197 0.325016,0.491714 0.320113,0.485262 0.312373,0.484257 0.306707,0.484137 0.307032,0.480162 0.324315,0.442317 0.334166,0.427038
62 0.520868,0.747477 0.483506,0.744597 0.412500,0.726153 0.391847,0.717827 0.381568,0.716360 0.383569,0.743188 0.387323,0.755946 0.390576,0.761199 0.394079,0.764013 0.400585,0.767766 0.411595,0.772456 0.429361,0.778085 0.462140,0.787090 0.498173,0.795157 0.534706,0.797221
54 0.336655,0.416445 0.318755,0.440992 0.305139,0.467032 0.300090,0.480797 0.300549,0.483894 0.306097,0.483961 0.306630,0.480082 0.311106,0.469670 0.323498,0.442140 0.334360,0.425621 0.340327,0.417821
58 0.313514,0.648409 0.313718,0.627758 0.315249,0.613609 0.317187,0.609708 0.319737,0.608255 0.321471,0.609937 0.325348,0.615521 0.327898,0.622481 0.330040,0.631124 0.318921,0.636248 0.314810,0.647101
20 0.734654,0.493562 0.736406,0.490747 0.744163,0.490184 0.752670,0.490372 0.762679,0.491873 0.771688,0.494875 0.774440,0.496939 0.773689,0.505194 0.770186,0.507445 0.758426,0.508383 0.748417,0.508383
46 0.257377,0.565379 0.256545,0.592827 0.257377,0.599533 0.259561,0.599767 0.261537,0.593373 0.262681,0.586433 0.262889,0.567250 0.261851,0.554542 0.260707,0.548459 0.259251,0.547290 0.258523,0.549395 0.258523,0.553450
40 0.775684,0.497444 0.774307,0.503753 0.771247,0.510291 0.766351,0.514077 0.759620,0.515912 0.757478,0.515682 0.739272,0.500197 0.732234,0.493314 0.732693,0.489758 0.736977,0.489414 0.748605,0.489529 0.761303,0.490561 0.769411,0.493773
66 0.335696,0.416380 0.326416,0.416774 0.319938,0.418349 0.312935,0.422681 0.305756,0.432527 0.299103,0.443686 0.291399,0.461539 0.289824,0.466921 0.298053,0.478342 0.299704,0.480255 0.308908,0.457995 0.315736,0.444605 0.318713,0.439747 0.331844,0.421631
45 0.313452,0.648912 0.309775,0.648912 0.307149,0.676086 0.308724,0.702210 0.310351,0.702040 0.309943,0.694927 0.310351,0.671064
67 0.306807,0.429058 0.297877,0.438247 0.289298,0.451243 0.288598,0.456363 0.289473,0.461614 0.302080,0.436934
56 0.259086,0.517988 0.258989,0.515373 0.258269,0.513849 0.256468,0.513265 0.256033,0.515811 0.255978,0.529616 0.259370,0.529616 0.259176,0.519952
59 0.622445,0.717608 0.619373,0.719271 0.618691,0.724389 0.619203,0.741790 0.619032,0.757783 0.619885,0.761877 0.626370,0.763924 0.777727,0.755347 0.818512,0.752277 0.821071,0.749846 0.821242,0.709798 0.819365,0.708647 0.812539,0.709287
46 0.319704,0.749712 0.321068,0.755297 0.322956,0.761118 0.326313,0.764028 0.329565,0.764579 0.333762,0.756555 0.335021,0.748060 0.334700,0.724623 0.335749,0.710684 0.335748,0.677869 0.334594,0.667564 0.332916,0.659619 0.330399,0.654415 0.328615,0.653471 0.324943,0.654022 0.323370,0.656067 0.320642,0.662281 0.318439,0.676440 0.317285,0.696971 0.317495,0.728376 0.319488,0.746546
43 0.259377,0.529905 0.255403,0.530050 0.253465,0.532957 0.253077,0.537462 0.253271,0.557808 0.254531,0.546618 0.259377,0.538334
70 0.852634,0.637642 0.852732,0.653899 0.848753,0.669010 0.851919,0.670573 0.863975,0.673181 0.870815,0.674137 0.875568,0.673789 0.878062,0.672883 0.887270,0.667069 0.893280,0.657621 0.894928,0.650862 0.895509,0.645484 0.892315,0.625772 0.889407,0.615525 0.885530,0.609057 0.880780,0.603389 0.877485,0.601717 0.876516,0.603171 0.875932,0.609926 0.870213,0.618356 0.855964,0.635435
61 0.903572,0.714114 0.892562,0.723495 0.879300,0.728936 0.870042,0.730437 0.867289,0.772837 0.880802,0.768522 0.889059,0.761205 0.902321,0.736253 0.903822,0.727810
63 0.533560,0.648522 0.550330,0.649731 0.583793,0.650896 0.671661,0.649981 0.749584,0.647442 0.805898,0.644883 0.837808,0.641301 0.848218,0.640533 0.852313,0.637590 0.852313,0.653584 0.848047,0.668554 0.848900,0.669961 0.858798,0.672648 0.868716,0.674324 0.860354,0.678930 0.837999,0.689038 0.823324,0.691213 0.780662,0.694795 0.712553,0.699024 0.632664,0.701971 0.579252,0.702482 0.511999,0.689175 0.552954,0.680219 0.552954,0.677788
21 0.324686,0.491880 0.319932,0.485689 0.312675,0.484563 0.284150,0.484563 0.272139,0.487002 0.269136,0.489441 0.267385,0.495445 0.271138,0.502574 0.279896,0.504825 0.299914,0.507264 0.323185,0.507827 0.325687,0.502762 0.326849,0.498878
60 0.521537,0.747486 0.535526,0.796843 0.596418,0.796535 0.720670,0.790982 0.826819,0.778951 0.866316,0.772473 0.869613,0.731442 0.821887,0.737920 0.821273,0.742187 0.821169,0.749579 0.818263,0.752614 0.752152,0.756972 0.626449,0.763976 0.619600,0.761875 0.618769,0.758140 0.618769,0.748802
52 0.268139,0.576167 0.266138,0.578794 0.267139,0.584610 0.306174,0.671288 0.308176,0.660219
25 0.286915,0.460508 0.283662,0.464073 0.297175,0.484522 0.300397,0.484149 0.299596,0.480847 0.288588,0.466291
29 0.322413,0.555388 0.325115,0.558089 0.325715,0.561615 0.324014,0.564842 0.320611,0.565742 0.318310,0.564016 0.317409,0.561991 0.317809,0.558989 0.318810,0.556288 0.320711,0.555088
33 0.402548,0.729121 0.429095,0.736044 0.451025,0.740587 0.473244,0.746213 0.479881,0.748809 0.485075,0.755948 0.489403,0.765035 0.487960,0.767631 0.456796,0.761790 0.417841,0.749241 0.406588,0.742102 0.400817,0.736044 0.398797,0.729553
16 0.432100,0.404100 0.428348,0.382032 0.430368,0.381816 0.435274,0.404316
39 0.706648,0.655388 0.701581,0.656835 0.697480,0.660091 0.693860,0.664614 0.691206,0.671488 0.691930,0.679629 0.695308,0.684332 0.702064,0.690483 0.707613,0.693558 0.715816,0.695548 0.723778,0.694463 0.735360,0.687589 0.738979,0.678905 0.738496,0.672031 0.735842,0.664976 0.727639,0.657740 0.719435,0.655388 0.710267,0.655207
22 0.581156,0.517287 0.545689,0.518192 0.545206,0.519820 0.661259,0.522353 0.655227,0.520543 0.617347,0.519277 0.608179,0.518373 0.604077,0.514936 0.585740,0.515659
18 0.541176,0.727115 0.537381,0.726593 0.534042,0.727579 0.530693,0.729313 0.528096,0.731693 0.526935,0.735592 0.528666,0.739487 0.531840,0.742732 0.539054,0.743597 0.543094,0.742516 0.546556,0.739703 0.547999,0.735160 0.547422,0.730184 0.544537,0.728237
30 0.375098,0.517109 0.386920,0.518918 0.419492,0.519099 0.502490,0.522175 0.502490,0.520546 0.478604,0.519099 0.452547,0.516386 0.447238,0.513672 0.439276,0.513129 0.427937,0.512406 0.421422,0.514577 0.418044,0.516567
31 0.431556,0.512949 0.443378,0.514938 0.451823,0.515300 0.467023,0.517652 0.496217,0.520366 0.510211,0.522175 0.559431,0.523803 0.555329,0.521451 0.500319,0.519099 0.454718,0.514758 0.448686,0.513491 0.439518,0.512587
23 0.590818,0.516567 0.604088,0.517109 0.613739,0.516024 0.627250,0.516748 0.648724,0.520185 0.658616,0.522356 0.669715,0.523803 0.686363,0.522356 0.623390,0.515300 0.599745,0.514577 0.590818,0.515120
