63 0.539637,0.594889 0.525462,0.626875 0.525826,0.628522 0.546906,0.640347 0.509684,0.648588 0.471593,0.643645 0.426515,0.635890 0.382091,0.626488 0.360579,0.621065 0.342836,0.614764 0.323645,0.595088 0.338838,0.590920 0.336875,0.566689 0.336439,0.552146 0.340800,0.557671 0.373803,0.567558 0.417866,0.578413 0.444907,0.583841 0.468761,0.588107 0.511722,0.594698 0.532657,0.596152
60 0.540710,0.704555 0.539675,0.718070 0.535952,0.734895 0.531401,0.750617 0.525938,0.754586 0.500511,0.751967 0.472511,0.746763 0.411816,0.732236 0.380208,0.722840 0.344589,0.710621 0.326173,0.701518 0.322243,0.655455 0.331758,0.659868 0.353065,0.667315 0.353272,0.681383 0.356184,0.685762 0.401633,0.695627 0.478707,0.713034 0.482756,0.707915 0.483035,0.696653 0.505232,0.700469 0.530710,0.703075
Мелкие 0.408831,0.404666 0.401550,0.414374 0.401771,0.416041 0.403021,0.417119 0.407654,0.418982 0.421848,0.422414 0.428099,0.423297 0.422583,0.421826 0.409934,0.418590 0.405227,0.416531 0.404906,0.414477 0.405595,0.411432
68 0.677526,0.312263 0.674790,0.315412 0.672862,0.320221 0.671059,0.327682 0.670375,0.339953 0.669940,0.361761 0.670002,0.382239 0.671556,0.384395 0.675785,0.412835 0.676407,0.423533 0.678210,0.425688 0.679614,0.425881 0.681195,0.426103 0.681951,0.425963 0.682013,0.414197 0.684809,0.407983 0.689283,0.403673 0.691769,0.403176 0.694379,0.397376 0.691769,0.373928 0.688537,0.355034 0.685679,0.341529 0.682261,0.328189 0.678843,0.316917
29 0.681081,0.488418 0.679757,0.491204 0.679688,0.494920 0.680036,0.498636 0.681429,0.498264 0.683031,0.496128 0.683449,0.493062 0.682753,0.489532 0.681708,0.487582
62 0.305216,0.637734 0.304797,0.644063 0.305006,0.653277 0.306263,0.660537 0.309962,0.674498 0.319176,0.695161 0.326017,0.701396 0.321968,0.655790 0.315407,0.652440 0.310381,0.647786 0.307240,0.642853 0.305774,0.639502
6 0.401030,0.412641 0.401578,0.416296 0.406147,0.419464 0.413273,0.420439 0.441964,0.426043 0.496237,0.433840 0.550000,0.439200 0.603725,0.443586 0.633877,0.444317 0.649227,0.442124 0.653330,0.439936 0.654252,0.443097 0.654186,0.446346 0.653791,0.450999 0.651486,0.457584 0.623627,0.524596 0.613619,0.551111 0.610260,0.561038 0.595840,0.567360 0.540255,0.593970 0.533058,0.595730 0.510473,0.593974 0.455426,0.585545 0.409908,0.576233 0.367613,0.564992 0.347860,0.558846 0.340419,0.556300 0.337061,0.551822 0.331201,0.538037 0.325140,0.521696 0.323692,0.515462 0.323626,0.508877 0.324021,0.504838 0.325996,0.498429 0.337058,0.482362 0.349641,0.467158 0.382103,0.432916 0.393956,0.419746 0.400874,0.410428
26 0.696545,0.394309 0.698217,0.399232 0.696406,0.403598 0.692295,0.403226
40 0.669519,0.382289 0.667878,0.425493 0.674577,0.451744 0.678542,0.444087 0.680456,0.442082 0.691666,0.440806 0.718736,0.435702 0.721197,0.434243 0.724205,0.429139 0.726119,0.421118 0.727076,0.412550 0.725435,0.409269 0.708072,0.403253 0.697409,0.403071 0.689479,0.403982 0.685241,0.407993 0.682233,0.414009 0.682233,0.426587 0.678268,0.426040 0.676354,0.424035 0.675671,0.413462 0.671296,0.384659
59 0.477812,0.661410 0.483254,0.663390 0.482512,0.707923 0.478801,0.712871 0.356385,0.685520 0.353696,0.681934 0.352041,0.644422 0.353282,0.639182 0.355144,0.637802 0.358660,0.637251
16 0.611916,0.288388 0.613975,0.288584 0.616108,0.272600 0.617799,0.263677 0.617799,0.262304 0.616843,0.262892
20 0.682894,0.424660 0.683452,0.429676 0.690279,0.430141 0.721140,0.428190 0.724345,0.426611 0.726156,0.421223 0.726853,0.413606 0.726087,0.410820 0.719190,0.406640 0.710342,0.404410 0.699684,0.403481 0.692230,0.403667 0.688886,0.404596 0.684845,0.408776 0.682476,0.414350 0.682407,0.417136
22 0.473118,0.420889 0.466279,0.421085 0.466353,0.422948 0.509154,0.425498 0.540850,0.428048 0.564022,0.433244 0.578363,0.437362 0.586379,0.437853 0.541445,0.425007 0.526442,0.421869 0.519970,0.421085 0.507248,0.420398 0.483635,0.420495
18 0.315413,0.643701 0.315340,0.641152 0.315560,0.638210 0.316369,0.636347 0.317844,0.635566 0.319756,0.635173 0.321594,0.635860 0.322918,0.637723 0.324021,0.640959 0.324462,0.644097 0.324242,0.646744 0.323286,0.649588 0.322330,0.650765 0.320271,0.651157 0.318211,0.649686 0.316888,0.648411 0.316005,0.646058
41 0.418687,0.381297 0.416324,0.379141 0.413340,0.377981 0.405443,0.377483 0.400593,0.378312 0.396924,0.381214 0.395121,0.382707 0.394624,0.385691 0.395556,0.393402 0.396924,0.399288 0.399474,0.403931 0.402583,0.407579 0.416324,0.385443
46 0.659115,0.711341 0.661822,0.699403 0.663696,0.683855 0.665986,0.656785 0.667548,0.627356 0.667235,0.622358 0.665674,0.620693 0.656720,0.671917 0.656824,0.702318 0.657970,0.710231
21 0.418395,0.381955 0.415399,0.379076 0.411846,0.377961 0.408015,0.377404 0.403556,0.377868 0.399028,0.379354 0.395754,0.382141 0.394848,0.385114 0.395196,0.390037 0.397286,0.395610 0.398749,0.397840 0.402720,0.400348 0.406691,0.400998
64 0.680833,0.312858 0.686612,0.332411 0.690154,0.344342 0.693323,0.357765 0.695125,0.367625 0.697486,0.387761 0.701277,0.377404 0.705875,0.367379 0.706683,0.364230 0.704757,0.351139 0.702892,0.341777 0.698666,0.330257 0.692763,0.316669 0.690895,0.313939 0.688472,0.311619 0.685117,0.310542 0.680581,0.310708
32 0.564578,0.726968 0.573617,0.724959 0.596706,0.716626 0.606326,0.711473 0.613428,0.706021 0.619185,0.697056 0.620839,0.693369 0.621820,0.688231 0.616871,0.688231 0.581364,0.702865 0.569098,0.706308 0.566677,0.711332 0.563128,0.721326 0.561764,0.725511 0.562857,0.726681
57 0.673309,0.619099 0.675222,0.608818 0.676955,0.597421 0.678629,0.582993 0.680004,0.565858 0.680661,0.552868 0.679884,0.551752 0.678689,0.553505 0.677494,0.557729 0.672592,0.581320 0.672234,0.589608 0.673668,0.592876 0.672473,0.594151 0.671970,0.594839 0.673788,0.596064
24 0.707482,0.367835 0.705963,0.375850 0.704069,0.382883 0.698356,0.398674 0.696615,0.393844 0.701839,0.381161 0.707018,0.363725
35 0.703014,0.439165 0.703424,0.442993 0.704518,0.443358 0.706295,0.441717 0.708209,0.438254
39 0.409783,0.599674 0.408680,0.604283 0.408092,0.610951 0.408460,0.614873 0.410004,0.619776 0.411990,0.623698 0.414269,0.626934 0.417064,0.629092 0.419344,0.629876 0.422800,0.630170 0.426404,0.629386 0.430007,0.627033 0.433096,0.623306 0.435744,0.618109 0.437509,0.612912 0.438097,0.606244 0.436847,0.596830 0.434420,0.592319 0.432066,0.589378 0.430081,0.587613 0.426477,0.586632 0.421109,0.586436 0.417285,0.588299 0.414563,0.590947 0.411695,0.595065 0.410445,0.597909
31 0.435171,0.411217 0.424036,0.409116 0.422565,0.412057 0.431494,0.413458 0.442314,0.417800 0.460698,0.423403 0.476035,0.427325 0.488956,0.429846 0.497781,0.432368 0.514914,0.435313 0.521847,0.435032 0.503989,0.429990 0.490648,0.428169 0.475626,0.425508 0.448829,0.418082 0.438008,0.413180
70 0.540325,0.595095 0.525893,0.627089 0.526154,0.628480 0.547454,0.640420 0.559463,0.639536 0.579890,0.634981 0.600825,0.627518 0.624959,0.615596 0.635435,0.608711 0.639869,0.579052 0.640887,0.565676 0.641032,0.554142 0.640669,0.551428 0.640087,0.549586 0.637834,0.547551 0.636234,0.546581 0.634272,0.546194 0.632018,0.546581 0.617480,0.555595 0.611955,0.557534 0.610719,0.560926 0.561210,0.584287
51 0.672739,0.623566 0.672390,0.627475 0.673227,0.629616 0.673018,0.632036 0.677485,0.619005 0.680696,0.605882 0.689143,0.577863 0.699683,0.538214 0.702639,0.527224 0.708333,0.503333 0.708333,0.501111 0.707085,0.500832 0.701821,0.521647 0.691294,0.555950 0.679092,0.598713 0.674213,0.617303
4 0.677547,0.308138 0.684849,0.335407 0.691604,0.368104 0.697109,0.401469 0.703381,0.408821 0.709637,0.418831 0.712639,0.429508 0.708638,0.449197 0.707637,0.470217 0.704381,0.497575 0.697375,0.534943 0.678859,0.598666 0.684864,0.540611 0.684864,0.476550 0.678109,0.463204 0.675106,0.453195 0.668850,0.408152 0.668600,0.341756 0.669101,0.326408 0.671603,0.316065 0.674605,0.310393
2 0.678028,0.308133 0.680803,0.306795 0.684758,0.306795 0.689126,0.308842 0.692904,0.312778 0.698453,0.323640 0.701936,0.333637 0.705950,0.347412 0.708075,0.360478 0.711738,0.374890 0.717410,0.393155 0.719122,0.397176 0.720126,0.404103 0.718827,0.435437 0.717823,0.444410 0.714045,0.465584 0.711742,0.484246 0.707551,0.498966 0.703771,0.514084 0.697454,0.535027 0.704773,0.496378 0.706190,0.481816 0.707845,0.470547 0.708612,0.450003 0.712862,0.429144 0.709676,0.418429 0.703183,0.408117 0.697398,0.401348 0.691137,0.364030 0.684872,0.335003
7 0.669562,0.664140 0.668238,0.685339 0.665399,0.719661 0.661613,0.733036 0.655178,0.743131 0.648176,0.745655 0.633413,0.743888 0.640605,0.735812 0.647229,0.725970 0.650825,0.715875 0.653664,0.692658 0.658207,0.663130 0.668048,0.610386 0.672023,0.595243 0.673525,0.596226 0.673082,0.613192 0.671423,0.634437 0.670095,0.653763
35 0.715455,0.394503 0.714361,0.398878 0.713814,0.402342 0.715318,0.404165 0.718053,0.401977 0.718599,0.398331 0.717916,0.395597
14 0.659201,0.329450 0.657107,0.326635 0.653807,0.326066 0.643094,0.324582 0.622920,0.321984 0.588694,0.318831 0.532195,0.316230 0.508404,0.316230 0.470838,0.317343 0.441200,0.357047 0.418378,0.390813 0.409891,0.405283 0.406830,0.408252 0.405578,0.412704 0.405300,0.415858 0.410587,0.417342 0.433404,0.421238 0.472500,0.426803 0.519665,0.430885 0.597183,0.441093 0.624731,0.443505 0.638922,0.443134 0.649357,0.441093 0.653531,0.438310 0.655061,0.435713 0.657983,0.357982
1 0.672351,0.590761 0.665558,0.592025 0.653078,0.596659 0.648496,0.599187 0.637359,0.607402 0.635070,0.609376 0.626760,0.615070 0.600140,0.628154 0.579840,0.635106 0.559523,0.639847 0.548860,0.640268 0.509816,0.649015 0.470716,0.643854 0.447256,0.640378 0.403083,0.631525 0.371724,0.624468 0.353217,0.619193 0.343027,0.615296 0.324148,0.596232 0.314587,0.585695 0.311585,0.577058 0.310479,0.566631 0.311980,0.557889 0.308110,0.562520 0.304713,0.571262 0.301869,0.583164 0.301869,0.592643 0.300211,0.597594 0.299971,0.602025 0.300208,0.613084 0.303919,0.639098 0.305262,0.657012 0.302893,0.657539 0.302261,0.662279 0.303288,0.672601 0.306684,0.686082 0.311977,0.702102 0.317111,0.709264 0.323351,0.713688 0.333620,0.718954 0.348480,0.725490 0.371230,0.734021 0.389239,0.739920 0.418013,0.748664 0.474427,0.762466 0.513210,0.769844 0.534480,0.773008 0.542300,0.773429 0.554148,0.772587 0.567118,0.771743 0.578983,0.769656 0.611509,0.758682 0.624622,0.751941 0.631810,0.745305 0.636233,0.740250 0.647223,0.725706 0.650856,0.714541 0.653463,0.690842 0.658363,0.660284 0.661522,0.643748 0.666659,0.613933 0.671951,0.594237 0.673373,0.592762
10 0.612252,0.556161 0.621807,0.530113 0.650897,0.460180 0.654082,0.451593 0.654737,0.447368 0.654615,0.442626 0.653657,0.439795 0.655609,0.436528 0.655833,0.425556 0.664167,0.426667 0.667500,0.427778 0.667459,0.449138 0.667723,0.453299 0.668264,0.454858 0.668971,0.455947 0.670204,0.456781 0.671720,0.456527 0.673404,0.455084 0.674628,0.452069 0.677902,0.463145 0.684875,0.476808 0.684630,0.540692 0.678443,0.600695 0.674442,0.616379 0.677473,0.596814 0.678807,0.585092 0.680323,0.566651 0.680748,0.552341 0.679899,0.551533 0.678626,0.553635 0.677353,0.557515 0.675655,0.564872 0.672502,0.581365 0.672078,0.589207 0.657890,0.594381 0.648427,0.598913 0.638605,0.606431 0.635901,0.607919 0.638423,0.593981 0.640545,0.575629 0.641454,0.560181 0.641333,0.553794 0.640606,0.550561 0.639939,0.548863 0.636968,0.546680 0.635513,0.546195 0.632663,0.546114 0.622538,0.551692 0.614656,0.556624 0.612291,0.557028
49 0.667925,0.427183 0.667676,0.442935 0.667800,0.452055 0.668173,0.454211 0.668939,0.455585 0.670163,0.456118 0.672153,0.455703 0.673334,0.454377 0.674391,0.451890
7 0.708368,0.504061 0.705662,0.515915 0.700637,0.535190 0.699942,0.537973 0.706203,0.535912 0.710455,0.531995 0.712388,0.526635 0.713779,0.495608 0.713934,0.483342 0.713393,0.472308 0.711692,0.484575 0.707595,0.499830 0.708832,0.501170
12 0.656188,0.425153 0.667684,0.427424 0.668536,0.385410 0.668197,0.369969 0.668682,0.325789 0.671230,0.315434 0.674507,0.309771 0.680695,0.306130 0.684639,0.306292 0.688886,0.308477 0.692472,0.311791 0.690652,0.307503 0.685919,0.301598 0.680338,0.298200 0.672390,0.296016 0.652543,0.292041 0.608485,0.287751 0.559323,0.287103 0.542092,0.288479 0.520486,0.292039 0.499063,0.296167 0.487353,0.301344 0.474728,0.310003 0.467326,0.316799 0.453124,0.332658 0.441166,0.348197 0.420413,0.379429 0.408091,0.399093 0.407970,0.401601 0.409669,0.404513 0.412642,0.400387 0.422774,0.384288 0.444138,0.352727 0.470772,0.316564 0.472174,0.315995 0.477391,0.316400 0.526251,0.315507 0.565990,0.317206 0.599437,0.319230 0.646054,0.323924 0.656004,0.325380 0.658431,0.326836 0.659219,0.328616 0.659462,0.332337 0.657945,0.391086
61 0.541124,0.704005 0.548383,0.704099 0.563461,0.702237 0.598083,0.691440 0.625522,0.679710 0.630827,0.676732 0.632013,0.676267 0.632921,0.676732 0.632991,0.678221 0.631246,0.693113 0.627196,0.712291 0.624474,0.720761 0.622450,0.724577 0.619378,0.729044 0.614352,0.732395 0.600043,0.739003 0.576097,0.748125 0.559972,0.753244 0.550471,0.755573 0.537488,0.755573 0.526669,0.754550 0.531415,0.750920 0.536232,0.734539 0.539792,0.718158
8 0.708398,0.355689 0.711803,0.357706 0.715018,0.363759 0.716720,0.368803 0.717287,0.375864 0.717477,0.391752 0.712379,0.377151 0.708039,0.359366 0.707401,0.354515
33 0.308811,0.650531 0.314472,0.662944 0.314598,0.658918 0.311327,0.649021 0.308811,0.646841 0.308433,0.648183
71 0.323004,0.506397 0.318096,0.515519 0.316312,0.521666 0.313337,0.535150 0.312148,0.557557 0.310861,0.566317 0.311817,0.577213 0.314860,0.585559 0.323641,0.594833 0.338420,0.590892 0.336160,0.555188 0.331465,0.542553 0.323987,0.519247 0.323118,0.515422
30 0.408320,0.413335 0.415600,0.414162 0.432578,0.415829 0.440531,0.418342 0.462234,0.428616 0.464287,0.427577 0.441262,0.416265 0.430024,0.410236 0.411325,0.409956 0.407858,0.410657
23 0.519434,0.424106 0.526472,0.424386 0.531095,0.425507 0.543070,0.429569 0.554521,0.432791 0.572589,0.440495 0.586771,0.441335 0.613138,0.443576 0.612928,0.441195 0.603369,0.440635 0.577737,0.437413 0.538028,0.425367 0.531620,0.422285 0.526998,0.420885 0.519224,0.421025
