1 0.5332535885167463 0.6488038277511962 0.5461722488038276 0.6497607655502392 0.5210526315789473 0.7368421052631579 0.5275119617224879 0.7416267942583733 0.5239234449760765 0.7636363636363638 0.43421052631578944 0.7626794258373206 0.34736842105263155 0.7578947368421054 0.23253588516746407 0.7578947368421054 0.22105263157894733 0.7272727272727273 0.21961722488038274 0.7205741626794259 0.21746411483253586 0.6555023923444976 0.2318181818181818 0.6411483253588517 0.26052631578947366 0.6373205741626794 0.2827751196172249 0.6430622009569378 0.3035885167464114 0.6430622009569379 0.5038277511961722 0.647846889952153 0.5196172248803828 0.6497607655502392
1 0.24330143540669855 0.5933014354066986 0.24043062200956936 0.6019138755980862 0.28062200956937794 0.5971291866028708 0.34306220095693774 0.5971291866028708 0.3523923444976076 0.5980861244019139 0.3811004784688995 0.6 0.4665071770334927 0.6019138755980862 0.5239234449760765 0.6066985645933014 0.5318181818181817 0.6191387559808612 0.5332535885167463 0.6334928229665072 0.5224880382775119 0.6430622009569378 0.5174641148325358 0.645933014354067 0.5318181818181817 0.647846889952153 0.5368421052631578 0.6401913875598086 0.5318181818181817 0.6076555023923444 0.5232057416267942 0.600956937799043 0.5023923444976076 0.5961722488038278 0.2971291866028708 0.5904306220095694 0.2547846889952153 0.5885167464114832
1 0.27918660287081337 0.6 0.28277511961722485 0.6363636363636364 0.32870813397129184 0.6401913875598086 0.3502392344497608 0.6028708133971292 0.3595693779904306 0.600956937799043 0.36674641148325354 0.6210526315789474 0.36889952153110045 0.6382775119617224 0.4277511961722487 0.6401913875598086 0.44569377990430614 0.6057416267942584 0.43995215311004787 0.6028708133971292 0.42559808612440186 0.630622009569378 0.3732057416267942 0.631578947368421 0.36602870813397126 0.6057416267942584 0.35167464114832536 0.5952153110047846 0.3272727272727272 0.6296650717703349 0.3107655502392344 0.6334928229665072 0.2863636363636363 0.6287081339712919 0.28277511961722485 0.6114832535885167
4 0.6459330143540669 0.45358851674641154 0.6251196172248803 0.5291866028708134 0.6251196172248803 0.5770334928229665 0.6251196172248803 0.6124401913875598 0.6308612440191387 0.6296650717703349 0.6272727272727272 0.6583732057416269 0.631578947368421 0.7320574162679426 0.6344497607655502 0.7502392344497608 0.7105263157894736 0.754066985645933 0.7177033492822966 0.7368421052631579 0.7248803827751196 0.6842105263157895 0.7205741626794258 0.6602870813397129 0.721291866028708 0.6057416267942584 0.7098086124401913 0.5617224880382775 0.6954545454545453 0.48325358851674644 0.6839712918660287 0.44976076555023925
2 0.689712918660287 0.45167464114832534 0.7521531100478468 0.4593301435406698 0.7866028708133971 0.5732057416267943 0.7973684210526315 0.6047846889952153 0.7995215311004784 0.6392344497607656 0.7751196172248804 0.7205741626794259 0.767224880382775 0.7511961722488039 0.7148325358851673 0.75311004784689 0.7277511961722487 0.6918660287081341 0.7248803827751196 0.6746411483253588 0.7220095693779903 0.6449760765550239 0.7234449760765549 0.6066985645933014 0.7126794258373205 0.5617224880382775 0.6925837320574162 0.46698564593301434
6 0.5964114832535885 0.55311004784689 0.5921052631578947 0.5645933014354066 0.5354066985645932 0.5722488038277512 0.5016746411483253 0.5913875598086125 0.4227272727272727 0.5885167464114832 0.31507177033492817 0.5866028708133971 0.2519138755980861 0.583732057416268 0.24617224880382774 0.5904306220095694 0.273444976076555 0.569377990430622 0.3129186602870813 0.5550239234449761 0.3502392344497608 0.5444976076555024 0.36459330143540664 0.5435406698564593 0.41267942583732053 0.5406698564593302 0.5117224880382775 0.5425837320574163 0.5547846889952153 0.5473684210526316 0.5842105263157894 0.5502392344497608
7 0.48301435406698556 0.7779904306220096 0.48516746411483247 0.8258373205741627 0.4980861244019138 0.8593301435406698 0.520334928229665 0.8784688995215311 0.5770334928229665 0.8822966507177035 0.6035885167464115 0.8507177033492823 0.6215311004784688 0.8038277511961722 0.6165071770334928 0.7416267942583733 0.5849282296650717 0.6956937799043063 0.5691387559808612 0.6861244019138756 0.5547846889952153 0.6889952153110047 0.5440191387559808 0.7157894736842105 0.5282296650717703 0.7502392344497608 0.5160287081339713 0.7703349282296651 0.49090909090909085 0.7703349282296651
7 0.7578947368421052 0.8258373205741627 0.7643540669856459 0.8650717703349282 0.7815789473684209 0.8842105263157894 0.8153110047846889 0.8822966507177035 0.8346889952153108 0.8650717703349282 0.8433014354066983 0.8220095693779903 0.8433014354066983 0.7626794258373206 0.8346889952153108 0.7263157894736842 0.8167464114832534 0.7023923444976077 0.8023923444976075 0.7033492822966507 0.79377990430622 0.724401913875598 0.7844497607655502 0.7511961722488039 0.7844497607655502 0.7818181818181819 0.7758373205741625 0.8076555023923446
7 0.23325358851674635 0.7655502392344498 0.24043062200956936 0.8277511961722488 0.2784688995215311 0.8708133971291866 0.3294258373205741 0.8698564593301435 0.36674641148325354 0.8267942583732057 0.37177033492822964 0.784688995215311 0.3552631578947368 0.7626794258373206 0.3272727272727272 0.7607655502392344 0.26124401913875595 0.7626794258373206
8 0.8174641148325358 0.4717703349282296 0.8260765550239235 0.46794258373205744 0.8638090514024845 0.549913700013169 0.8705741626794257 0.5961722488038278 0.871291866028708 0.6200956937799043 0.871291866028708 0.6440191387559808 0.8763157894736842 0.6679425837320574 0.8684210526315789 0.6889952153110047 0.8555023923444974 0.6889952153110047 0.8555023923444974 0.6822966507177034 0.8468899521531099 0.647846889952153 0.8260765550239235 0.631578947368421 0.8045454545454543 0.631578947368421 0.7995215311004784 0.6602870813397129 0.7973684210526315 0.6 0.7901913875598087 0.5770334928229665 0.8404306220095692 0.5732057416267943 0.8476076555023923 0.5665071770334928 0.8454545454545453 0.5435406698564593
10 0.5461722488038276 0.648803827751196 0.5533492822966507 0.6334928229665072 0.5404306220095694 0.6392344497607656 0.5339712918660287 0.6019138755980862 0.5188995215311004 0.5923444976076555 0.50311004784689 0.5923444976076555 0.5476076555023923 0.5760765550239234 0.5913875598086124 0.5684210526315789 0.6 0.5569377990430622 0.608612277371869 0.5607655502392345 0.6147249453793329 0.5602763604598067 0.6165071770334928 0.554066985645933 0.6157894736842104 0.5636363636363636 0.6222488038277512 0.5913875598086125 0.6215311004784688 0.615311004784689 0.6265550239234449 0.6526315789473685 0.6251196172248803 0.6688995215311004 0.6093301435406698 0.6296650717703349 0.5949760765550238 0.615311004784689 0.5777511961722488 0.6105263157894737 0.5626794258373206 0.6191387559808612
29 0.6186602870813398 0.6411483253588517 0.6200956937799043 0.6507177033492824 0.6265550239234448 0.6449760765550239
12 0.44210526315789467 0.43732057416267944 0.42559808612440186 0.44976076555023925 0.49162679425837313 0.43923444976076553 0.5275119617224879 0.4440191387559808 0.6021531100478468 0.4430622009569378 0.6229665071770334 0.45167464114832534 0.6093299908973713 0.5483253588516747 0.6183788986583603 0.5539373683392945 0.6380382775119616 0.45167464114832534 0.6861244019138755 0.4449760765550239 0.7830143540669856 0.46124401913875596 0.8174641148325358 0.4688995215311004 0.8217703349282296 0.4631578947368421 0.7973684210526315 0.45358851674641154 0.7772727272727272 0.4478468899521531 0.6983253588516746 0.43732057416267944 0.6645933014354067 0.43349282296650715 0.5978468899521531 0.4277511961722488 0.5260765550239234 0.42488038277511964 0.4973684210526315 0.4277511961722488 0.47440191387559805 0.430622009569378
16 0.7277511961722487 0.37224880382775116 0.7004784688995216 0.4354066985645933 0.7069377990430621 0.4354066985645933
14 0.6229665071770334 0.4574162679425837 0.5978468899521531 0.5473684210526316 0.36172248803827745 0.538755980861244 0.4227272727272727 0.45645933014354073 0.4665071770334927 0.4478468899521531 0.5239234449760765 0.4478468899521531 0.5906698564593301 0.4478468899521531
17 0.5619533988162715 0.7642470020310839 0.5605785277507951 0.7719716752874021 0.5654813799295948 0.771233793393757
17 0.5493705019911106 0.7659421275896691 0.548019049166443 0.7717596474697181 0.5531802304809136 0.7724159860352964
17 0.542132101979021 0.7860668010677295 0.54079519003942 0.7908202657418666 0.5456972004846237 0.7908202657418666
17 0.550684196667884 0.80331363383152 0.5493006681172994 0.8058962204592776 0.5528978423488191 0.8066341023529227
17 0.5642427764636115 0.8029446928846976 0.5617524250725595 0.8066341023529228 0.5659030107243129 0.8066341023529228
17 0.8062927318482954 0.7740734830112579 0.8053477632323647 0.7778533574749816 0.8074266941874129 0.776845390951322
17 0.8042138008932477 0.7881850143424933 0.8027018511077582 0.7919648888062167 0.8053477632323649 0.7912089139134721
17 0.8051587695091785 0.8058244285065367 0.8038358134468752 0.8093523113393454 0.8062927318482954 0.8091003197084303
20 0.36674641148325354 0.5014354066985646 0.3681818181818181 0.5186602870813397 0.3559808612440191 0.538755980861244 0.34521531100478464 0.5406698564593302 0.34521531100478464 0.5062200956937799
21 0.6416267942583732 0.5157894736842106 0.6394736842105263 0.5483253588516747 0.6208133971291866 0.5674641148325358 0.6258373205741626 0.5741626794258373 0.6538277511961722 0.5598086124401912 0.6674641148325358 0.5578947368421052 0.6803122617619346 0.5530793898652887 0.6818181818181819 0.5062200956937799 0.6523326972683635 0.5035532706564034
22 0.4657894736842104 0.5272727272727273 0.4657894736842104 0.5349282296650718 0.5239234449760765 0.537799043062201 0.5461722488038276 0.5492822966507177 0.5404306220095693 0.5320574162679427 0.5174641148325358 0.5272727272727273
23 0.5425837320574162 0.5349282296650718 0.5447368421052632 0.5435406698564593 0.55622009569378 0.5464114832535886 0.55622009569378 0.5368421052631579
32 0.4722488038277512 0.6803827751196172 0.4657894736842105 0.6918660287081339 0.469377990430622 0.7033492822966507 0.4772727272727272 0.7023923444976077 0.48157894736842105 0.6909090909090909
33 0.23540669856459323 0.6775119617224881 0.22979172530256148 0.6829721362229104 0.22679425837320571 0.6966507177033493 0.23325358851674635 0.7023923444976076 0.24169615030068872 0.7002976164347475 0.2454545454545454 0.6870813397129186 0.24186602870813395 0.6784688995215311
35 0.6961722488038277 0.5961722488038278 0.7026315789473684 0.6038277511961723 0.7141148325358851 0.6019138755980863 0.7105263157894736 0.5942583732057416
35 0.7758373205741625 0.5980861244019139 0.7751196172248804 0.6066985645933014 0.7873205741626793 0.6076555023923444 0.7866028708133971 0.6000000000000001
47 0.8095693779904305 0.5894736842105263 0.8117224880382774 0.6191387559808612 0.8232057416267942 0.6239234449760765 0.8232057416267942 0.5875598086124402
39 0.350956937799043 0.6057416267942584 0.3330143540669856 0.6382775119617224 0.36531100478468903 0.6401913875598086 0.35813397129186597 0.6105263157894737
46 0.54688995215311 0.7320574162679426 0.5289473684210525 0.7607655502392346 0.525358851674641 0.7875598086124402 0.5337898150240946 0.8282593840462482 0.5612440191387559 0.8535885167464115 0.5880151953783959 0.8379090607081681 0.5971291866028706 0.8114832535885167 0.5976305957920962 0.7625483384675882 0.5899521531100479 0.7397129186602871 0.5702575288488599 0.7275260343371803
46 0.8181818181818181 0.7416267942583733 0.8073426005213429 0.7501589745186255 0.8055045165127531 0.7623130068132697 0.8031100478468898 0.7923444976076556 0.808978580536114 0.8457634374475262 0.8224880382775119 0.8545454545454545 0.8361665740788702 0.8277493975881367 0.8392234685073348 0.8016283630088639 0.8354066985645932 0.7751196172248804 0.8331084350303744 0.7551421966560945
51 0.6337320574162679 0.7655502392344498 0.6337320574162679 0.783732057416268 0.7779904306220096 0.7894736842105263 0.7758373205741625 0.7636363636363638 0.7421052631578946 0.7607655502392344 0.6531100478468899 0.7645933014354067
55 0.8633971291866028 0.7885167464114832 0.8633971291866028 0.8076555023923446 0.8490430622009568 0.8105263157894737 0.8433014354066983 0.7368421052631579 0.8318181818181817 0.7148325358851675 0.8138755980861244 0.6966507177033493 0.8002392344497606 0.6976076555023922 0.788755980861244 0.7263157894736842 0.7794258373205741 0.755980861244019 0.767224880382775 0.755980861244019 0.7916267942583731 0.6784688995215311 0.8066985645933014 0.6354066985645933 0.8253588516746411 0.6363636363636364 0.8440191387559808 0.6593301435406699 0.8526315789473684 0.6976076555023922 0.8633971291866028 0.7511961722488039
0 0.878468899521531 0.6870813397129186 0.8763157894736842 0.7272727272727273 0.8691387559808611 0.7511961722488039 0.8583732057416268 0.707177033492823 0.8562200956937798 0.692822966507177 0.871291866028708 0.6870813397129186
71 0.2763157894736842 0.600956937799043 0.2790092029111233 0.6077564881140347 0.28050959578830964 0.6370208040798305 0.25298248659435374 0.635766864153999 0.2319305955992501 0.6365019780915835 0.23081510695759666 0.6261698391642508 0.2354066985645933 0.6105263157894737 0.23843314640566293 0.6036778661547477 0.26339712918660285 0.6
70 0.4486454787789554 0.6041210426567021 0.4306596076213577 0.6388014916580188 0.48102004686263133 0.6406461963921314 0.5161616720474762 0.642490901126244 0.5313804861039051 0.6317916136683909 0.5230793148003985 0.6096551568590399 0.4763160497906442 0.6041210426567021
61 0.44183956999585455 0.6853708196004389 0.44549727986046245 0.7075418173333312 0.4624886751959928 0.7107700283638058 0.46256645903662874 0.6861663290445803
62 0.2464890573470813 0.68055366866109 0.24206176598521106 0.7049624157242279 0.2507023552881402 0.705544629817139 0.2557256276104326 0.6970281068143869 0.25527126236022163 0.6828176447022488
63 0.2825290794581589 0.6007992018207589 0.2868054404326926 0.6246126629338488 0.291584902698348 0.6279666715413261 0.3071810427231181 0.6313206801488036 0.3257957904946178 0.6283020724020739 0.34466208891167843 0.6001284000992634
63 0.36679854572102955 0.6001284000992634 0.3735904131511713 0.6299790767058125 0.42390054226333285 0.6293082749843172 0.43748427712361637 0.6028116069852454
64 0.7564593301435406 0.46124401913875596 0.8131578947368419 0.4717703349282296 0.8433014354066983 0.554066985645933 0.8418660287081339 0.569377990430622 0.7930622009569377 0.5712918660287082
65 0.7413875598086124 0.46411483253588515 0.7665071770334927 0.5636363636363636 0.7765550239234449 0.5645933014354066 0.7521531100478469 0.46411483253588515
57 0.553125 0.6447916666666668 0.5390625 0.6864583333333333 0.52578125 0.7333333333333333 0.53359375 0.7364583333333333 0.57265625 0.6479166666666667 0.58828125 0.640625 0.5859375 0.6708333333333333 0.59765625 0.7 0.62421875 0.7520833333333333 0.62421875 0.8125 0.62890625 0.8114583333333333 0.62109375 0.671875 0.6107715069284064 0.6354503464203234 0.59296875 0.61875 0.57421875 0.61875 0.56171875 0.6270833333333333
72 0.8706115126707294 0.5767745647159738 0.8719206879407172 0.6231567742812492 0.873603913287844 0.6331314430049644 0.8756611887121103 0.6358744769039859 0.8756611887121103 0.5999656694986115 0.873603913287844 0.5857517665673174
64 0.69453125 0.46145833333333336 0.715078363040287 0.5630737026733312 0.7641722060181144 0.5670193703685222 0.737734613040287 0.4652089681074323
68 0.6483686361883197 0.46005509104934394 0.6384664737663946 0.5018769043222965 0.6324314286158935 0.5222037406470295 0.6358574675583281 0.5504909450881847 0.6399630724784399 0.5460782714536105 0.6416617248123407 0.5140399398494764 0.6541394300290411 0.5012326224307879 0.6827183905109628 0.5070748240483376 0.6808526052288252 0.5532972087260312 0.6587342206549252 0.5615025533539738 0.7001139795518435 0.5608814567895073 0.6986457304087651 0.5366028169556332 0.6817709957573375 0.45802938786175046
