3 0.240905057675244 0.48092280390417036 0.23624667258207632 0.551907719609583 0.2635314995563443 0.5723158828748891 0.29414374445430347 0.6015971606033718 0.32076308784383323 0.6495119787045254 0.3427240461401952 0.7000887311446317 0.34405501330967175 0.7213842058562555 0.5184117125110914 0.7142857142857143 0.5190771960958297 0.6832298136645963 0.5157497781721385 0.5723158828748891 0.5157497781721385 0.45430346051464066 0.5110913930789708 0.26441881100266196 0.28682342502218283 0.2732919254658385 0.26086956521739135 0.3904170363797693 0.2475598935226265 0.44809228039041704
5 0.5204081632653061 0.7169476486246673 0.8105590062111802 0.7187222715173026 0.8158828748890862 0.6938775510204082 0.8331854480922805 0.5944986690328306 0.8331854480922805 0.5217391304347826 0.8305235137533274 0.4933451641526176 0.8192102928127774 0.45430346051464066 0.8085625554569654 0.4303460514640639 0.7533274179236913 0.36557231588287487 0.6994232475598936 0.3052351375332742 0.656832298136646 0.27506654835847383 0.6169032830523514 0.26796805678793256 0.5689884649511979 0.26619343389529726 0.5204081632653061 0.26441881100266196 0.5137533274179238 0.2706299911268855 0.5144188110026621 0.4489795918367347 0.5164152617568767 0.6583850931677019
6 0.851153504880213 0.4241348713398403 0.8611357586512867 0.4152617568766637 0.8571428571428572 0.4010647737355812 0.8331854480922805 0.388642413487134 0.8105590062111802 0.3797692990239574 0.8824312333629105 0.3877551020408163 0.9396628216503994 0.39751552795031053 0.9755989352262645 0.4055013309671695 0.9968944099378882 0.4152617568766637 1.0002218278615795 0.43123336291038156 0.9982253771073648 0.4409937888198758 0.9995563442768414 0.45164152617568765 0.9476486246672583 0.4472049689440994 0.8904170363797693 0.4472049689440994 0.8664596273291927 0.4365572315882875
7 0.30612244897959184 0.7284826974267969 0.3021295474711624 0.7914818101153505 0.28881987577639756 0.8305235137533274 0.2575421472937001 0.8695652173913043 0.21960958296362026 0.8873114463176575 0.17701863354037267 0.8917480035492457 0.145075421472937 0.873114463176575 0.11313220940550134 0.8385093167701864 0.09849157054126 0.7994676131322094 0.09183673469387756 0.7533274179236912 0.0971606033717835 0.7125110913930791 0.11446317657497783 0.6725820763087844 0.15039929015084297 0.6353149955634427 0.19032830523513755 0.6175687666370896 0.21694764862466726 0.6211180124223602 0.2502218278615794 0.6326530612244898 0.2834960070984916 0.6654835847382431 0.2968056787932565 0.7000887311446317 0.30013309671694766 0.7133984028393967
7 0.8664596273291927 0.7968056787932565 0.8777728482697428 0.834072759538598 0.8997338065661047 0.8606921029281278 0.9543034605146407 0.8766637089618456 0.9929015084294588 0.8802129547471162 0.9995563442768414 0.867790594498669 0.9982253771073648 0.6015971606033718 0.9676131322094057 0.5927240461401952 0.9396628216503994 0.5962732919254659 0.9097160603371784 0.6078083407275954 0.8937444543034606 0.6317657497781721 0.8751109139307897 0.6645962732919256 0.856477373558119 0.7204968944099379 0.853815439219166 0.7675244010647737
9 0.23624667258207632 0.5581188997338066 0.23824312333629105 0.4755989352262644 0.2448979591836735 0.4489795918367347 0.03859804791481811 0.4489795918367347 0.02262644188110027 0.4241348713398403 0.06588287488908608 0.28482697426796805 0.02062999112688554 0.28482697426796805 0.003992901508429459 0.3132209405501331 0.0013309671694764864 0.3203194321206744 0.0019964507542147296 0.5199645075421473 0.0 0.676131322094055 0.021295474711623782 0.7142857142857143 0.037267080745341616 0.7142857142857143 0.04392191659272405 0.653061224489796 0.07653061224489796 0.5785270629991127 0.11446317657497783 0.5590062111801242 0.16237799467613134 0.5448092280390417 0.20763087843833186 0.546583850931677
0 0.015306122448979593 0.7133984028393967 0.003992901508429459 0.7116237799467613 0.0013309671694764864 0.6850044365572316
58 0.8112244897959183 0.7258207630878438 0.818544809228039 0.7959183673469387 0.8371783496007099 0.8127772848269743 0.8425022182786159 0.8127772848269743 0.8478260869565218 0.7524401064773736 0.8544809228039043 0.7204968944099379 0.8830967169476487 0.6406388642413487 0.9090505767524403 0.6033717834960071 0.9476486246672583 0.5732031943212067 0.9929015084294588 0.5643300798580302 1.0002218278615795 0.5643300798580302 0.9995563442768414 0.5252883762200532 0.9622892635314997 0.5261756876663709 0.9196983141082521 0.5448092280390417 0.8824312333629105 0.5794143744454303 0.8571428571428572 0.6264418811002662 0.8212067435669921 0.696539485359361
12 0.813220940550133 0.4365572315882875 0.8218722271517304 0.41881100266193433 0.6774622892635316 0.27151730257320317 0.6827861579414375 0.2626441881100266 0.6495119787045254 0.2466725820763088 0.6195652173913044 0.24312333629103816 0.5177462289263532 0.23868677905944988 0.4618456078083408 0.2422360248447205 0.2981366459627329 0.2466725820763088 0.057231588287488915 0.2626441881100266 0.026619343389529728 0.26353149955634425 0.0013309671694764864 0.26796805678793256 0.0013309671694764864 0.31410825199645076 0.02329192546583851 0.2821650399290151 0.07653061224489796 0.2821650399290151 0.2981366459627329 0.26796805678793256 0.5150842945874002 0.26619343389529726 0.659494232475599 0.2741792369121562 0.78793256433008 0.4010647737355812
14 0.8192102928127774 0.40816326530612246 0.8192102928127774 0.38686779059449866 0.684117125110914 0.2670807453416149 0.681455190771961 0.27151730257320317
16 0.1384205856255546 0.20940550133096716 0.17169476486246674 0.24933451641526175 0.17968056787932565 0.24933451641526175
17 0.1980271153311553 0.731765949773239 0.197361631746417 0.742413687129051 0.2060129183480142 0.742413687129051 0.20534743476327594 0.7326532612195568
17 0.17652534333461692 0.7371636096151974 0.17652534333461692 0.747830013177243 0.1895250226758598 0.7484966633998709 0.1880250596749472 0.7371636096151974
17 0.2065246033528699 0.7738293718597288 0.2065246033528699 0.78582907586703 0.2140244183574331 0.7844957754217744 0.2140244183574331 0.7751626723049846
17 0.2110244923556078 0.7504966140677545 0.2110244923556078 0.7618296678524277 0.21952428269411275 0.7618296678524277 0.21952428269411275 0.7511632642903823
17 0.939506523132182 0.7318304078341749 0.9400065107991528 0.7424968113962203 0.947506325803716 0.743163461618848 0.9470063381367452 0.7364969593925698
17 0.9795055364898524 0.7158308024911068 0.9780055734889396 0.7264972060531523 0.9855053884935029 0.7291638069436636 0.9870053514944155 0.7204973540495015
17 0.9540061654743375 0.713830851823223 0.9565061038091918 0.7231639549400128 0.9655058818146677 0.7251639056078963 0.9625059558128425 0.7098309504874559
17 0.947006338136745 0.7631629682976832 0.947006338136745 0.7711627709692175 0.9575060791431333 0.7691628203013339 0.9575060791431333 0.7598297171845441
21 0.7295117030044115 0.35650633249469993 0.7463228541656484 0.356523651165964 0.7633177464990172 0.3851546755729046 0.7636148627839764 0.4280369972563427 0.7440113453465673 0.44983736366259774 0.700326855886998 0.4357277460640929 0.6945125663164498 0.42050475386697284 0.6970125046513044 0.36383948494360624
28 0.24002377703991887 0.7518299145130101 0.2360238757041518 0.7584964167392886 0.24252371537477335 0.7644962687429393 0.2455236413765986 0.7564964660714051
29 0.8478260869565218 0.5661047027506655 0.8491570541259983 0.5767524401064774 0.867790594498669 0.5767524401064774 0.8751109139307897 0.5714285714285714 0.8651286601597161 0.5643300798580302
30 0.8212067435669921 0.38686779059449866 0.8192102928127774 0.4125998225377107 0.8271960958296363 0.40638864241348716
31 0.8212067435669921 0.4134871339840284 0.8271960958296363 0.419698314108252 0.829192546583851 0.40638864241348716
46 0.9214729370008873 0.696539485359361 0.9005645120687753 0.7409073055924948 0.9049022011394707 0.784168188296157 0.9168145519077197 0.8047914818101154 0.9532493473972896 0.8356504406445369 0.9782961684856495 0.835221400234465 0.999335149067918 0.8316381640520457 1.0 0.7968056787932564 0.9986690328305236 0.676131322094055 0.9567435669920142 0.6770186335403726
46 0.16104702750665484 0.6974267968056788 0.1314958381349664 0.7297636837690805 0.12976929902395742 0.769299023957409 0.14527415325890097 0.823134555544641 0.1776841171251109 0.8464951197870453 0.21417226954593555 0.8449350758460319 0.23587926129149678 0.8254752129365156 0.24971274592884446 0.788755974819518 0.24658488237472886 0.7508141077334795 0.23158828748890856 0.715173025732032 0.19354193215942675 0.6951218538373987
52 0.3181011535048802 0.7204968944099379 0.31677018633540377 0.774622892635315 0.3673469387755102 0.7808340727595386 0.4731588287488909 0.7781721384205856 0.7792812777284827 0.7817213842058562 0.8012422360248448 0.7737355811889973 0.8059006211180126 0.7595385980479148 0.8032386867790595 0.7222715173025732 0.5177462289263532 0.7178349600709849 0.34006211180124235 0.7187222715173026
35 0.2841614906832298 0.49157054125998223 0.27883762200532386 0.5146406388642413 0.3234250221827862 0.5137533274179237 0.3207630878438333 0.4915705412599822
35 0.5490239574090506 0.49157054125998223 0.5483584738243124 0.5137533274179238 0.5909494232475598 0.5128660159716061 0.5889529724933452 0.4915705412599823
56 0.31410825199645076 0.7142857142857143 0.339396628216504 0.7142857142857143 0.3407275953859805 0.7000887311446317 0.2974711623779947 0.614019520851819 0.2628660159716061 0.5767524401064774 0.24356699201419701 0.5625554569653949 0.20962732919254662 0.5510204081632653 0.1863354037267081 0.5483584738243124 0.15971606033717836 0.5483584738243124 0.08984028393966283 0.5758651286601597 0.07719609582963621 0.5838509316770186 0.04724933451641527 0.6574977817213842 0.044587400177462294 0.6929902395740907 0.04192546583850932 0.7613132209405501 0.04525288376220054 0.7914818101153505 0.05057675244010648 0.7968056787932565 0.08518189884649513 0.7755102040816326 0.08917480035492459 0.7613132209405501 0.09050576752440108 0.7107364685004437 0.09516415261756878 0.639751552795031 0.11180124223602488 0.6069210292812778 0.12111801242236025 0.5944986690328306 0.14906832298136646 0.5838509316770186 0.1850044365572316 0.5838509316770186 0.2202750665483585 0.5891748003549245 0.24889086069210292 0.6042590949423248 0.26752440106477376 0.6228926353149956 0.30079858030168594 0.6779059449866903
11 0.8145519077196096 0.7080745341614907 0.8691215616681456 0.5998225377107365 0.9077196095829637 0.5510204081632653 0.9423247559893524 0.5288376220053239 0.9995563442768414 0.5226264418811003 0.9982253771073648 0.4551907719609583 0.8884205856255547 0.45075421472937 0.8491570541259983 0.4259094942324756 0.8238686779059451 0.4205856255545697 0.8145519077196096 0.43744454303460517 0.8298580301685893 0.4800354924578527 0.8358473824312334 0.5483584738243124 0.8305235137533274 0.6175687666370896
66 0.33141082519964515 0.28837622005323876 0.3267524401064773 0.4454303460514641 0.4955534729768802 0.4402460544550013 0.49046140195208515 0.2857142857142857
67 0.2974711623779947 0.292812777284827 0.26619343389529726 0.44365572315882873 0.32142857142857145 0.4445430346051464 0.3215238260731013 0.34196590576486874 0.32275953859804796 0.2910381543921917
66 0.06787932564330082 0.2866015971606033 0.025953859804791465 0.42502218278615794 0.03992901508429459 0.4534161490683229 0.24577944400698526 0.4505477858000203 0.2828305235137534 0.2759538598047915
69 0.5157497781721385 0.2679680567879326 0.5250665483584739 0.4338952972493345 0.6967613132209407 0.43744454303460517 0.6933008139188847 0.36446566270359443 0.7382361578108572 0.3568457977764376 0.7159440588003428 0.3368688042470295 0.6601597160603373 0.2795031055900621
