0 0.3846495119787045 0.5581188997338066 0.4002603404102258 0.6285381820085904 0.41508136807556556 0.6521640785753179 0.43306159880563166 0.6484913748619728 0.4473292861255427 0.6388057111120184 0.4670263612147707 0.6323615806610179 0.5504626640008446 0.628480822391898 0.793010055820827 0.6207193058536586 0.8061076149791062 0.6000219284183534 0.8192051741373853 0.5211131769462525 0.8138691315173454 0.5088241090940401 0.7813677810134679 0.5088241090940401 0.7867038236335074 0.5198195908565459 0.7736062644752285 0.5372830030675847 0.7571130418314695 0.5456913126506774 0.7377092504858712 0.5508656570095036 0.47187730905117037 0.565095103996276 0.4437418116000524 0.5450445196058241 0.4388908637636527 0.5295214865293453 0.4272485889562937 0.5269343143499321 0.4044491341252152 0.5340490378433183 0.39523233323605594 0.537929796112438 0.38359005842869676 0.5495720709197971
2 0.39426214366877604 0.3102586443240812 0.36806702535221786 0.4337961158910588 0.3622458879485383 0.49588824819697436 0.36952230970313776 0.47842483598593566 0.37164490911791725 0.4668684613943563 0.3753434471068174 0.4467319767881246 0.379709300159577 0.41503911759031353 0.3903813853996563 0.3464790548358652 0.40881498717797493 0.2837401294850964
4 0.3607906035976185 0.47066331944769607 0.35545456097757877 0.5159388325874261 0.35157380270845906 0.5508656570095036 0.35545456097757877 0.614898168449979 0.3646713618667381 0.6459442346029367 0.36418626708309815 0.6724627494419215 0.3535141818430189 0.6769903007558945 0.35157380270845906 0.6090770310462994 0.3481781392229793 0.563154724861716 0.3506036131411791 0.5120580743183065 0.3564247505448587 0.45255311419180416 0.38504534277961655 0.3419515035218922 0.3651564566503781 0.4389704602498852
7 0.532514157006166 0.6459442346029368 0.5363949152752857 0.6724627494419215 0.573262118831923 0.6634076468139756 0.6300182085177989 0.6608204746345624 0.6664003172907962 0.6647012329036819 0.6824084451509151 0.6640544398588288 0.6799829712327152 0.6336551667507244 0.6377797250560383 0.6297744084816046 0.6101293223885603 0.630421201526458 0.5611347492409239 0.6381827180646973 0.5397905787607654 0.6427102693786704
7 0.3675819305685779 0.7112703321331189 0.3709775940540576 0.7778900157530072 0.37776892102501725 0.8121700471302314 0.3874708166978165 0.8218719428030308 0.42967406287449345 0.8134636332199381 0.4340399159272532 0.7882387044706598 0.4388908637636527 0.7138575043125318 0.41415102979801455 0.7112703321331189 0.3831049636450568 0.7099767460434123 0.37340306797225753 0.6718159563970684 0.3709775940540576 0.6504717859169099
7 0.7260669756785119 0.6957472990566399 0.7357688713513112 0.7436099843757831 0.7590534209660295 0.720972227805918 0.7813677810134679 0.7267933652095977 0.8085330888973058 0.7332612956581305 0.8133840367337056 0.693160126877227 0.7852485392825876 0.6879857825184004 0.7629341792351493 0.6899261616529604 0.7425601983222707 0.6899261616529604
7 0.32634887395918094 0.6899261616529604 0.33022963222830065 0.7623669826765284 0.3370209591992601 0.7966470140537525 0.3476930444393394 0.8108764610405248 0.3719477836213376 0.8082892888611116 0.3651564566503781 0.7177382625816516 0.34672285487205945 0.7177382625816516 0.3404166226847398 0.7125639182228253 0.33119982179558055 0.6433570624235236 0.32634887395918094 0.6588800955000026 0.32489358960826104 0.6769903007558946
7 0.6348691563541985 0.7306741234787172 0.6450561468106379 0.775302843573594 0.6644599381562364 0.7649541548559413 0.6901699616891546 0.7643073618110883 0.7052078999819935 0.7604266035419684 0.7056929947656334 0.718385055626505 0.6761022129635955 0.7177382625816516 0.6455412415942777 0.7216190208507713
8 0.4000832810724557 0.5275811073947854 0.4379206741963728 0.5237003491256657 0.4350101054945331 0.46872294031313644 0.4107553663125348 0.4706633194476961 0.39426214366877604 0.47001652640284275 0.39426214366877604 0.43961725329473844 0.3986279967215357 0.39498853319986166 0.38650062713053657 0.4098647732314873 0.37291797318861764 0.4900671107932948 0.3792242053759371 0.5224067630359591 0.3806794897268569 0.5366362100227314 0.3816496792941369 0.546984898740384
9 0.7823379705807478 0.44996594201239104 0.7808826862298281 0.5042965577800671 0.8124138471664256 0.5068837299594803 0.8104734680318658 0.44737876983297786
10 0.35205889749209907 0.4674293542234298 0.33896133833382003 0.5017093856006539 0.3350805800647002 0.5314618656639051 0.34575266530477955 0.5547464152786235 0.3409017174683799 0.5909668257904075 0.34672285487205945 0.6155449614948324 0.34866323400661925 0.625893650212485 0.34817813922297935 0.5217599699911059
12 0.40202366020701547 0.37105719054029007 0.43355482114361316 0.35941491573293094 0.448592759436452 0.257868407690965 0.45101823335465185 0.23975820243507293 0.4709071194838904 0.23393706503139333 0.7187905539239123 0.2261755484931539 0.7425601983222707 0.26110237291523136 0.7711807905570286 0.34259829656674545 0.7959206245226669 0.35035981310498493 0.7459558618077505 0.2365242372108065 0.7202458382748321 0.20159741278872903 0.628077829383239 0.19771665451960935 0.5790832562356025 0.1983634475644626 0.46654126643113075 0.20935892932696845 0.4330697263599732 0.24493254679389925 0.4340399159272532 0.2520472702872854 0.4146361245816545 0.3128458165034943 0.4039640393415753 0.35941491573293094
13 0.43112934722541335 0.40016287755868796 0.4413163376818526 0.5346958308881715 0.46654126643113075 0.5586271735477432 0.4781835412384899 0.5625079318168629 0.7498366200768704 0.5456913126506774 0.7833081601480277 0.5198195908565459 0.7784572123116281 0.4965350412418277 0.7770019279607081 0.38140587925794267 0.6319585876523588 0.38463984448220906 0.4388908637636527 0.3969289123344215
15 0.45150332813829186 0.24169858156963278 0.43355482114361316 0.3658828461814638 0.4330697263599732 0.395635326244715 0.7755466436097883 0.3788187070785295 0.7687553166388288 0.3438918826564521 0.7406198191877108 0.26239595900493795 0.7187905539239123 0.22940951371742035 0.5228122613333667 0.23393706503139333 0.4709071194838904 0.23523065112109992 0.4592648446765313 0.2391114093902197
16 0.5844447905865224 0.09755270541859992 0.5756875927501228 0.19577627538504946 0.5805385405865224 0.192542310160783
29 0.3370209591992601 0.55604000136833 0.33314020093014046 0.5625079318168629 0.3365358644156202 0.5663886900859826 0.3404166226847398 0.5612143457271562 0.34235700181929973 0.5573335874580365
36 0.45390625 0.5833333333333335 0.4484375 0.6197916666666665 0.5101562499999999 0.6166666666666667 0.50703125 0.5833333333333335
37 0.7359375 0.571875 0.73515625 0.596875 0.78359375 0.596875 0.78046875 0.5697916666666667
38 0.54375 0.42291666666666655 0.54375 0.43854166666666655 0.67421875 0.43125 0.675 0.4156250000000001
39 0.6109374999999999 0.39062500000000017 0.60234375 0.415625 0.61796875 0.4177083333333334
40 0.30859375 0.4083333333333334 0.3140625 0.45 0.3484375 0.4666666666666666 0.3546875 0.44583333333333336 0.3546875 0.41666666666666674 0.34375 0.4 0.31875 0.39791666666666664
46 0.37265625 0.7083333333333333 0.37578124999999996 0.765625 0.37890625 0.7906249999999999 0.38046875 0.7239583333333333
46 0.33515624999999993 0.6802083333333333 0.3324050591037405 0.7190918313338038 0.33359375 0.7354166666666667 0.33906249999999993 0.7822916666666664 0.34062499999999996 0.7468749999999998 0.34140625 0.7104166666666667
55 0.384375 0.7010416666666667 0.43671875 0.70625 0.4328125 0.6552083333333333 0.4109375 0.6520833333333332 0.3875 0.5916666666666667 0.37421875 0.5166666666666667 0.37109375 0.48541666666666666 0.35859375 0.5125 0.36484375 0.55 0.3734375 0.64375 0.378125 0.6760416666666668
57 0.328125 0.6427083333333333 0.3203125 0.6270833333333333 0.325 0.5458333333333333 0.334375 0.5375 0.34375 0.5541666666666667 0.33671875 0.584375 0.34609375 0.6302083333333334 0.35 0.6708333333333333 0.34375 0.6875 0.334375 0.65625
56 0.765625 0.63125 0.7671875 0.6875 0.8234375 0.6802083333333333 0.8234375 0.5833333333333334 0.8171875 0.5479166666666667 0.803125 0.6125 0.7875 0.6270833333333333
59 0.5421875 0.45208333333333334 0.5445312499999999 0.49270833333333336 0.67734375 0.47916666666666674 0.6734375 0.44375000000000014
64 0.4109375 0.278125 0.3796875 0.3989583333333333 0.3800542481662592 0.4175733496332519 0.3953125 0.4020833333333333 0.4328125 0.25312500000000004
73 0.7953125 0.35416666666666674 0.8078125 0.409375 0.80859375 0.42708333333333326 0.81171875 0.43854166666666666 0.78359375 0.44270833333333326 0.778125 0.38020833333333326 0.771875 0.346875 0.78671875 0.35104166666666664
72 0.4328125 0.46354166666666674 0.4296875 0.39791666666666664 0.43046875 0.36354166666666665 0.4046875 0.3729166666666666 0.4015625 0.40208333333333335 0.3984375 0.44166666666666665 0.396875 0.46458333333333335
