1 0.36100478468899516 0.415311004784689 0.35167464114832536 0.4287081339712919 0.36315789473684207 0.48229665071770333 0.4227272727272727 0.6832535885167466 0.42344497607655496 0.7119617224880382 0.5023923444976076 0.8114832535885167 0.6990430622009569 0.7818181818181819 0.7751196172248804 0.7444976076555023 0.9997607655502391 0.6229665071770335 0.9983253588516745 0.4354066985645933 0.9782296650717703 0.4325358851674641 1.0 0.3734692936597294 0.9976076555023923 0.27177033492822966 0.968181818181818 0.2822966507177033 0.9516746411483252 0.3712918660287081 0.9229665071770334 0.42392344497607654 0.7866028708133971 0.4688995215311004 0.7363636363636362 0.3799043062200957 0.7148325358851673 0.3540669856459331 0.7098086124401913 0.3751196172248804 0.7700956937799043 0.5215311004784688 0.7162679425837319 0.5196172248803828 0.5533492822966507 0.5444976076555024 0.4327751196172248 0.5062200956937799 0.397553516211776 0.4423366072631716 0.383074701843042 0.3967745248634536 0.394747887244418 0.348603039311821 0.42430539825357344 0.3578234053367024 0.47301293074324 0.37840891908105584 0.7056218024893495 0.35221878058229916 0.9952910895304208 0.2733928144558027 0.9984534593489659 0.24352013054189758 0.7118699423571574 0.3190117140627901 0.48295942979855544 0.3462561491195642 0.40813097894774464 0.31869274204410253 0.3950352036981362 0.3099190381647427 0.3698712790398496 0.37476592258938046 0.37966507177033487 0.4287081339712919
7 0.4198564593301435 0.7196172248803827 0.36100478468899516 0.7291866028708134 0.34665071770334926 0.7052631578947368 0.2935406698564593 0.35119617224880384 0.3681818181818181 0.6066985645933014 0.4098086124401913 0.6813397129186601 0.4169856459330143 0.7014354066985646
58 0.4184210526315789 0.6832535885167466 0.37392344497607655 0.6095693779904306 0.30358851674641146 0.3703349282296651 0.2511961722488038 0.2095693779904306 0.292822966507177 0.3770334928229665 0.3007177033492823 0.4382775119617225 0.26124401913875595 0.337799043062201 0.24114832535885164 0.22392344497607655 0.23971291866028704 0.15598086124401914 0.24976076555023924 0.1320574162679426 0.2677033492822966 0.13110047846889952 0.29856459330143537 0.19234449760765548 0.35454545454545455 0.38564593301435407 0.3595693779904306 0.4105263157894737 0.34808612440191383 0.42488038277511964 0.35454545454545455 0.46602870813397135 0.39186602870813386 0.5913875598086125 0.40622009569377987 0.6401913875598086
6 0.5011961722488038 0.33492822966507174 0.5161735122472669 0.34027973699902453 0.6915007225514532 0.32067713600262865 0.8319307606827774 0.2834343508377443 0.9102870813397129 0.26507177033492824 0.9964114832535884 0.23157894736842102 1.0 -6.106226635438361e-18 0.3188995215311004 -6.106226635438361e-18 0.4940191387559807 0.31100478468899523
11 0.48803827751196166 0.32344497607655504 0.49019138755980857 0.3397129186602871 0.40478468899521525 0.30813397129186604 0.3760765550239234 0.3464114832535885 0.36674641148325354 0.37224880382775116 0.3732057416267942 0.41148325358851673 0.3732057416267942 0.42105263157894735 0.3624401913875598 0.40574162679425835 0.2935406698564593 0.1751196172248804 0.2720095693779904 0.12822966507177033 0.2547846889952153 0.12248803827751197 0.24401913875598083 0.13779904306220095 0.2354066985645933 0.16555023923444975 0.23325358851674635 0.1368421052631579 0.2303827751196172 0.019138755980861243 0.2511961722488038 0.0028708133971291866 0.3143540669856459 -0.0009569377990430622 0.44425837320574163 0.23157894736842105 0.4779904306220095 0.3004784688995215
71 0.7004784688995216 0.36076555023923446 0.7564593301435406 0.507177033492823 0.5813397129186603 0.5349282296650718 0.5282296650717703 0.5330143540669856 0.4385167464114832 0.5043062200956938 0.40478468899521525 0.44976076555023925 0.38612440191387554 0.40095693779904307 0.39688995215311 0.3665071770334929 0.41267942583732053 0.3569377990430623 0.48157894736842105 0.3827751196172249 0.5425837320574162 0.38564593301435407 0.612200956937799 0.37320574162679426 0.6789473684210524 0.3665071770334929
52 0.18301435406698563 0.08899521531100478 0.20885167464114832 0.16746411483253587 0.254066985645933 0.33205741626794266 0.2354066985645933 0.20382775119617225 0.23253588516746407 0.17033492822966503 0.208133971291866 0.10717703349282298 0.20382775119617222 0.08325358851674641 0.1894736842105263 0.03827751196172249 0.17799043062200956 0.03253588516746411 0.17942583732057416 0.06411483253588517
5 0.17440191387559806 0.003827751196172249 0.22679425837320571 0.14354066985645933 0.2282296650717703 0.026794258373205745 0.24330143540669855 0.0019138755980861245
29 0.23110047846889947 0.11100478468899524 0.2303827751196172 0.13110047846889955 0.24043062200956936 0.14354066985645936 0.2418660287081339 0.12727272727272723
60 0.8734449760765548 0.6239234449760765 0.8267942583732056 0.6468899521531101 0.8066985645933014 0.6727272727272728 0.8339712918660286 0.6574162679425839 0.8755980861244018 0.6401913875598086
62 0.6244019138755981 0.6851674641148325 0.6236842105263156 0.7138755980861246 0.6925837320574163 0.7014354066985645 0.6976076555023922 0.6708133971291866 0.6466507177033491 0.6679425837320575
33 0.5877990430622009 0.6736842105263158 0.5688487354464881 0.685527765392283 0.5612440191387559 0.7043062200956938 0.5684210526315789 0.7272727272727273 0.5949760765550238 0.7263157894736842 0.605023923444976 0.7090909090909092 0.6107655502392344 0.6775119617224881
45 0.6502392344497607 0.554066985645933 0.6315789473684211 0.584688995215311 0.6452153110047848 0.6210526315789475 0.6760765550239234 0.6210526315789473 0.6829865874244683 0.5904563659165383 0.682535885167464 0.5598086124401915
63 0.7241626794258373 0.35119617224880384 0.7880382775119616 0.46124401913875596 0.860863557116327 0.4439230178274599 0.9244019138755981 0.4162679425837321 0.9530510585305106 0.3590614144327196 0.9610047846889951 0.2861244019138756
59 0.8935406698564593 0.6124401913875599 0.8648325358851675 0.672727272727273 0.9997607655502391 0.5952153110047846 0.999043062200957 0.5511961722488038 0.9103069516198233 0.5921810680438434
39 0.9983253588516745 0.38468899521531097 0.9818181818181817 0.4287081339712919 0.9983253588516745 0.430622009569378
