0 0.17169476486246674 0.5820763087843833 0.169698314108252 0.6007098491570542 0.15173025732031944 0.6184560780834073 0.15971606033717836 0.6690328305235137 0.1663708961845608 0.7249334516415263 0.18234250221827863 0.7879325643300799 0.20430346051464066 0.805678793256433 0.2542147293700089 0.8181011535048802 0.5962732919254659 0.8127772848269743 0.790594498669033 0.8074534161490683 0.8910825199645076 0.7985803016858918 0.927684117125111 0.7737355811889973 0.93566992014197 0.7524401064773736 0.9549689440993789 0.614019520851819 0.9529724933451642 0.5936113575865128 0.9363354037267082 0.5714285714285714 0.9343389529724935 0.5536823425022183 0.8857586512866017 0.5590062111801242 0.883762200532387 0.5980479148181012 0.8438331854480924 0.6406388642413487 0.8172138420585626 0.653061224489796 0.6508429458740018 0.6548358473824313 0.34871339840283944 0.6645962732919256 0.2788376220053239 0.6645962732919256 0.22892635314995566 0.6317657497781721 0.21694764862466726 0.580301685891748
7 0.3959627329192547 0.8216503992901508 0.4299023957409051 0.8482697426796806 0.5217391304347827 0.873114463176575 0.6015971606033719 0.8660159716060337 0.6907719609582963 0.834072759538598 0.7047471162377995 0.8172138420585625 0.6974267968056789 0.8127772848269743 0.6082519964507542 0.8145519077196096 0.48913043478260876 0.8181011535048802 0.40594498669032836 0.8181011535048802
7 0.2342502218278616 0.85980479148181 0.2448979591836735 0.9086069210292813 0.25820763087843834 0.9236912156166813 0.2981366459627329 0.9263531499556344 0.3320763087843834 0.9139307897071872 0.3527062999112689 0.8766637089618456 0.361357586512866 0.8198757763975155 0.3114463176574978 0.8234250221827861 0.3107808340727596 0.8456078083407276 0.2768411712511092 0.8553682342502218
7 0.730700976042591 0.8127772848269743 0.7426796805678794 0.8669032830523514 0.7679680567879327 0.906832298136646 0.7945874001774623 0.9157054125998225 0.8351818988464952 0.9121561668145519 0.853815439219166 0.8997338065661047 0.864463176574978 0.8740017746228926 0.853815439219166 0.8482697426796806 0.8225377107364686 0.84472049689441 0.8059006211180126 0.8278615794143743 0.8032386867790595 0.8127772848269743 0.7759538598047917 0.8101153504880213 0.7480035492457854 0.811002661934339
9 0.8877551020408164 0.45785270629991126 0.8857586512866017 0.5581188997338066 0.9363354037267082 0.554569653948536 0.9336734693877553 0.4551907719609583
8 0.21029281277728484 0.48269742679680566 0.21761313220940554 0.5785270629991127 0.17036379769299026 0.5767524401064774 0.16503992901508432 0.4862466725820763 0.19831410825199647 0.48269742679680566
12 0.8611357586512867 0.25998225377107365 0.8997338065661047 0.27506654835847383 0.8385093167701865 0.160603371783496 0.8005767524401065 0.10115350488021296 0.7867346938775512 0.039396628216504 0.7633096716947649 0.001774622892635315 0.7173913043478263 0.0 0.41193433895297255 0.0008873114463176575 0.35004436557231594 0.015084294587400177 0.30878438331854485 0.0292812777284827 0.2914818101153505 0.06921029281277728 0.27950310559006214 0.12156166814551908 0.28149955634427687 0.13220940550133098 0.2448979591836735 0.18544809228039041 0.2142857142857143 0.2484472049689441 0.19165927240461403 0.3034605146406389 0.22892635314995566 0.28482697426796805 0.26619343389529726 0.18456078083407276 0.290150842945874 0.13309671694764863 0.30878438331854485 0.11002661934338953 0.3799911268855369 0.09050576752440107 0.5157497781721385 0.07808340727595386 0.5796362023070099 0.07542147293700088 0.6734693877551021 0.07542147293700088 0.7293700088731145 0.07542147293700088 0.7613132209405502 0.09050576752440107 0.7972493345164153 0.12777284826974267 0.831854480922804 0.19165927240461403
13 0.2202750665483585 0.580301685891748 0.23025732031943213 0.6264418811002662 0.27950310559006214 0.6619343389529725 0.5450310559006212 0.6539485359361136 0.8145519077196096 0.6495119787045254 0.840505767524401 0.6406388642413487 0.8797692990239575 0.6051464063886424 0.8824312333629105 0.5749778172138421 0.8850931677018634 0.4472049689440994 0.8777728482697428 0.323868677905945 0.8012422360248448 0.321206743566992 0.5210736468500444 0.3300798580301686 0.3047914818101154 0.33895297249334516 0.2202750665483585 0.35226264418811004 0.2142857142857143 0.3629103815439219 0.2142857142857143 0.44809228039041704 0.21561668145519083 0.5368234250221828
15 0.30878438331854485 0.11446317657497782 0.2821650399290151 0.15794143744454303 0.23691215616681457 0.26974267968056787 0.22759538598047918 0.3025732031943212 0.21827861579414376 0.34782608695652173 0.2448979591836735 0.3442768411712511 0.48114463176574984 0.32741792369121564 0.5869565217391305 0.323868677905945 0.7759538598047917 0.3167701863354037 0.873114463176575 0.31765749778172137 0.8504880212954748 0.2422360248447205 0.7945874001774623 0.1313220940550133 0.7626441881100267 0.0940550133096717 0.7293700088731145 0.07897071872227152 0.5663265306122449 0.07897071872227152 0.4731588287488909 0.08606921029281278 0.36934338952972495 0.09760425909494233 0.32142857142857145 0.11002661934338953
36 0.21495119787045255 0.7293700088731144 0.21295474711623785 0.7834960070984915 0.3194321206743568 0.7834960070984917 0.3207630878438333 0.7284826974267967
37 0.7959183673469389 0.7151730257320318 0.7959183673469389 0.7737355811889973 0.9077196095829637 0.7684117125110914 0.9050576752440107 0.712511091393079
38 0.4152617568766637 0.4010647737355812 0.413265306122449 0.4241348713398404 0.6728039041703638 0.4143744454303462 0.6714729370008874 0.39485359361135763
39 0.5410381543921917 0.3460514640638864 0.5290594498669032 0.3815439219165927 0.561002661934339 0.37888198757763975
59 0.4132653061224491 0.4507542147293699 0.4125998225377108 0.5368234250221828 0.6881100266193435 0.5297249334516415 0.6801242236024847 0.44099378881987567
73 0.8890860692102929 0.45075421472937 0.9330079858030169 0.45252883762200535 0.9263531499556347 0.3877551020408163 0.9210292812777285 0.3487133984028394 0.9010647737355812 0.27861579414374443 0.861801242236025 0.26441881100266196 0.8751109139307897 0.31410825199645076 0.8830967169476487 0.34960070984915703 0.8857586512866017 0.4134871339840284
72 0.21029281277728484 0.4738243123336291 0.21162377994676135 0.3700088731144632 0.21694764862466726 0.34960070984915703 0.22759538598047918 0.29103815439219166 0.19165927240461403 0.3105590062111801 0.17768411712511092 0.36202307009760426 0.17435669920141972 0.3904170363797693 0.17169476486246674 0.422360248447205 0.17302573203194324 0.43478260869565216 0.1663708961845608 0.47914818101153506 0.18899733806566107 0.47737355811889975
