2 0.5550133096716948 0.678793256433008 0.5530168589174801 0.7116237799467613 0.7047471162377995 0.707187222715173 0.7207187222715173 0.6903283052351376 0.7267080745341616 0.6645962732919256 0.7506654835847383 0.6149068322981367 0.8025732031943212 0.546583850931677 0.8192102928127774 0.5323868677905945 0.8238686779059451 0.4658385093167702 0.8138864241348714 0.43300798580301686 0.773957409050577 0.2732919254658385 0.7712954747116239 0.2626441881100266 0.561002661934339 0.2626441881100266 0.5603371783496007 0.43300798580301686 0.5590062111801243 0.4906832298136646
4 0.28083407275953864 0.7187222715173026 0.5530168589174802 0.7142857142857143 0.558340727595386 0.4409937888198758 0.5590062111801243 0.25998225377107365 0.43589174800354935 0.2670807453416149 0.4006211180124224 0.28127772848269744 0.3107808340727596 0.38065661047027505 0.2715173025732032 0.43744454303460517 0.25820763087843834 0.47293700088731144 0.25221827861579416 0.5341614906832298 0.25953859804791485 0.6211180124223602 0.268189884649512 0.6645962732919256
6 0.25820763087843834 0.3629103815439219 0.22559893522626445 0.38331854480922806 0.21761313220940554 0.40993788819875776 0.22759538598047918 0.4241348713398403 0.20896184560780834 0.44365572315882873 0.0013309671694764864 0.4702750665483585 0.0013309671694764864 0.4401064773735581 0.05456965394853594 0.40993788819875776 0.15439219165927243 0.3815439219165927 0.21561668145519083 0.37089618456078083
7 0.22559893522626445 0.738243123336291 0.21561668145519083 0.7879325643300799 0.18766637089618457 0.8358473824312334 0.15439219165927243 0.85980479148181 0.08717834960070986 0.8553682342502218 0.0292812777284827 0.8065661047027507 0.003992901508429459 0.7364685004436557 0.010647737355811891 0.6974267968056788 0.037267080745341616 0.639751552795031 0.07719609582963621 0.6042590949423248 0.12444543034605146 0.59094942324756 0.15838509316770188 0.6069210292812778 0.1836734693877551 0.6299911268855368 0.21295474711623782 0.6796805678793256 0.22493345164152617 0.7178349600709849
7 0.7633096716947649 0.7249334516415263 0.7653061224489797 0.7923691215616683 0.796583850931677 0.834072759538598 0.8251996450754215 0.84472049689441 0.8691215616681456 0.8464951197870453 0.9050576752440107 0.8305235137533274 0.93566992014197 0.7985803016858918 0.9569653948535937 0.735581188997338 0.9549689440993789 0.681455190771961 0.9406997935307974 0.6437814223743206 0.9063886424134873 0.6122448979591837 0.869787045252884 0.5936113575865128 0.8238686779059451 0.6007098491570542 0.7892635314995564 0.6211180124223602 0.7653061224489797 0.6823425022182786
8 0.8218722271517304 0.5359361135758651 0.883762200532387 0.5217391304347826 0.9336734693877553 0.5252883762200532 0.9596273291925467 0.543921916592724 0.9869121561668146 0.5678793256433008 0.9975598935226266 0.5936113575865128 0.9995563442768414 0.4338952972493345 0.8165483584738243 0.43478260869565216 0.8251996450754215 0.4906832298136646 0.8225377107364686 0.5146406388642414
10 0.25820763087843834 0.4161490683229814 0.2701863354037267 0.43478260869565216 0.25288376220053244 0.5110913930789707 0.25221827861579416 0.5900621118012422 0.2715173025732032 0.6938775510204082 0.21561668145519083 0.580301685891748 0.16104702750665484 0.5350488021295474 0.08518189884649513 0.5261756876663709 0.04392191659272405 0.5359361135758651 0.007985803016858918 0.5581188997338066 0.002661934338952973 0.5678793256433008 0.0013309671694764864 0.4738243123336291 0.21029281277728484 0.4445430346051464 0.23025732031943213 0.4259094942324756
14 0.38464951197870456 0.25199645075421473 0.3952972493345165 0.26974267968056787 0.25953859804791485 0.4161490683229814 0.24157054125998229 0.39840283939662824 0.26752440106477376 0.36202307009760426 0.28615794143744455 0.3487133984028394
12 0.2628660159716061 0.4161490683229814 0.2728482697426797 0.43123336291038156 0.4066104702750665 0.2741792369121562 0.4618456078083408 0.2608695652173913 0.5736468500443657 0.259094942324756 0.7945874001774623 0.2608695652173913 0.9862466725820763 0.26796805678793256 0.9995563442768414 0.28748890860692106 0.9975598935226266 0.2484472049689441 0.9409937888198757 0.2315882874889086 0.7546583850931676 0.23070097604259096 0.6042590949423248 0.2209405501330967 0.5204081632653061 0.23070097604259096 0.44454303460514644 0.23247559893522626 0.3992901508429459 0.24489795918367346 0.388642413487134 0.2502218278615794 0.39662821650399294 0.26974267968056787
16 0.9090505767524403 0.1863354037267081 0.8631322094055013 0.2360248447204969 0.8791038154392193 0.23336291038154391
17 0.11638821999966442 0.7114137851266336 0.11534454877385755 0.7199316384868988 0.1217080281716688 0.7193255928299642 0.1217080281716688 0.712659090603686
17 0.13079871302568483 0.7332646429394555 0.12943511029758242 0.7423553277934714 0.13625312393809444 0.7417492821365371 0.13625312393809444 0.7344767342533243
17 0.12307163089977126 0.7562943779029628 0.12261709665707043 0.7635669257861757 0.12807150756948002 0.7635669257861757 0.1298896445402833 0.758112514873766
17 0.09898131603662871 0.7096288623190139 0.09761771330852632 0.7199316384868988 0.10443572694903831 0.7199316384868988 0.10443572694903831 0.7096288623190139
17 0.8607807068031712 0.7053865427204733 0.8621443095312736 0.7150832732314236 0.8689623231717857 0.7114469992898174 0.8689623231717857 0.7029623600927357
17 0.8757803368122978 0.7175074558591611 0.8748712683268962 0.727810232027046 0.8812347477247074 0.727810232027046 0.8812347477247074 0.7193255928299642
17 0.8435084055805407 0.7084167710051452 0.8435084055805407 0.7162953645452923 0.8516900219491552 0.7162953645452923 0.8507809534637536 0.7102349079759481
17 0.8366903919400288 0.7326585972825211 0.8366903919400288 0.7405371908226683 0.8439629398232417 0.7405371908226683 0.8439629398232417 0.7326585972825211
17 0.8489628164929505 0.7490218300197501 0.848053748007549 0.7569004235598975 0.854871761648061 0.7562943779029629 0.8553262958907617 0.7490218300197501
20 0.32124856071732055 0.3878186184868467 0.3203394922319188 0.4290297231583861 0.2871648017349156 0.4308417258376905 0.28669785125976405 0.4417872150103272 0.3262492023230284 0.4447393142209502 0.38397428621003094 0.43084786012918935 0.38795613070601925 0.402077295415406 0.3785198752976213 0.3605465639247987 0.3362481907264469 0.35691028998319224
22 0.25170482158409785 0.3708493400926835 0.23852332854577457 0.3950911663700596 0.23261438339066423 0.39145489242845316
23 0.23670519157497144 0.4144846273919604 0.23715972581767222 0.395697212026994 0.22897810944905783 0.39387907505619085 0.22443276702204978 0.41690881001969804
28 0.1571616991023313 0.742961373450406 0.14898008273371685 0.755082286589094 0.1635251785001425 0.744779510421209
28 0.888723078164072 0.7702132244499361 0.8917480035492459 0.7782796921437332 0.8984028393966283 0.7742464582968347
30 0.2516737920464629 0.36285660591319346 0.24320400096797617 0.39592912345776077 0.2601435831249496 0.36688983976009204
29 0.24017907558280233 0.5588717708724578 0.2183996128095507 0.5645182982581156 0.21900459788658555 0.5733914127212921 0.2419940308139066 0.5741980594906718
35 0.48761797209002183 0.4822403277813874 0.48640800193595224 0.4999865567077405 0.5281519722513511 0.49998655670774056 0.5275469871743165 0.4814336810120076
35 0.745946599983867 0.4790137407038685 0.7453416149068324 0.49514667609146246 0.7840606598370574 0.4943400293220826 0.7816407195289183 0.4782070939344888
46 0.0798580301685893 0.6742222588937533 0.04610967343886602 0.6989884948401135 0.04234895539243359 0.7484337616766845 0.06333263010281645 0.7950765598722777 0.10103250786480601 0.8242585579983753 0.1427764781802049 0.8202253241514766 0.16247981425266164 0.7803122643740437 0.15603184553341626 0.7276960262702583 0.1395671557460282 0.6911783927468869 0.11393833106892245 0.6755806449959644
46 0.811284988303622 0.7532736422929627 0.8159634459909435 0.7845018237593689 0.8313353770081244 0.8042399771317834 0.8626153909319388 0.8121411101546674 0.888701675288754 0.8023723709095476 0.9086875857062193 0.7823129259906318 0.9232072275550539 0.7323008262890909 0.9073296324684947 0.6777512720615654 0.8643344853579393 0.6643602676041398 0.8280244122331375 0.6901428868986946 0.808113483857681 0.7241652632279747
47 0.871178510930064 0.45400769085309806 0.8645236750826816 0.5072463776321576 0.910502540937324 0.5104729647096765 0.9086875857062195 0.4540076908530983
51 0.27708316528192306 0.7258476521340533 0.28797289666854886 0.7565002293704814 0.313382269904009 0.7645666970642783 0.5989352262644189 0.7565002293704814 0.7090425102847465 0.7500470552154439 0.7223521819795112 0.7468204681379252 0.7253771073646851 0.713747950593358 0.7199322416713722 0.6968083684363845 0.6987577639751553 0.713747950593358 0.3992901508429459 0.7234277118259143 0.31096232959587 0.724234358595294
55 0.7241268048721465 0.6814820798181703 0.7289666854884247 0.7121346570545987 0.7380414616439462 0.6685757315080952 0.7604259094942324 0.6524427961205016 0.7918851335000403 0.6056572834964797 0.842098894893926 0.5653249450274953 0.888682745825603 0.5588717708724578 0.9292167459869323 0.5637116514887359 0.9528111639912883 0.5814578804150888 0.9697507461482617 0.6209835721146938 0.9758005969186094 0.6653491444305766 0.9624909252238445 0.7024548958220426 0.9612809550697748 0.737140706905369 0.9915302089215136 0.7573068761398613 0.9987900298459302 0.7508537019848237 0.9988303621843994 0.6161436914984157 0.989755586028878 0.5782312933375703 0.9401468097120272 0.5330590742523078 0.9092925707832539 0.5257992533278907 0.88085827216262 0.5257992533278907 0.8143099136887958 0.542738835484864 0.7901105106074051 0.5693581788743938 0.7471565701379368 0.6274367462697313 0.7302169879809632 0.6613159105836782
57 0.23836412035169802 0.7403672939828878 0.24138904573687184 0.7855395130681502 0.2510688069694281 0.7855395130681502 0.2655884488182625 0.7597268164480002 0.27526821005081875 0.7161678909014971 0.22384447850286363 0.6016240496495813 0.21174477696216829 0.5814578804150891 0.16213600064531739 0.5387056016379657 0.08711785109300636 0.5290258404054093 0.042953940469468425 0.5387056016379657 0.006654835847382432 0.5653249450274953 0.001209970154069533 0.5854911142619875 -0.0006049850770347665 0.6064639302658594 0.009074776155521498 0.6000107561108219 0.027829313543599257 0.5846844674926078 0.08832782124707592 0.5653249450274953 0.13188674679357912 0.5709714724131532 0.16334597079938695 0.57903794010695 0.1863354037267081 0.6064639302658594 0.21053480680809877 0.6419563881185658 0.23110429942728083 0.6879352539732079 0.23896910542873276 0.7202011247483955
65 0.7398967492135194 0.2797719886670855 0.7471565701379368 0.42658170069418894 0.7967653464547877 0.429001641002328 0.7622811970638057 0.27896534189770583
64 0.5771557634911673 0.28138528220584486 0.5771557634911674 0.43464816838798565 0.7344518835202065 0.4273883474635685 0.7320319432120675 0.27896534189770567
64 0.7725659433733968 0.26363905327949183 0.8161248689199002 0.43868140223488417 0.9985497668910689 0.42891528990100836 1.0 0.3088112723647544 0.9867306606437044 0.27251216774266834
68 0.3514963297571994 0.3539834914500169 0.3805858801901406 0.36497908855980776 0.3909874643580952 0.4060141358894154 0.38235056868597234 0.4346481683879859 0.5348068080987336 0.4378747554655049 0.5420666290231508 0.2805786354364654 0.4367358806832883 0.28589018554905193 0.4173886902828625 0.292877241217012
