0 0.25488021295474717 0.6441881100266194 0.2981366459627329 0.6654835847382431 0.30745341614906835 0.7000887311446317 0.3260869565217392 0.7213842058562555 0.36040602327887683 0.7386375071767837 0.366681455190772 0.7417923691215617 0.4438775510204082 0.7417923691215617 0.45252883762200535 0.7417923691215617 0.8305235137533274 0.7524401064773736 0.8917480035492459 0.7107364685004437 0.8970718722271518 0.6743566992014197 0.94698314108252 0.6495119787045254 0.94698314108252 0.6743566992014197 0.9543034605146407 0.7036379769299024 0.9196983141082521 0.8358473824312334 0.8990683229813665 0.8669032830523514 0.8052351375332742 0.8819875776397516 0.7393522626441882 0.8837622005323869 0.41193433895297255 0.870452528837622 0.3234250221827862 0.8624667258207631 0.2914818101153505 0.8349600709849158 0.27950310559006214 0.8198757763975155 0.24356699201419701 0.6850044365572316 0.2448979591836735 0.6645962732919256
7 0.5137533274179238 0.878438331854481 0.5716503992901509 0.8961845607808341 0.6029281277728483 0.8988464951197871 0.6388642413487134 0.8917480035492457 0.656832298136646 0.8855368234250222 0.5789707187222716 0.8811002661934338
8 0.28615794143744455 0.5856255545696539 0.2968056787932565 0.6583850931677019 0.2502218278615794 0.6406388642413487 0.2389086069210293 0.5581188997338066
9 0.9123779946761315 0.5900621118012422 0.8997338065661047 0.6708074534161491 0.9463176574977819 0.6468500443655724 0.9596273291925467 0.5643300798580302
12 0.25155279503105593 0.39840283939662824 0.28682342502218283 0.388642413487134 0.34871339840283944 0.16149068322981366 0.4139307897071873 0.14285714285714285 0.6248890860692103 0.13664596273291926 0.8078970718722274 0.13664596273291926 0.8425022182786159 0.14906832298136646 0.8584738243123337 0.19165927240461403 0.9103815439219167 0.3744454303460515 0.9183673469387756 0.3877551020408163 0.9516415261756878 0.391304347826087 0.9154790743750689 0.2641399885518782 0.8717834960070987 0.16770186335403728 0.8671251109139309 0.13309671694764863 0.8518189884649513 0.09760425909494233 0.8351818988464952 0.08695652173913043 0.7506654835847383 0.0834072759538598 0.5876220053238688 0.07985803016858918 0.43056787932564333 0.0940550133096717 0.35536823425022185 0.1064773735581189 0.32675244010647747 0.160603371783496 0.31677018633540377 0.18544809228039041 0.28748890860692106 0.25998225377107365 0.26086956521739135 0.35581188997338065
13 0.28149955634427687 0.4631765749778172 0.29414374445430347 0.6282165039929015 0.30745341614906835 0.6929902395740907 0.330745341614907 0.7222715173025733 0.3620230700976043 0.7364685004436557 0.44121561668145526 0.7480035492457856 0.5988922161933115 0.7439253204463483 0.6568322981366461 0.7453416149068324 0.831854480922804 0.7453416149068324 0.8870896184560781 0.7178349600709849 0.9103815439219167 0.5874001774622892 0.9170363797692991 0.4622892635314996 0.593611357586513 0.4702750665483585 0.31677018633540377 0.4658385093167702
15 0.35070984915705417 0.163265306122449 0.41259982253771077 0.14551907719609583 0.8118899733806567 0.1401952085181899 0.839840283939663 0.15084294587400177 0.8651165208818467 0.21971088314446477 0.9023957409050578 0.35847382431233366 0.9157054125998226 0.4454303460514641 0.9050576752440107 0.45785270629991126 0.6701419698314109 0.4658385093167702 0.339396628216504 0.46672582076308783 0.2848269742679681 0.4587400177462289 0.28881987577639756 0.4028393966282165 0.3240905057675245 0.2377994676131322
16 0.5822981366459627 0.0044365572315882874 0.5902839396628217 0.0044365572315882874 0.5896184560780835 0.07542147293700088 0.5816326530612246 0.07542147293700088
36 0.3021295474711624 0.8110026619343388 0.30412599822537717 0.8438331854480923 0.3966282165039929 0.8509316770186334 0.3946317657497782 0.8172138420585624
37 0.7952528837622006 0.8278615794143745 0.7992457852706301 0.8642413487133986 0.8937444543034606 0.8589174800354925 0.89773735581189 0.8243123336291037 0.8112244897959183 0.8260869565217392
39 0.593611357586513 0.487133984028394 0.5796362023070099 0.5314995563442768 0.607586512866016 0.5323868677905945
38 0.47382431233362915 0.5448092280390417 0.47249334516415264 0.5590062111801242 0.7107364685004437 0.5616681455190771 0.7107364685004437 0.5448092280390417
59 0.4711623779946762 0.5714285714285714 0.47049689440993786 0.6468500443655724 0.7187222715173026 0.6539485359361137 0.7173913043478263 0.5732031943212067
73 0.9117125110913932 0.388642413487134 0.952307009760426 0.3948535936113576 0.963620230700976 0.4622892635314996 0.9596273291925467 0.5190771960958296 0.960292812777285 0.5616681455190772 0.9150399290150844 0.5856255545696539 0.9196983141082521 0.5128660159716061 0.9196983141082521 0.4658385093167702
72 0.28881987577639756 0.3921916592724046 0.2788376220053239 0.4685004436557232 0.28748890860692106 0.5785270629991127 0.240905057675244 0.554569653948536 0.24356699201419701 0.5164152617568767 0.23957409050576758 0.4951197870452529 0.2495563442768412 0.4010647737355812
