72 0.8163025662407501 0.4598254865567232 0.810099328220845 0.46743323129811626 0.8102931794089671 0.4727001315036963 0.8139763519832859 0.48498956531671594 0.8178533757457265 0.49669378799578234 0.8217303995081673 0.5066423772729889 0.8226996554487775 0.49757160469671236 0.8215365483200453 0.4864525931515993 0.8194041852507028 0.46450717562834964
70 0.3643745141749395 0.5149101143241392 0.35719392712098463 0.5243350087736852 0.3481401444051353 0.5403573155369646 0.3431449504483781 0.5502534371923993 0.34220834340903317 0.5563796159305756 0.3674964848446095 0.5544946391638892 0.4127653800070607 0.546954732097144 0.41651177133084977 0.5455409995221292 0.4218191590395509 0.5398860692220702 0.4327461337339358 0.5101976851467606 0.41338977856102554 0.5092551967634174 0.37186727472236336 0.51302515029679
71 0.2520859169949081 0.5362073382796301 0.25227976818303016 0.5426446607531166 0.2551875360048607 0.54498550528893 0.2582891550148133 0.5429372663200933 0.2602276668960337 0.529477410239167 0.26371698828223034 0.5151397374573105 0.2674001608565491 0.5075319927159173 0.26933867273776946 0.5022650925103375 0.2674001608565491 0.4984612201396409 0.2646862499405309 0.5005094630635405 0.2586768573910574 0.5122136817875439
68 0.6432265821687275 0.37213371247992993 0.6458986662276237 0.3926467327466617 0.6486412119962034 0.433353701387217 0.6500124848804932 0.46578128657545614 0.6157306627732457 0.47061092692264056 0.6015608429689169 0.4719908241646933 0.6029321158532067 0.46233154347032424 0.6034319478996018 0.44972549531499423 0.5937902966246075 0.4430129820815861 0.5809490086196036 0.4389700626232728 0.5736569237792066 0.43877651808758295 0.5622510202859398 0.4443928793236389 0.5686502937459593 0.4264542151769535 0.5873910231645878 0.3947165786097407 0.6052175760531625 0.37539803276405564 0.6280721376066757 0.3698784375786234
68 0.6532002948217871 0.3683521952951665 0.6591182354636392 0.39592717712102304 0.6629777619691947 0.4324348995383543 0.6658080814066021 0.461563401467076 0.7044033464621583 0.45884474128706193 0.733221144370307 0.45573770108133166 0.7321919373021589 0.43709545984694975 0.7314200320010477 0.42466729902402844 0.7255020913591959 0.40719019786679556 0.7182976418821586 0.39048985676099507 0.7118650977062327 0.3807803561180878 0.7022753412845401 0.37440167376968025 0.6894406011049579 0.37057567823728393
65 0.7217970654682653 0.38114580001537246 0.7346621538201173 0.4075556417640802 0.7444396209675248 0.43551900361565304 0.7495856563082658 0.4572682850557652 0.7583339163875251 0.4564915250043326 0.7681113835349328 0.44406336418141135 0.7678540817678957 0.4370725237185182 0.7529305792797473 0.41415810220125704 0.7385216803256731 0.3939623408640101
63 0.27005801449598876 0.5086293909188191 0.26766073393250467 0.5174172657607016 0.263551110109389 0.5189680672033867 0.26218123550168376 0.5267220744168124 0.2645785160651679 0.5318914125590962 0.2614962981978312 0.5463655593574909 0.28135948000955674 0.5536026327566883 0.2933458828269773 0.5546365003851451 0.3073870975559557 0.5561873018278302 0.3248529988041971 0.5567042356420586 0.3286201539753864 0.5556703680136018 0.3334147151023547 0.5494671622428612 0.3375243389254703 0.5417131550294355 0.3426613687043648 0.5370607507013802 0.3464285238755542 0.5324083463733247 0.3447161806159227 0.5282728758594977 0.34745592983133305 0.5236204715314422 0.3501956790467435 0.5189680672033867 0.351908022306375 0.5153495305037881 0.3286201539753864 0.5117309938041894 0.296428100694314 0.5075955232903624 0.2745101069710307 0.5039769865907637 0.2715145279962643 0.5034825161042512
60 0.2504923090642558 0.5815648221840424 0.24672515389306643 0.5872510941405545 0.24672515389306643 0.598623638053579 0.24521829182459076 0.6128393179448594 0.2459717228588286 0.616819708314418 0.2561430418210398 0.6208000986839763 0.27610896422834325 0.6264863706404887 0.30549277456361995 0.6316040154013497 0.3393971711043238 0.6355844057709082 0.35295892972060544 0.6367216601622105 0.34655476592958356 0.6162510811187667 0.3393971711043238 0.598623638053579 0.3352533004160156 0.5946432476840203 0.3224449728339719 0.5929373660970668 0.316417524560069 0.5923687389014155
59 0.25851585213716305 0.5666024851162957 0.2647019201651009 0.5666024851162957 0.31728349840257297 0.5744809679820658 0.3167035545249538 0.5905297293753009 0.31593029602146155 0.6074538777536214 0.30916428411590446 0.6097882430471829 0.26953478581192736 0.6033687384898889 0.2589024813889091 0.6004507818729371 0.25735596438192465 0.5951984599624238
57 0.4275458602492225 0.6553646354562772 0.4322152919622219 0.6261987020739292 0.44479087702556563 0.5784678127019354 0.45376590172458847 0.5597271729237235 0.46394810669773534 0.5445552814872194 0.48093582170704124 0.5317343644990641 0.4991369449312976 0.5280712453595909 0.5167313640480788 0.5308185847141957 0.5246185174452566 0.5436395017023511 0.5367525995947608 0.5656182165391891 0.5416062324545625 0.5949231696549728 0.5428196406695129 0.6178176642766791 0.5428196406695129 0.6306385812648346 0.5385727119171865 0.6498699567470676 0.5349324872723351 0.6352174801891758 0.5359048641332871 0.61820808894907 0.5346453114720882 0.6008055037220053 0.526533688907334 0.5696689910364848 0.5161246599406035 0.553713079335902 0.5027771695761488 0.5454710612720877 0.4882162709967438 0.5482184006266925 0.4736553724173387 0.5555446389056384 0.4618104644493733 0.5700047959969147 0.4514641421153134 0.5928992906186206 0.4457469834734789 0.6104914259977332 0.44210675882862766 0.6278912419102298 0.4390732382912516 0.6452910578227263 0.43725312596882593 0.6590277545957501 0.4360380410815622 0.6628278211627828 0.42868889001531374 0.6621043608445304 0.42709124847917274 0.6616220539656952
55 0.7461823614918462 0.5477760157662843 0.7549255861755249 0.535695272527767 0.7665695203410192 0.5300090005712549 0.7768435798988083 0.5310428681997116 0.7867922942372675 0.536729140156224 0.7910286314615956 0.5457082805093708 0.7967958035600345 0.5612162949362223 0.7995355527754451 0.5918239460766846 0.7987786970546877 0.6062980928750794 0.7963642930586076 0.6153030799189377 0.7932820751912708 0.62098935187545 0.7939670124951234 0.6090998741481972 0.7939670124951234 0.5941087935355742 0.7934635835767915 0.5898337508919056 0.793211236918257 0.5850988951339604 0.7920354968450012 0.5757380643228345 0.7892820413367716 0.5637182545970874 0.7836929529373343 0.5527540883973037 0.7775285172026608 0.5470678164407914 0.7713640814679874 0.5439662135554212 0.7624598965179036 0.5444831473696495 0.7535557115678198 0.5501694193261617 0.7494460877447041 0.5558556912826739 0.7439665893138832 0.564126632310328 0.7405419027946202 0.5754991762233523 0.7367199526391226 0.5902731446339996 0.7328980024836249 0.6052642252466225 0.7296000293655748 0.620555127471498 0.7270760354008778 0.6299684922285969 0.716569097159779 0.6323618957884743 0.7213636582867473 0.6158200137331662 0.7367747476234306 0.5677451690099268
51 0.5452079575835249 0.6346009389383686 0.5452079575835249 0.6419833691792567 0.542868850610461 0.6496867746480095 0.5454206036719853 0.6509706755594684 0.5700875499333876 0.6506497003316036 0.6415366356560703 0.6432672700907155 0.703703481322209 0.6324718826964656 0.7165494804559646 0.6324718826964656 0.7206911717983059 0.6188732338034414 0.7215221252819345 0.6087032659182446 0.715495978048003 0.6147953004032416 0.6688999405778537 0.6219151991635856 0.5607399425755738 0.6324718826964656
46 0.4855973883412068 0.5899375727167933 0.4952487776227661 0.5913473922101434 0.5027208209375219 0.5965167303524271 0.5092588588379331 0.6059155269747615 0.5120608750809665 0.6162542032593291 0.5136175507715406 0.6265928795438966 0.5142402210477701 0.6406910744773981 0.5140423243163681 0.6565128963225425 0.5101928642522775 0.6707672236688675 0.5070795128711293 0.6806359601223184 0.5014754803850626 0.6909746364068858 0.49306943165596245 0.69896361353587 0.48372937751251777 0.7027231321848038 0.47563466392153253 0.6970838542114032 0.46878529088300636 0.6862752380957189 0.4619359178444804 0.6702972838377507 0.4613132475682507 0.6594886677220664 0.4613132475682507 0.645390472788565 0.464426598949399 0.6200137219082628 0.46940796115923605 0.6082652261303451 0.47470065850718796 0.5965167303524271
46 0.7504994543042993 0.5841950859938025 0.7589904126165217 0.5760391054537605 0.7651656550254109 0.5748739653766116 0.7713408974342998 0.5795345256852071 0.7762296310080036 0.5876905062252492 0.7798318557465219 0.6005070470738867 0.7816329681157813 0.6121584478453753 0.7818902698828184 0.6238098486168642 0.7816329681157813 0.6374031495169342 0.779059950445411 0.6471126501598415 0.7772588380761518 0.6537151105970183 0.772884708036522 0.6622594711627766 0.7718862353295234 0.6650566400156841 0.7692824832980033 0.6669200314713721 0.7651656550254109 0.6704154517028188 0.7589904126165217 0.6715805917799677 0.7523005666735585 0.6657548913942233 0.7463826260317067 0.6579872908798976 0.7430377030602251 0.6401218096969482 0.7414938924580029 0.6207028084111338 0.7430377030602251 0.6051676073824822 0.7466399277987438 0.5923510665338446
44 0.42260911713214644 0.455913120205764 0.42125591475103513 0.45883107682271584 0.42338237563563874 0.45999825946949663 0.4240787725978482 0.45788999510999423
45 0.37775812958997224 0.45311386527959036 0.37635822056003354 0.4547197986573314 0.3761342351152433 0.45725548293797524 0.37714216961679914 0.45657930046313683 0.3793820240647012 0.4563257320350725 0.3799419876766767 0.4559031179882986 0.3791020422587134 0.45370552494507393
39 0.3056078142318183 0.5160695586647511 0.30776841135056643 0.51733783370301 0.30944887577625946 0.5195120194828824 0.309688942122787 0.5220485695594 0.3084886103901492 0.525672212525854 0.3044074824991805 0.5285711268990171 0.30200681903390475 0.529295855492308 0.29792569114293604 0.5287523090473398 0.29540499450439656 0.527484034009081 0.2937245300787036 0.5249474839325633 0.2938445632519674 0.5204179302244958 0.29768562479640853 0.5167942872580419 0.30200681903390475 0.5153448300714604
35 0.6390526359003258 0.4977086177033289 0.6425246698377081 0.4966604565146852 0.6466911105625668 0.4957620326387049 0.6522463648623783 0.49591176995136826 0.6585952269193058 0.4956122953260415 0.6611744521299326 0.4986070415793092 0.6609760501906535 0.5022007370832304 0.6570080114050739 0.5036981102098642 0.6411358562627553 0.5051954833364981 0.637465420386094 0.5051954833364981 0.6347869942058277 0.5020509997705671 0.6358782048718621 0.4986070415793092
35 0.7308841411227631 0.48861544330535445 0.7397305859923041 0.4872203407632697 0.7434276077288287 0.4862238389474948 0.7492372133147959 0.48582523822118495 0.7514818336548287 0.4860245385843399 0.7525381255795499 0.48921334439481934 0.7516138701454189 0.49359795238422854 0.7498973957677467 0.4953916556526232 0.7422392793135173 0.49579025637893326 0.7318083965568942 0.49658745783155295 0.7291676667450909 0.4926014505684537
32 0.36789889640157 0.6067013358960213 0.3842427693162922 0.6035181104957101 0.39425998174789617 0.6101498300796916 0.39619312800662676 0.6170468184470324 0.3949629440237982 0.6252701507311693 0.3898664675235085 0.6297797200482766 0.38072795793678205 0.6319018703151507 0.37352259460878623 0.6287186449148396 0.36649297184976587 0.6170468184470324 0.36491130672898625 0.6082929485961768
31 0.3857623634252214 0.43479516440891414 0.3873088804322059 0.44004748631942747 0.3907885436979209 0.4429654429363793 0.3969746117258588 0.4470505822001119 0.40277405050205056 0.4461751952150263 0.40180747737268535 0.4432572385980745 0.39755455560347797 0.44238185161298893 0.39156180220141307 0.4394638949960371 0.3884687681874442 0.43596234705569487
29 0.5312165202878052 0.5191204986562891 0.5315444573775225 0.516274252217233 0.5341679540952612 0.5151605036106459 0.5390870104410211 0.5128092565522951 0.5407266958896078 0.5136755054685296 0.5410546329793251 0.5156555029913512 0.5409726487068958 0.518377999585231 0.5399068531653145 0.5206054967984053 0.5376932778097224 0.5207292466435817
26 0.645518187815802 0.3562238298785399 0.6484238522491198 0.3618251015171526 0.6486125802343898 0.3669298323372219 0.6421732648443205 0.36787523065002853 0.6305946853276534 0.3686519907014611 0.6118116563339495 0.37175903090719137 0.6028060944876531 0.3740893110614891 0.596630852078764 0.38146853155009863 0.5873679884654306 0.3931199323215873 0.5796489354543194 0.4063248531959412 0.5716725806761711 0.4203065341217277 0.5657546400343193 0.4319579348932163 0.5624097170628375 0.44011391543325834 0.559836699392467 0.43778363527896064 0.5580059674807772 0.4361931740602686 0.5595793976254301 0.4319579348932163 0.5629243205969117 0.42535547445603933 0.5706433736080229 0.4109854135045366 0.5873679884654305 0.38224529160153126 0.5930732600561602 0.373241058205801 0.5997184732832086 0.3663217105471634 0.6190161058109868 0.357777349981405 0.6365126259695055 0.3554470698271073
24 0.6473071867825767 0.3580924980486496 0.651560108551784 0.3680135505462859 0.664318873859406 0.36918073319306655 0.6751444929082973 0.369764324516457 0.6879032582159192 0.3720986898100185 0.697568989509572 0.3744330551035799 0.7045283160410024 0.37735101172053165 0.713420788831163 0.3776428073822269 0.7188335983556087 0.3799771726757884 0.7159338789675128 0.37326587245679915 0.7138074180829093 0.36918073319306655 0.7014352820270333 0.3662627765761147 0.6859701119571886 0.36130225032729657 0.6643188738594061 0.3583842937103448
23 0.4034915402695367 0.44248994640968375 0.4230549804078903 0.4376753179917132 0.43156082394630496 0.4383172684474426 0.4383654987770366 0.43703336753598376 0.44644605013853045 0.4383172684474426 0.4526127867038811 0.4408850702703602 0.4592048154461523 0.4428109216375484 0.4674980128961066 0.44730457482765423 0.4751532720806797 0.45340310415708357 0.4791935477614267 0.4566128564357307 0.4745153338152987 0.4569338316635953 0.4617565685076767 0.44634164914406016 0.4558024780307865 0.44441579777687196 0.4417678361924024 0.4392801941310367 0.43538845353859146 0.4402431198146309 0.4268826100001769 0.4415270207260896 0.4171008899310001 0.4402431198146309
23 0.40457479839637484 0.44564535688283596 0.412761672802099 0.4459984296334872 0.4202468151159039 0.4463515023841383 0.4326440820731431 0.4467045751347895 0.443637884846544 0.4463515023841383 0.4522925806468808 0.44776379338674294 0.45790643738223447 0.4481168661373942 0.46422202620950725 0.4516475936439059 0.46407277761125665 0.4492901946017067 0.46079340671408336 0.44681519769817973 0.45490544533052213 0.44614019854267234 0.44141530595805933 0.44377770149839646 0.42755251080182677 0.4434402019206429 0.4160001815049663 0.4434402019206429 0.4122736236672694 0.4431027023428891 0.4049695703053835 0.44355270177989403 0.40340441601355065 0.44467770037240634
20 0.5639392762310764 0.44247236618573943 0.5606529275912344 0.44626570978777685 0.5581398374548846 0.4521016230216805 0.5571732643255194 0.45910471890236493 0.5571732643255194 0.46639961044474454 0.5583331520807576 0.4728191150020386 0.5620061299723458 0.47865502823594225 0.5695454003813951 0.47690425426577115 0.5765047269128252 0.476612458604076 0.585203885077113 0.4757370716189904 0.5946763017448928 0.4751534802956 0.6008623697728307 0.47369450198712415 0.6008623697728307 0.4672749974298301 0.6027955160315612 0.45151803169829013 0.6012489990245767 0.44597391412608167 0.5958361895001311 0.4436395488325202 0.5848172558253667 0.4383872269220069 0.5759247830352061 0.4366364529518358 0.572251805143618 0.43692824861353097
16 0.5680668835076651 0.28550576807934347 0.5603342984727426 0.29309245528341826 0.5545348596965509 0.30155452947257855 0.5464156454098824 0.3135181516020811 0.5404228920078177 0.31964586049768 0.5342368239798797 0.32781613902514517 0.5317237338435299 0.3321930739505729 0.528630699829561 0.3362782132143054 0.5247644073120998 0.337153600199391 0.52225131717575 0.3397797611546476 0.5207048001687655 0.3424059221099042 0.5214780586722578 0.34415669608007543 0.5255376658155921 0.34415669608007543 0.5282440705778149 0.3424059221099042 0.5317237338435299 0.34123873946312355 0.5332702508505144 0.340363352478038 0.531917048469403 0.337153600199391 0.5361699702386103 0.32898332167192584 0.5403323874770768 0.32289593507484954 0.5441944565088719 0.3177823051088846 0.5458205908380488 0.31502094492726357
14 0.5808258787900343 0.36604635661559703 0.5746614430553609 0.3774189005286215 0.5541133239397827 0.4146381351530649 0.5404145778627306 0.4384170906075704 0.5349350794319098 0.44875576689213803 0.5301405183049416 0.4549589726628786 0.5219212706587103 0.4580605755482488 0.5116472111009213 0.4616791122478476 0.48596206220644844 0.46116217843361923 0.47808528321214355 0.4601283108051624 0.4541124775773024 0.4585775093624773 0.4195231437327458 0.4549589726628786 0.39657774405368357 0.4539251050344218 0.37260493841884235 0.45082350214905165 0.3660980340322426 0.45082350214905165 0.3791118428054421 0.44358642874985427 0.3976051500094624 0.42084134092380554 0.4109614274345883 0.4094687970107811 0.43527670172135574 0.38103743722822014 0.4482905104945552 0.37224956238633766 0.4606193819639022 0.3613939522875417 0.46781122365435446 0.35880928321639977 0.4948662471565324 0.35777541558794296 0.5349350794319097 0.35725848177371455
12 0.5856358432112742 0.3629984275513939 0.5750886804703308 0.3586151201694324 0.5562208620019694 0.3549204438183962 0.5174756710662871 0.3521682881914443 0.47873048013060504 0.35079221037796837 0.4609532748777625 0.3549204438183962 0.48328873788774407 0.34322378240385065 0.5006101173648725 0.3397835878701608 0.5161081937391454 0.3377194711499469 0.5430019145062662 0.33359123770951904 0.5635140744133919 0.33565535442973293 0.5926869240590822 0.3349673155229949 0.6141107355176357 0.33565535442973293 0.6373578500790453 0.34115966568363676 0.6578700099861713 0.34322378240385065 0.6879545111832893 0.34941613256449244 0.7102899741932707 0.3597367161655621 0.7166715350532654 0.36386494960599 0.7285230052218271 0.37418553320705955 0.7403744753903887 0.3851941557148672 0.7522259455589503 0.4010190505698406 0.7613424610732286 0.41340375089112413 0.7654448930546538 0.42303629558545575 0.7750172343446456 0.43335687918652543 0.7695473250360787 0.4395492293471673 0.7595191579703727 0.42372433449219377 0.7458443846989556 0.40445924510353054 0.7257880505675436 0.3810659222744393 0.7139365803989819 0.37349749430032164 0.7039084133332758 0.3659290663262038 0.6885926672692885 0.3603559511816263 0.6733225037828725 0.3574661877733268 0.6483432512737504 0.35553967883446047 0.6359903727519033 0.3496225442365138 0.6182587500766321 0.3486592897670806 0.5993283362709658 0.3516988475218989
10 0.4291202681177672 0.5086818399458791 0.43039923218269216 0.5046652899212584 0.4330259412995552 0.5022975592943868 0.4405690880146816 0.4970088499788657 0.455736690701562 0.49059357521244074 0.4721177016033927 0.4834950778116251 0.48667860018279785 0.4786932542815007 0.5012394987622029 0.4731985755722912 0.5068053192558264 0.4685098324466421 0.5085363039233951 0.4642882774139614 0.5089711909609635 0.4596636735399944 0.5133735809117072 0.4594618787992676 0.5230808466313106 0.45854609901439936 0.5340015205658644 0.4539672000900581 0.5376417452107156 0.4521356405203216 0.5394618575331414 0.4658723372933454 0.5437087862854678 0.506166647827548 0.5461356027153687 0.5528714168558286 0.5461356027153687 0.628881138999893 0.541281969855567 0.5858394891110855 0.5370350411032404 0.5638607742742474 0.5255076630612114 0.5455451785768826 0.5182272137715088 0.5336400413735953 0.5018462028696782 0.5308927020189907 0.4787914467856201 0.5327242615887272 0.4624104358837892 0.5464609583617509 0.44663612908943373 0.5437136190071462 0.42313178518812955 0.542797839222278 0.42545941386929875 0.537302502343594 0.4339842985803892 0.5175381376418889 0.4348697578658633 0.5101476456624244
8 0.7511460393149616 0.4586343829657055 0.7571164821250759 0.4730832000072029 0.7571939111739249 0.49078785418664317 0.7561601228478145 0.5019808340901979 0.752080044729306 0.5194336475141429 0.7453647948682797 0.5401085563961561 0.7353142739396573 0.5678482117412965 0.7516297770228778 0.5411238569243974 0.7607808010756928 0.5325068387744494 0.7757633353703084 0.5296455206016155 0.7891017154738985 0.5389505776583015 0.7941157990067516 0.5334462664043977 0.80371049415966 0.5300735552304562 0.8177963854809582 0.5259453217900283 0.8223769971010139 0.5203735271763762 0.8223415529850604 0.5123213410223908 0.8187265694812342 0.4994823319078027 0.8135772593907311 0.4810377793162626 0.8078816189697555 0.4686687100327913 0.8116354375230723 0.46405038051450653 0.8147962084047685 0.46183043454278583 0.8168777786956118 0.4589704833131769 0.8146862938004871 0.45261994863955624 0.8112839563851213 0.4436326422593445 0.8044792815543897 0.4404228899806975 0.797674606723658 0.43785508815777996 0.790657285804466 0.43625021201845643 0.7827893805314325 0.43657118724632105 0.7776858744083838 0.43560826156272703 0.7747088291699386 0.43753411292991523 0.7674788621622862 0.4458794688543975 0.7619500638623167 0.4535828743231503
7 0.4963619854070108 0.5674588792263324 0.5084982896126312 0.5783000353394208 0.5175652768524706 0.5985697704959279 0.5220083499173095 0.6249986585432806 0.5230375569854576 0.6486898401119743 0.5209791428491612 0.6630599010634771 0.5173769181106427 0.6820905223235753 0.5122766995627307 0.6955196018502279 0.5063015202175635 0.7061303531845983 0.49962337859649414 0.7138231479020166 0.49470264266517994 0.7167411045189683 0.4839824679576739 0.7185979860024833 0.47572266121582507 0.7178021796524056 0.4678143356119271 0.7188632547858426 0.45937878830110274 0.7183327172191241 0.4502402787143762 0.7146189542520943 0.4374112171791642 0.6960501394169464 0.4353023303514581 0.6872962695660908 0.43213900010989886 0.670053798647739 0.4310845566960459 0.6663400356807094 0.4353023303514581 0.6644831541971945 0.4389928822999439 0.6538724028628243 0.443210655955356 0.6270802557435393 0.45076750042130287 0.6008186461909727 0.4580418067745079 0.5835952215712662 0.4640169861196752 0.574661101582118 0.4722078498363149 0.567129510704347 0.4781830291814822 0.5642115540873952 0.4862670953543555 0.5642115540873952
7 0.7522974278722746 0.5581555560916188 0.7590901945220526 0.5560194659501793 0.7681472167217563 0.5577283380633309 0.7721096639341269 0.562427736374498 0.7755060472590158 0.5662726986290894 0.7780533347526825 0.5726809690534082 0.7814497180775715 0.5807981115908786 0.785129133346201 0.5906241262415007 0.7862612611211641 0.6030134490618503 0.7876764208398677 0.6145483358256242 0.7876764208398677 0.6295009668157012 0.7873933888961271 0.6388997634380356 0.786544293064905 0.6482985600603697 0.7834309416837567 0.655988484569552 0.78088365419009 0.6653872811918863 0.7760721111464971 0.6764949499273724 0.7709775361591638 0.6829032203516909 0.7647508333968673 0.6876026186628582 0.7514483320410524 0.6867481826062822 0.7364476390227928 0.6854665285214184 0.7293718404292742 0.6816215662668274 0.7239942334982 0.6756405138707965 0.7203148182295704 0.6679505893616138 0.7160693390734592 0.6504346502018091 0.7149372112984962 0.6371908913248838 0.7211639140607925 0.6350548011834443 0.7273906168230888 0.631209838928853 0.7322021598666815 0.614975553853912 0.7389949265164595 0.5884880361000611 0.7483349806599041 0.562427736374498
7 0.2777227136171996 0.6417032117026311 0.2784761446514375 0.6530757556156552 0.2844311019267778 0.6678241871697391 0.28638717051093515 0.6695659442895407 0.2939214808533137 0.6792326066156115 0.3078599549867142 0.6837816241808212 0.32104499808587694 0.6826443697895189 0.3349834722192774 0.6792326066156115 0.34364792911301284 0.672977707463448 0.34779179980132097 0.6678600627025872 0.3519356704896293 0.6610365363547724 0.3534425325581051 0.6542130100069579
6 0.47405277848438326 0.4583076149217377 0.48980633647299315 0.45934148255019447 0.5069297690693083 0.4603753501786512 0.5064927670062251 0.46393126112680727 0.5050403656097333 0.46751866766359657 0.5004190884390776 0.4715046749266959 0.49553373828724145 0.4736969789214005 0.4715030969998317 0.48166899344759906 0.45301798831720874 0.4896410079737976 0.4370415729557989 0.49721442177368635 0.43030771193570044 0.5019976304894055 0.42713883616153664 0.5077773410208994 0.4238379238967825 0.5075780406577445 0.404956705742389 0.5083752421103643 0.38475512268209394 0.5105675461050689 0.3669301964524218 0.5129591504629285 0.36455353962179887 0.5139556522787033 0.3555750582616677 0.5139556522787033 0.3299599790871759 0.5119626486471537 0.29836364688894973 0.5086243675643081 0.27091326049525466 0.5038012987759579 0.2693156189591136 0.5038012987759579 0.2688798985401661 0.49985515158548954 0.2678632175626218 0.497662847590785 0.26989657951771034 0.49437439159872815 0.2732371027296415 0.49130516600614166 0.2755609449640284 0.48889363161196653 0.2793371885949071 0.48604363641885057 0.28529203432052347 0.4825359500273232 0.2909563997668415 0.4788090332363254 0.29938032786649393 0.47442442524691614 0.3088209369436907 0.46960135645856604 0.31956870727773 0.46543597886862725 0.33131936304922754 0.46016617786925207 0.3411436123360964 0.455929304861438 0.35166959371488443 0.4520455046042752 0.3589208253313829 0.4499270681003681 0.36289730718559177 0.4485147770977635 0.37085027089400946 0.4502801408510193 0.39400742992734317 0.45063321360167047 0.4326026949828995 0.45416394110818215
4 0.5365770761363762 0.44833142828412176 0.5454018631541975 0.43334594089536865 0.553123551794791 0.4166953993523096 0.5619483388126123 0.4017099119635566 0.5707731258304336 0.38505937042049754 0.5818041096027102 0.3717389371860503 0.5900773474319176 0.3600835581059091 0.5972474868838974 0.35425586856583835 0.6066238230903325 0.3504743864229207 0.6154486101081538 0.3484281790257678 0.6265659829571977 0.34830782299580293 0.6355170269867121 0.3490099514665147 0.6428998125271523 0.3511263794551265 0.6464977838607127 0.35614940761033353 0.6486242447453162 0.3644947635348158 0.6505380595414596 0.37797572310513333 0.6522392282491424 0.38696302948534494 0.6567047961068101 0.42612200728483857 0.6577807853144196 0.4388342311844201 0.6582290318239711 0.450316482329663 0.6585526906155309 0.45864161249595087 0.6595432798902959 0.46503904738071095 0.659688520029945 0.4722736505632362 0.6621576024039812 0.4810428665420546 0.6637552439401222 0.49353899931187084 0.6641909643590697 0.5047197496848643 0.6641909643590697 0.515462039258917 0.6640457242194205 0.523135103240383 0.6633790719784308 0.5531096755690212 0.66295377980151 0.5730101396966327 0.6604020267399856 0.6044657120273734 0.6578587795219996 0.6219026912811233 0.6467948035394068 0.6230678313582722 0.5457122506142424 0.6334772531350168 0.5458922097190049 0.6284770782301845 0.5459325108608862 0.6180188910239605 0.5460319597396415 0.6017085363567998 0.5459302075322111 0.569162665036748 0.545058766694316 0.5360588747167082 0.5431427179020741 0.5025052182938957 0.5412095716433436 0.48579328494226254 0.5408580905053926 0.47226457699094043 0.5394521659535885 0.46138855687321084
2 0.6466562488849776 0.3564154389626901 0.6525040163176378 0.3557092934613877 0.6634978190910387 0.3574746572146435 0.6740238004698267 0.35888694821724826 0.6815089427836315 0.360299239219853 0.6922688348597261 0.36241767572376005 0.7011574413573691 0.364889184978318 0.7088764943684805 0.366654548731574 0.7142564404065278 0.36912605798613213 0.7165955473795917 0.37336293099394624 0.7201042078391879 0.3807774587576209 0.7238467789960902 0.38854505927194666 0.7299284571260566 0.4001964600434354 0.7346066710721847 0.4111417153136216 0.7388170636236999 0.4227931160851104 0.743027456175215 0.4355037351085525 0.7467700273321176 0.4475082086306925 0.7491091343051814 0.45739424564892517 0.7526177947647775 0.46480877341259985 0.757529919408212 0.4806970471919027 0.757529919408212 0.4863462112023214 0.7568281873162929 0.49835068472446126 0.7537873482513097 0.5110613037479033 0.7479395808186495 0.5311864505350202 0.7416239919913766 0.5481339425662765 0.7385831529263934 0.5583730523351604 0.7346066710721847 0.5710836713586027 0.7292267250341375 0.5936803274002778 0.7233789576014774 0.6042725099198129 0.716127725984979 0.612746255935441 0.7034965483304333 0.6152177651899993 0.6850176032432276 0.6176892744445575 0.6588196051449107 0.6212200019510692 0.6595213372368298 0.6116870376834875 0.661392622815281 0.592268036397673 0.6632639083937322 0.5668467983507887 0.6641995511829577 0.5251842137739504 0.6644334618802642 0.5110613037479035 0.663731729788345 0.4962322482205542 0.6632639083937322 0.48846464770622844 0.6606908907233618 0.4746948104308328 0.6588196051449107 0.4623372641580417 0.6574161409610723 0.44962664513459943 0.6560126767772338 0.4249115525890174 0.655544855382621 0.4136132245681799 0.6513344628311059 0.3853674045160861 0.6506327307391867 0.3758344402485045 0.6494631772526546 0.3687729852354811 0.6485275344634289 0.36206460297310883
1 0.41750900629615084 0.5492353547131128 0.4216021375044459 0.5452493474500136 0.42331861188211806 0.5420605416395341 0.4271476701092328 0.5420605416395341 0.43374949463874096 0.542857743092154 0.44233186652710166 0.5434556441816188 0.44787739913188856 0.5434556441816188 0.4539510776990361 0.5444521459973938 0.457912172416741 0.5460465489026334 0.46200530362503606 0.5476409518078731 0.46121308468149513 0.5492353547131128 0.45751606294497044 0.5550150652446068 0.4550073696237574 0.5595989735971709 0.45157442086841315 0.5663751859444397 0.4484055450942492 0.5721548964759338 0.4460288882636263 0.5775360062811178 0.4437842679235935 0.5839136179020766 0.4386348447905771 0.599459046228164 0.4359941149787736 0.6104205662016869 0.4341456041105115 0.6179939800015756 0.4328252392046099 0.6259659945277741 0.4309767283363476 0.6377247159539171 0.43024206610360916 0.6428473532200705 0.42860469122246436 0.6502618809837452 0.42860469122246436 0.656264117744815 0.4274351377359322 0.6622663545058849 0.42649949494670664 0.6650909365110944 0.4190143526329018 0.6636786455084897 0.3923485331399721 0.6605009907526292 0.38322601594502237 0.6594417725006757 0.37503914153929835 0.6576764087474197 0.37082874898778306 0.656264117744815 0.36474707085781666 0.6513210992356987 0.35537864734666164 0.6543539012350443 0.34920100426550404 0.654634547607438 0.3270754529725871 0.650451994383317 0.27632882727599684 0.640900923521171 0.2500228686075898 0.6338756816972765 0.24719711907078046 0.6327282609361103 0.246008790655469 0.6299380558519408 0.24495249873074765 0.6263506493151513 0.24310398786248533 0.6207702391468124 0.244424352768387 0.6149905286153183 0.24495249873074765 0.6096094188101343 0.2450845352213378 0.6020360050102457 0.2450845352213378 0.5856933752315385 0.24310398786248533 0.5801129650631993 0.2440282432966165 0.5573927236635337 0.244424352768387 0.5542039178530541 0.24614082714605912 0.5496200095004901 0.2485174839766821 0.5450361011479258 0.25208246922261646 0.5414486946111364 0.2553854012788592 0.5473560791354487 0.25510236933511843 0.5533371315314797 0.2570835929413037 0.5550460036446313 0.30077343298419335 0.5621533581152394 0.3179611910222679 0.565221560318398 0.329847543154397 0.5650295059802252 0.34821987882582384 0.5644448002669655 0.3527483899256758 0.562308710125526 0.3567108371380463 0.5593181839275105 0.3666169551689724 0.557182093786071
0 0.7883100299918641 0.5386822035357087 0.7956552594612423 0.5328572437582958 0.8038261067032709 0.529878530419939 0.8128011446305458 0.5276186904333231 0.8208080233277157 0.5232227603052676 0.8228341520798778 0.5208509833331338 0.8237652321835293 0.5265963488984706 0.8246065019952276 0.5327011511396779 0.8251725658827092 0.5408182936771483 0.8246065019952276 0.5497898722711946 0.8248895339389682 0.5566253607238013 0.8236832479111 0.5702963376290147 0.8231913422765238 0.5882394948171072 0.8206440547828571 0.5916572390434106 0.8195197530274178 0.5961769190166426 0.8161155436830052 0.6027649077788965 0.8053603298208568 0.610454832288079 0.7985968162780078 0.6147388254306166 0.7992077853114659 0.5961769190166426 0.7977926255927622 0.5755467038136461 0.7953273223715249 0.5573678597948595
