0 0.571816889882787 0.4928220813961475 0.5873381389076539 0.5106625975166841 0.6526344279088175 0.5299303549268636 0.6735078317698453 0.5342120787957922 0.682071279507703 0.5527662155611505 0.6954516665981054 0.5820246619988303 0.8190864433134238 0.5499117329818645 0.8522698032976218 0.5356393200854352 0.8554810961993184 0.5256486310579348 0.8619036820027115 0.49068121946168314 0.8715375607078015 0.4764088065652539 0.880636223929275 0.4978174259098978 0.8833123013473555 0.5206532865441846 0.8742136381258818 0.5641841458782938 0.8635093284535599 0.6005787987641883 0.8533402342648541 0.6212737974640109 0.79767782396878 0.655527588415441 0.7195363633608298 0.686213276142764 0.6510287814579694 0.703340171618479 0.6419301182364958 0.7104763780666936 0.6033946034161367 0.7161853432252654 0.5696760279483226 0.7104763780666936 0.48297111899059786 0.6790770696394849 0.4701259479957286 0.6334053484259757 0.46102728477425503 0.5920153510263308 0.4476468976838525 0.5520525949163289 0.43961866542961103 0.5342120787957922 0.4305200022081374 0.5142307007407914 0.47547810283188957 0.5163715626752557 0.526858789259035 0.5249350104131134 0.5573660718251524 0.5277894929923992 0.5637886576285456 0.5106625975166841
35 0.2648379489889408 0.38275509382522155 0.26194499003405375 0.38651594046657467 0.26252358182503116 0.39220542641118583 0.2803876033714585 0.39577340912221315 0.28219570271826294 0.39075894693374225 0.2820510547705186 0.38400870937233916
35 0.35101789852204424 0.3966281569476592 0.3479172413003016 0.4015892085024473 0.3507078327998699 0.40675697053868487 0.37876878065664016 0.4129582849821701 0.3815593721562085 0.40675697053868487 0.379698977823163 0.3995221036879522
68 0.3295958182012444 0.2225756095540442 0.2999845417336029 0.23890573758855502 0.29052753720728813 0.24903455117958073 0.2776598097370565 0.26557138969554106 0.2629316879337793 0.2905833579509311 0.25176932193550605 0.31146111657733105 0.24448277746441105 0.3494958451640398 0.29393826015120494 0.34722202986809525 0.3047905604273039 0.30091888202340633 0.31672809073101277 0.25978349621495495 0.32401463520210777 0.23828560614420652
65 0.42175226320159526 0.24669908085258616 0.4316570026307297 0.266508559710855 0.4388792084644736 0.2948471197442119 0.4388792084644736 0.3171327834597644 0.41886338086809777 0.32483646968242463
64 0.4035813116459319 0.21756145601375046 0.3754253871027819 0.21403548414819432 0.34636643426172725 0.2185619347439661 0.33848766426127946 0.23582019284018516 0.3289205864035928 0.26658491379431487 0.3204790471173986 0.2978498741135524 0.3105367897358811 0.3443721350685778 0.4007674652172005 0.34962464840220975 0.40189300378869314 0.3148580125272176 0.4020805935506085 0.2730880255407163 0.40283095259827023 0.2435739029993561
2 0.3445424116607077 0.5717275711689664 0.3501720260638823 0.5663660336421336 0.3501720260638823 0.5422391147713853 0.3562037557815693 0.5111421971157544 0.3726904836765806 0.46556912813767437 0.3867645196845171 0.4264299041917941 0.3960131719183038 0.39318837152542996 0.40687028541014053 0.35458530133223287 0.41209778449880263 0.290783004762921 0.41209778449880263 0.2328783994731254 0.4137062457568525 0.20928763435506056 0.41410836107136495 0.20124532806481116 0.42295489799063923 0.19373917552724504 0.3549974098380319 0.1974922517960281 0.3441402963461953 0.20124532806481116 0.3393149125720456 0.2125045568711603 0.3244366462887322 0.25593301021794646 0.3107647255599435 0.3047230017948676 0.3035266495804358 0.3417176112678339 0.29950549643531116 0.3502960713107665 0.28905049825798695 0.37549529768688134 0.28422511448383736 0.40230298643805484 0.28261665357943544 0.43339990272845275 0.2830187685402999 0.4639606668796246 0.2846272297983498 0.47521989568597367 0.2874420376718682 0.5079252767509311 0.295886458604699 0.5347329622338193
4 0.2956237688041751 0.5381694263544101 0.23381100144936576 0.494302301134868 0.21918862637618505 0.4482196645406015 0.2175269928451418 0.41853181211929524 0.21785931955135043 0.38707155059820947 0.22417352696931483 0.3693474596004147 0.23048773438727924 0.35561128907712375 0.2451101094604599 0.3139596752323059 0.26106179135847524 0.2824994137112201 0.2803367403185771 0.25148225446507927 0.29828238245384436 0.2271116293431114 0.31921896494498947 0.21248925426993068 0.33450599343058746 0.20407031104597817 0.34381114085370457 0.20185479970544448 0.3345059927583642 0.2244530155224888 0.3152310442366687 0.28870284556044834 0.3029349551132271 0.34497683557254794 0.2909711945665287 0.3675750501245379 0.2839923342330078 0.3981491046681969 0.28233070026355794 0.4247352433530914 0.2826630252453674 0.47037477688602786 0.2859862933888568 0.5000626308117232 0.2916358475405395 0.5253194600391023
46 0.1993471303532089 0.4413365901514224 0.1977968013952735 0.4509204399344016 0.19681022864290088 0.4704639763623548 0.19751492346602417 0.49075918726830614 0.20019276379389275 0.5041014092527741 0.20357529894488466 0.5185711429542393 0.20709877306050117 0.5264637249732205 0.21090412510536707 0.5279670739292168 0.2155551109379809 0.5202624105297354 0.21682356161960287 0.5010947113407813 0.21499135507948228 0.4776048839033377 0.2124544537162384 0.4597526150508805 0.20836722374212313 0.4443432882519175 0.2059712613435039 0.43908156690593003
46 0.3867078319994087 0.5681078266001521 0.39879243949790516 0.5556203988517058 0.4142003140584881 0.5636768038507034 0.4244722304322101 0.5838178163481974 0.4326293404936953 0.60919549209504 0.4365568379307066 0.6498803373399782 0.4344420316184697 0.6800918560862192 0.4277954974942967 0.7014413293335628 0.41812781149549955 0.715540038081809 0.4039283976847662 0.7147343975819089 0.3924480205611946 0.6953990255843148 0.3827803345623974 0.6712298105873218 0.377342261188074 0.6426295728408803 0.3764359156256867 0.6031531883457918 0.37945706750031083 0.5838178163481974
7 0.42587193842843246 0.7455062729277684 0.46569621313938675 0.7385484686104522 0.4777808206378832 0.7176750556585038 0.4840977745575518 0.7026608463421902 0.48464707489839254 0.6935058406615109 0.46844271484359046 0.6975340431610099 0.4613018104126607 0.689111437934785 0.4591046090492978 0.6675056245283821 0.45388625581131076 0.6374772058957546 0.45278765512962915 0.6217305961249865 0.44262559870330215 0.5796175700221192 0.43438609371146414 0.5576455563602326 0.4266958889396936 0.5389693447716473 0.4146112814411972 0.5235889352281062 0.40225202377228036 0.5243213356825606 0.38714626439915983 0.53860314454442 0.3789067592865486 0.5550821547696424 0.37451235655982257 0.5700963640859562 0.3712165545147781 0.5858429738567243 0.37039260400351703 0.6085473879448086 0.3723151551964597 0.6451674106675251 0.374787006730243 0.6697028258917453 0.38439976269495607 0.7011960454332812 0.395385769511771 0.7249990602030472 0.406371776328586 0.7389146688376793 0.4148859316116176 0.7455062729277684
7 0.20622258891437353 0.4218957504656522 0.20861855131299284 0.4314796000601291 0.21256484232248332 0.4467010082395926 0.2160883164380999 0.46530495157004803 0.2213030581292124 0.4901102093439885 0.22496747120945357 0.5156671415959272 0.22736343360807287 0.5299489566778929 0.2452626821154049 0.5269422587659002 0.24032981835354175 0.5370898642188758 0.23610164941480188 0.5425395041843627 0.2293365791128181 0.5461099579548542 0.2172158281550972 0.5479891441498497 0.20974606302999008 0.5449824462378569 0.20326287065725565 0.5316402242533889 0.19903470171851578 0.5143517112594304 0.1972024951783952 0.5006336520359632 0.19551122760289924 0.4784592549350164 0.19480653277977594 0.45402983440007494 0.1949474717444006 0.43692924002561606 0.19804812896614316 0.42659371595314083 0.20199441997563372 0.4217078318461526
8 0.3730727766836388 0.4680996265236135 0.3646135514346913 0.4906575605208069 0.37005162480901466 0.483406796021709 0.3794171956203495 0.47978141377216005 0.3936166094310828 0.48098987452200975 0.4063054473045041 0.4862265377713581 0.41929640036538773 0.4950885832702555 0.4274535104268729 0.5047562692690527 0.43349581388385 0.5164380565486818 0.46944752204212004 0.5144239552056848 0.49754423389158225 0.5184521575186892 0.5280578678518558 0.5240916409869053 0.5525291979300307 0.5273142029865042 0.5594778473213765 0.5236888202085542 0.5709582238604061 0.4946857633000475 0.5540397739736233 0.45400091777536766 0.5440699727873636 0.42862324202852503 0.5383297842255779 0.40123146503193313 0.5416530512876643 0.3927722397829856 0.5531334284112359 0.38954967778338656 0.5996591672804472 0.38471583478398796 0.6449764453998089 0.3835073740341383 0.6585716288356174 0.3822989132842886 0.6440700998374217 0.3460450907887993 0.6150670419473107 0.34685073060488586 0.5576651573656862 0.34443380860786776 0.5171817220863026 0.34000278557867714 0.47941732267040765 0.3347661237902026 0.4603840658602757 0.33154356179060357 0.4510184950489409 0.3436281692891 0.4353085053008956 0.3512817540381477 0.4180879396155382 0.3589353387871956 0.40570121716871005 0.3573240577873961 0.39996102911175613 0.3835073734124899 0.39089757372701456 0.41855273410132715 0.38062565828324596 0.44795861328014125
10 0.21123146809502205 0.41620823518905836 0.21386702673350325 0.4300578374461751 0.21867304534539625 0.4478349385477789 0.21712271674815964 0.4182753400354538 0.21743278240216057 0.392023109003018 0.21851801237523186 0.3845815313039814 0.2307656076512086 0.35378167138632777 0.22037840689916263 0.3510944335324645 0.21076636951176067 0.34861390775507045 0.20254962787414288 0.35874272134609614 0.19913890493022607 0.36866482445567234 0.1965033462917449 0.3792070590095971 0.19324765620891518 0.3872687677861278 0.19696844487500628 0.3862352153788802 0.2000691020967488 0.3878888992304762 0.2037898907628399 0.39450363463686045 0.20689054798458245 0.4029787643762901
12 0.5178993034173682 0.3157927231314971 0.5339839159978669 0.3238350294217466 0.5561002582960528 0.3275881056905296 0.5786187159087511 0.32919656694857946 0.6296873608518346 0.34099194950761186 0.6429571669734071 0.3442088721478238 0.6095815942420914 0.34581733278531324 0.5766081392654592 0.346889640373421 0.5199098797423769 0.3420642562683059 0.45878835632171644 0.33134118179382993 0.45717989092598527 0.3168650306368637 0.45275662246634807 0.2970273417875819 0.4378783558293868 0.25413504157291844 0.4274233576520625 0.23322504521827006 0.41455566758766355 0.2187488938958211 0.4153598984996069 0.20373658915165457 0.42380432013973346 0.19408582185157955 0.35574025005014165 0.19798357989211074 0.34150218507006697 0.20211055431457475 0.38669255668294683 0.1902798943488014 0.4242480270184149 0.18642805123747133 0.46696221580655733 0.18587778793585275 0.4979145265226024 0.1872534461898992 0.5426613175209954 0.1927196062062703 0.5987262696646585 0.20422010921009864 0.6316388933927198 0.21541796739803676 0.6411886540232083 0.2217919075981857 0.6205537802125116 0.21656440623280918 0.5881570284386042 0.20913585151235037 0.5592682049947423 0.20528400854962833 0.5266651043012505 0.20225756049687466 0.49509374744347534 0.20088190213667967 0.4629033442987884 0.20280782369234468 0.45031607127426343 0.20555914020043758 0.46207794934636054 0.2226173025506136 0.47858584843121343 0.24985533589581446 0.497776281038866 0.28892403039565245 0.5085064154204283 0.3059821927458285
13 0.751712403489384 0.3183268899875043 0.7596742867167308 0.3236348121390688 0.8627364418262766 0.3430971933614724 0.8702559982076599 0.36668795847953733 0.8693713445157323 0.3743549571429084 0.8751215935132609 0.38202195580627946 0.8764485740511517 0.4191774108672317 0.8737946129753698 0.44748632900890956 0.8680443639778411 0.47284640151082924 0.8631787686722404 0.48523155319781336 0.8569861920507228 0.5158995472596964 0.8534475775164208 0.533002852061309 0.8021376668468432 0.556003846959236 0.6955368996537754 0.582543456488349 0.6844787238365296 0.5548243097955192 0.6756321859836247 0.5353619290737012 0.677843820213443 0.5158995478512978 0.6813824349811529 0.4805134001742003 0.6765168396755519 0.4351011773219254 0.6698819369860962 0.39676618400506997 0.6610354000668218 0.3826117249342312 0.6455539605358943 0.3472255771661182 0.5765509774282142 0.33012227200044353 0.5309913123328527 0.3236348115474678 0.5186061565612345 0.31655758255814165 0.6344957893089989 0.3106598913241332 0.7287114074992707 0.3141985060918429
15 0.6430310382093022 0.22254973838550657 0.6632325796699745 0.23707668954823707 0.6850230064140702 0.2525115751586383 0.702727728143648 0.26885439521671006 0.7274689418426735 0.29548713901504936 0.7488054009437213 0.31546169644345556 0.6904706148967198 0.3109220238781647 0.6021739893217605 0.31001408779580625 0.5186440244679239 0.315159050249757 0.509110706179755 0.30668499409708055 0.47483618347512596 0.24312958544569316 0.45100290470287135 0.20590427451570995 0.4820996587370912 0.20166724732677363 0.5270424151544266 0.20257518235826136 0.5917327412970724 0.2086280778120165 0.6296390049664226 0.21861535605916593
38 0.686050430858742 0.4076165491095683 0.6829576321489044 0.41694516944067833 0.686300112787934 0.4225974682667726 0.6972231541492429 0.4222792728085809 0.6984753096039039 0.43091566269001014 0.7284963662873452 0.4272581976608435 0.7259995465562509 0.407283639812089
38 0.7621001109314576 0.3748839113435822 0.7647779512593263 0.39386369191303655 0.8383480907933998 0.38672278437205376 0.8345427387485338 0.37037386447559295
59 0.8403076121218482 0.4304299093721774 0.8436901472728402 0.4856779835050449 0.7365765341580971 0.5099194854204868 0.7337577548656039 0.4454633989321413
40 0.20086820685688514 0.32565884587745 0.20678562290097224 0.3461725548302852 0.22552410704058137 0.350468160551178 0.23433448179669358 0.35002983337592125 0.2338084895023033 0.3289901319467138 0.2337427404351468 0.31838261577879473 0.2317702684204511 0.3139116792121511 0.21888345125777253 0.31408701005790185 0.20553639062499834 0.3181196195101686 0.2007367087225721 0.3210125784650556
55 0.46414419694952647 0.6757772012418325 0.48386907282517155 0.6784404756216663 0.47363211159830343 0.6384913601810371 0.4643938783956259 0.6005397004482191 0.45490596372489 0.5639196784447652 0.4411734550062426 0.5302958388599148 0.43093649452597227 0.5089896432047327 0.4182027133484224 0.4903467228027747 0.40022561216289354 0.4803594442380289 0.381749145142693 0.4783619885302173 0.3710128218361003 0.48268980939744743 0.36327268029640913 0.49600618075717007 0.3582790406365918 0.5079909161856854 0.3530357197722214 0.5336249302934304 0.3457949430351405 0.5912182380894524 0.36551981770305386 0.6052004300221058 0.3605261782408654 0.5735740467615779 0.3605261782408654 0.5442780285834047 0.3637720438912879 0.5236376521396917 0.3717618670307898 0.5086567337531259 0.38424596568626124 0.5029972756959787 0.3969797463148421 0.5056605500758127 0.4174536681098155 0.5223060149497748 0.42993776676528705 0.5452767564758424 0.43942568174344543 0.5679145887044307 0.4474155048829472 0.5935486046103323 0.45465628210312076 0.6255078971683394
57 0.23269582559307245 0.49489644915128556 0.23187043064064458 0.5070022417868942 0.2248545735450077 0.5045260569296107 0.22155299373529622 0.4860922363253882 0.21845776266369168 0.47151025883249587 0.21329904417472204 0.44784893665059977 0.20937841833216703 0.4318913012221066 0.2046323972105249 0.41565853371820993 0.19885463254352978 0.4030024777809826 0.19328321661464165 0.40217708282855474 0.19080703175735805 0.41015590070202423 0.19142607797167893 0.4263886680997723 0.19266417040032077 0.4426214354975204 0.19307686787653466 0.44894946346613407 0.19099620513329985 0.4412793435080651 0.1899113455252172 0.42855032410656224 0.18911578181262328 0.4187142636599463 0.19027576405164892 0.397147828395105 0.19182609266252018 0.3888794091371248 0.19663211135622116 0.3868123043226298 0.20190322853774093 0.3909465141111218 0.20670924713599922 0.40231559047919313 0.2104300357611864 0.4130645355783681 0.21337566020364973 0.4262940063592361 0.21709644881520218 0.44179729253174976 0.221747434770528 0.45709386807926194 0.22717358475859617 0.4736307064995212
36 0.6066888199449049 0.4899015186590903 0.6035542439150056 0.5146795958478179 0.6731866114363391 0.530800272573014 0.6774406789054881 0.5009471675263544
51 0.3453915183554532 0.5907424879171467 0.3472266248742698 0.5717797205560418 0.23325535597248734 0.4952947641320774 0.23233780271307902 0.5071210061422288
72 0.6743336244198936 0.5333003602944162 0.6802549014539419 0.4817359061229132 0.6759989835857196 0.43559928923262126 0.6691525070151016 0.397110988511308 0.6599005116494011 0.38329467543186224 0.5560931236462437 0.3899561120951665 0.5418450507830654 0.3943970698707026 0.5379592127294714 0.40426586492744965 0.5590537621632681 0.4659458340321182 0.5697860767874804 0.49037110179756693 0.5871798280749969 0.5118357310459914
