0 0.0278085800118525 0.5887236578284438 0.015679629131931525 0.5970281647372184 0.005845344634698305 0.6162596544206967 0.002239440319046123 0.6354911441041751 0.0032228687687694446 0.6582192682755585 0.009779058433591592 0.7028013579963492 0.025186104145923642 0.7312115132105785 0.07402971714884862 0.7460722097841754 0.09927104735841391 0.751317161516033 0.10091009477461946 0.7163508166369816 0.11303904565454043 0.6853181855568234 0.12123428273556812 0.6639012993184044 0.13926380431382904 0.6437956510129497 0.14483656552892785 0.6376765406591158 0.11107218875509378 0.6263124785734241 0.0678013369672676 0.6206304475305782 0.03043105587778136 0.6127630199327916 0.0278085800118525 0.6062068302679695
1 0.9266563383764492 0.7593618687980664 0.9237716149239273 0.7367648684199795 0.921608072334536 0.7088792083789357 0.916559806292623 0.6833974845483272 0.9021361890300141 0.6569541862335445 0.8826643057254926 0.6353187603396313 0.9219686627661013 0.6141641216878052 0.94468585995471 0.6257030154978922 0.951537078154449 0.6357995475817183 0.9558641633332319 0.6608004841702402 0.9508158972913188 0.6853206335166749 0.9454070408178404 0.6920516549058923 0.9475705834072318 0.7074368466526749 0.9526188494491449 0.7156102297681532 0.9511764877228841 0.7271491235782404 0.9421617269337534 0.7473421877458926
66 0.4389515354573138 0.4024644890047238 0.43984712860871356 0.4505279881298458 0.44253390806291293 0.4938149904475022 0.44454899265356246 0.5254592817969613 0.2714756161455535 0.514712163980164 0.2699083281306038 0.4678427890569084 0.28670069971934986 0.4332131872027832 0.3023735798688461 0.4063453926607895
67 0.28695381051717184 0.40176369492731273 0.25216630794213873 0.4604830255149573 0.2403237538740424 0.4905828504380355 0.23347727730342416 0.5155015579563217 0.20775673018677737 0.5145146784506469 0.1729692276117443 0.4950238082135716 0.17407946705562832 0.4878689317974301 0.20442601185512527 0.4543150286044904 0.24476471164957853 0.42150128504080675
69 0.46652731661926433 0.4043606765984872 0.4817931089726698 0.5273011910179126 0.650734544350357 0.5441274865896663 0.6495132809620846 0.5129174222227039 0.6578585807819464 0.5001620046118584 0.6208135913376824 0.4659666297402302 0.5733878630931026 0.4282431606358149 0.5353251541586117 0.41168825692812183 0.4982801647143477 0.40680320337503206
25 0.4465969473588228 0.38691251184721126 0.4475145006182311 0.40159336399774387 0.3724280588899858 0.40036995965186617 0.3340437475380723 0.40302066906793466 0.28938948891353533 0.4081181871757584 0.29688284053203645 0.3938451364738516 0.33786688611894017 0.38895151909034076 0.3819094425705382 0.3867086111228983 0.4225876370709725 0.38589300822564643
27 0.6587723760672891 0.49858273515087687 0.6624666978168133 0.4939853569736913 0.6274937852546516 0.46049017311133933 0.579467602510838 0.4210840744497486 0.5513907572144545 0.40630678745165205 0.527993386134135 0.39842556771933396 0.4878484231226396 0.39120111629804233 0.45361437491038276 0.38758889058739654 0.45213664621057315 0.40105264096344 0.49351304980524335 0.4046648666740859 0.5314414197670243 0.4105757814733244 0.5565628076637883 0.4194421536721823 0.5757732807613137 0.4289652941820668 0.604588990407602 0.4516238009124814 0.6353750049869697 0.4772377650425153
35 0.2488404453126364 0.5587820847319676 0.24578193444794208 0.5636015563975464 0.24911849175488135 0.5702746710114249 0.3002790371279498 0.5710161281907448 0.30417168731937894 0.5660112922303359 0.2959693172731533 0.5604503633854372
35 0.5288381008131816 0.5744059917253392 0.5337785954481123 0.5786954134238838 0.5333190145518396 0.5816060924336104 0.5289529960372498 0.5854359332358823 0.4794331544638746 0.5826784478582465 0.47862888789539754 0.5719548936118853 0.48161616372116955 0.5714953127156126
3 0.46781013086572104 0.74009989598832 0.4706898060522008 0.7068236493889976 0.4721296436454407 0.6729074749704573 0.47020986018778743 0.614034115602425 0.46637029327248103 0.5660395291610945 0.4639705639504145 0.5308434991041187 0.45101202561125525 0.40413779089900603 0.44909224215360205 0.3811003894071673 0.45245186320449515 0.37534103903420774 0.30510848282961034 0.37790075031107856 0.29358978208369096 0.39325901797230434 0.28063124374453174 0.4162964194641431 0.25471416706621325 0.4566118720748607 0.23599627835409429 0.5058863141546269 0.22975698211672135 0.5263640043695945 0.2249575234725883 0.5487614780422154 0.2359962783540943 0.5890769306529332 0.26431308435447937 0.636431589275046 0.282551027202185 0.6620287020437555 0.30222880764313054 0.7093833606658684 0.31470740011787646 0.7311409065192717 0.3377448016097151 0.74009989598832
5 0.7106627382588537 0.7452193185420619 0.7202616555471196 0.7145027832196104 0.7265009517844928 0.6748272584281103 0.7293806269709725 0.6421909396480054 0.7289006811065594 0.6114744043255541 0.7231413307335994 0.5813977968223202 0.7169020344962265 0.5538809005959574 0.7159421427674001 0.5359629216578606 0.7101827923944404 0.5154852314428929 0.5978754601217269 0.41693634728336076 0.5709984917145816 0.39965829616448184 0.5234838511376644 0.3830201728648205 0.47356948123868065 0.3772608224918608 0.45053207974684184 0.37790075031107856 0.45389170079773505 0.4329345427638044 0.46301067222158776 0.5263640043695945 0.46685023913689433 0.5685992404379654 0.4721296436454407 0.651149929117054 0.4716496977810275 0.7093833606658684 0.46877002259454753 0.7420196794459732
6 0.7406471424385976 0.5081168608847819 0.7763516645932462 0.5184370491066383 0.8068128653125968 0.5257610536511816 0.8517556204722944 0.540076153442789 0.8877098246000523 0.5537254346394379 0.9194194351849501 0.5683734437285245 0.9356487634370632 0.5826885435201319 0.9231646647815915 0.576030357570547 0.9086831103412445 0.5727012645957547 0.9019416970672899 0.5730341738932339 0.8919544181429128 0.5667088972411283 0.8452638891714491 0.5543912532343964 0.7850905336520764 0.540076153442789 0.7683618414537446 0.533085058195725 0.7468891917663334 0.5264268722461402 0.7576255166100389 0.5224319606763892 0.7608713822604615 0.5174383212142006 0.75712615266382 0.5154408654293252
17 0.8183348084663581 0.7713604478534641 0.8181554928286584 0.7751858481243892 0.8216222618241844 0.7747076730905235 0.8214429461864846 0.770961968658576
17 0.8116403579922394 0.7523131423378168 0.8114012704753065 0.7564573259646521 0.8145691800746664 0.754464929990212 0.8138519175238678 0.7507989213972422
17 0.8338754970669907 0.7611593804643307 0.8338157251877576 0.764108126506502 0.8366847753909513 0.7653035640911662 0.836565231632485 0.7601233345576219
17 0.8271810465928721 0.741394812397885 0.8270017309551725 0.7457780835416531 0.8298707811583664 0.7449811251518771 0.8295719217622003 0.7397211997793552
17 0.20478792677946575 0.7720037654323995 0.20466838302099932 0.77630734073719 0.2073581175864935 0.7762276448982124 0.20843401141269113 0.7714458945595563
17 0.22116542168936337 0.7617230022042886 0.22062747477626454 0.7663453608649895 0.22445287504718953 0.7660265775090791 0.22427355940948993 0.7611651313314453
17 0.213693936785213 0.7407629965531787 0.21351462114751338 0.7450665718579692 0.2171009339015056 0.7450665718579692 0.21728024953920516 0.740683300714201
17 0.19725666999608216 0.7500874097135583 0.19743598563378179 0.7551082475691473 0.20060389523314154 0.7556661184419906 0.20090275462930754 0.7496092346796928
46 0.18309728333999645 0.6991197997173867 0.20307184118875093 0.6921589689519116 0.22667813682818796 0.693974837847253 0.24983046524378974 0.7160679094072391 0.2595907605562493 0.7396742050466761 0.2616336130635083 0.7714519107151492 0.25437013748214304 0.7995978785929395 0.23394161240955325 0.8225988846005962 0.21237816927737516 0.8304676498137418 0.18809092280218503 0.8259279775753886 0.16493859438658326 0.8035322611995125 0.15449734823837072 0.7744783588740514 0.1551782990741237 0.7430032980214686 0.16198780743165364 0.724239319436275
7 0.2294779763335125 0.6598833594764095 0.25243873058065575 0.6715651467249564 0.2735867937030246 0.6965400022218488 0.28748409232629546 0.7315853639674885 0.2883904378886827 0.7718673889624768 0.2820460189519721 0.7920084014599709 0.27237833295317493 0.8113437734575651 0.2536471913305054 0.8355129884545582 0.23098855227082452 0.8467919554531547 0.20168337908697065 0.8528342592024029 0.17268032109057915 0.8399440112040069 0.15425129465537207 0.8206086392064124 0.1415624567819508 0.7928140419598706 0.13672861378255222 0.7706589282126273 0.1394476504697139 0.7331966449672882 0.14790687571866146 0.7045964072208464 0.1660337869664061 0.6836497542234525 0.19171357790071109 0.6623002809761088 0.21497644733531676 0.6578692582266602
46 0.8073348004593458 0.6998011218032267 0.8199687098687342 0.6932095177696513 0.8435886229548353 0.695406719076501 0.8639127355659428 0.7126181297561776 0.8748987423827579 0.7371535449803975 0.8776452440869617 0.7602241592957093 0.8705043396560319 0.7935483799733811 0.8630887850546817 0.806365387926332 0.8457858243181983 0.8206471967881914 0.8251870615366702 0.8287036017871892 0.8007431963692568 0.8202809965609642 0.783165585462353 0.7990413833817887 0.7760246810314233 0.7752383686120229 0.7762993312018438 0.7433789488432596 0.7850881366552955 0.719942134300721 0.796348793642531 0.7056603254388614
7 0.7999192458579958 0.8422530101945941 0.8249124113662498 0.8466474129213201 0.8518281280674465 0.8400558088312312 0.8735254915306561 0.8210133970154186 0.8872580000516748 0.7964779817911984 0.8941242543121839 0.7675481638402524 0.8924763532896618 0.7353225438442618 0.8834128976657893 0.706758926120543 0.8694057389743503 0.6851531127141403 0.8419407219323131 0.6639134995349647 0.8188701076170015 0.6558570945359671 0.7968980941041448 0.6609838977736608 0.7749260803497419 0.6738009056700982 0.7603696213174619 0.6906461161225477 0.7518554660344303 0.711153328847269 0.7458131622851822 0.7356887440714891 0.7447145616035007 0.7642523617952078 0.7507568653527489 0.7950131808822899 0.7603696213174619 0.8078301888352406 0.773003529156799 0.8254077997421444 0.7842641861440346 0.8356614061045051
9 0.1468562569774582 0.6369644923283416 0.16468105303774044 0.6281024468294443 0.19398622622159437 0.6204488620803965 0.2166448652812752 0.622060143080196 0.24564792327766669 0.6313250088290433 0.2595452219009376 0.6397842340779908 0.27193194458689646 0.6514660213265373 0.2779742483361447 0.6579111453257355 0.25894099139316223 0.6272968063295444 0.24020984918595073 0.5962796473942278 0.23235485502932057 0.5797640168354584 0.22661466646753478 0.560831465087814 0.22510409053022273 0.5423017335901195 0.22842735759230923 0.5278002045919237 0.23477177613046846 0.5169240580919363 0.1825058490980227 0.5157155970934272 0.1314483824168752 0.5145071363435776 0.08915225617213764 0.5149099565935275 0.05108574255187381 0.5128958553437781 0.022989030117869555 0.509673293344179 0.02570806680503125 0.5153127768434774 0.03688632874114048 0.5177296983431767 0.061055543738133385 0.5253832830922244 0.06347246523783268 0.5286058450918234 0.057128046301122046 0.54028763234037 0.04504343880262558 0.5596230043379643 0.029031333867117787 0.584597859834857 0.02993767972177606 0.6107811753356212 0.06830630837008173 0.621657322457257 0.11573839442245613 0.6285052663955809
11 0.8839234066454744 0.6339221407971491 0.9215211885912918 0.6091518379237665 0.8967508852173238 0.5790736123982339 0.9012746531517959 0.5742214611905022 0.8920071224836517 0.5677208502640234 0.7127666034769851 0.5170496946007722 0.7185019632704561 0.5594364672671506 0.7277820336770029 0.5973564549551642 0.729551338726781 0.6292039873639662 0.7299936652615344 0.6622310579831638 0.7255703958293656 0.6964376688606067 0.7158392062684983 0.7371317375060662 0.7122011315958668 0.7470963919804732 0.7184156410019686 0.7470963919804732 0.7286513035531952 0.7159019918243543 0.7374247285971035 0.6842201791657962 0.7472948317715005 0.6671607415804186 0.7706906318885897 0.6374285789316179 0.8039565351800758 0.6174446663316042 0.8459958635154703 0.6145201913169681 0.866628026825348 0.6217068395284366
12 0.15479530527403454 0.46712995817726755 0.14029377627583878 0.47599200367616495 0.12156263465316929 0.48163148717546334 0.07261997428425866 0.4856596896749622 0.031532308789370724 0.48888225167456123 0.022468853457769437 0.507411982519525 0.0399915370673091 0.510634544892113 0.13938743004919918 0.5142599266443433 0.20645699765377012 0.5158712076130603 0.17352644742810594 0.4973414773275803 0.1723179860937142 0.4884794316421883 0.183798363270426 0.4731722619265158 0.19829989226862174 0.4582679126783702 0.2185416098286033 0.4405438216805754 0.2550975475115551 0.4131520446839835 0.2768498410088487 0.4030815384352364 0.2892365636948076 0.39784487518588796 0.30373809184276035 0.3781066833734976 0.36064748664515067 0.3736105048265484 0.4469535188834368 0.3729606996229411 0.5039545085637022 0.3801924869292428 0.546404999896811 0.3891311293721868 0.5715561873919053 0.39843822903347387 0.5773166574484323 0.394193040237318 0.5385161667199581 0.37815012643039625 0.5034897945100283 0.37351801769995335 0.4252985042181262 0.3682315345756531 0.32455059457751956 0.3715791330338565 0.279800962135595 0.3791932132610807 0.24478814396554618 0.39771681180088414 0.20036601149330274 0.4303727072742204
16 0.47875014699054846 0.3191081216983389 0.5386551356603387 0.3774908646124674 0.5376913969375123 0.3793132191100525 0.5463085387426241 0.38115154269514306 0.5453039818511101 0.37870665513434 0.5390701396263302 0.3742578292510537 0.4796693087830936 0.31834215353788453
30 0.73118308685564 0.510705124977493 0.7274311239571349 0.5104907270975784 0.7224999727190995 0.512205910136895 0.7173544236011495 0.5156362762155283 0.7182120151208079 0.5167797315750727 0.7253407446279677 0.5142784229760693 0.7314510842055333 0.5127776378166672 0.7357926412738035 0.5119200462970089 0.7356318428638677 0.5107765909374644
31 0.735944390508996 0.5080236374194148 0.7375036478174656 0.5073089778196995 0.7336055045462914 0.5019165462945752 0.7261015787492809 0.5013318248038989 0.7244935946499216 0.5038656179301623 0.7231292445050106 0.5056847514567102 0.7217648943600996 0.5079586683648951 0.7136275202815233 0.5132861308355 0.7165998545257938 0.5152352024710871 0.7229343373414518 0.5106223996001976 0.7250783161405977 0.5092580494552866 0.7286353718755442 0.5091281113462475 0.7298048148568965 0.5076987921468169 0.7315102525380351 0.5078936993103756 0.7339953188734087 0.5084784208010518 0.7343364064096366 0.5068541944380626 0.730633170302021 0.5065293491654647 0.7295124541115584 0.5038656179301623 0.7322898811922701 0.5034758036030448 0.7350185814820921 0.5062694729473864
14 0.7228066904826982 0.5046871875321978 0.720999388608106 0.5074676519546472 0.7115458095717782 0.5145114951581856 0.6602462409775872 0.4707655215783155 0.60408085964411 0.4220147120380365 0.5719664955648196 0.4005124538377613 0.5782225405153306 0.39587834646701237 0.5994930933470684 0.41163431152755886 0.6286879697827868 0.43258047684334405 0.6567706604495256 0.4555656494022589 0.6859655368852438 0.4776240004870239 0.7122409256773904 0.4972726157389995
47 0.15471681794608813 0.5471094491906655 0.14822376759843967 0.557856567007463 0.14665647958349004 0.5709919332279932 0.1540451230825383 0.5835302373475904 0.16949410494418463 0.5886052652055225 0.1831519005030314 0.580843457893391 0.18830156112358018 0.5706934021775266 0.1869581713964805 0.5527815391495309 0.18001732447313215 0.5441241386859996 0.1674790203535351 0.5405417660804005
56 0.11782850561641744 0.7563567111444851 0.12107950875599867 0.7216793443222853 0.128123348891758 0.6963937643477647 0.1370636075256064 0.6797775260787939 0.15196403858202037 0.659910284670242 0.17092822356291087 0.6483511623961753 0.19639441482296383 0.6425716012591421 0.21725501830194338 0.6422103786880775 0.24055387413560886 0.6505184978225629 0.25545430519202283 0.6609939523834357 0.2684583177503478 0.6772489680813419 0.2836296657350602 0.7054243286243792 0.29392450901040074 0.7379343600201915 0.2974464290782804 0.7614138271393894 0.3204743679836474 0.7646648302789706 0.3226417034100349 0.7372119148780624 0.3161396971308725 0.7328772440252874 0.30449026921403977 0.7126487800456708 0.29067350587081947 0.6841121969315688 0.277940410240793 0.659910284670242 0.2603308099013946 0.6393205981195609 0.23919928949411676 0.6299288112718817 0.21617135058874967 0.6223431372795255 0.1926015778267857 0.6205370244242027 0.16307163264225624 0.628845143558688 0.144920198446261 0.6382369304063672 0.12487234575217677 0.659910284670242 0.11132649933725497 0.6898917580686024 0.10048982220531757 0.7166222283273812 0.09940615449212381 0.7523832628627748
58 0.9066988550429497 0.7656185304487253 0.9096789412542324 0.7417778407584631 0.9096789412542324 0.7147583924428322 0.9004406739992558 0.6897256682680567 0.8837521912160722 0.6607194958115709 0.8628915877370926 0.6424416337157031 0.8336867428665211 0.6364814612931375 0.8009057945424105 0.64124959923119 0.7731909927774805 0.6623088751242551 0.7562045013731685 0.6861495648145174 0.7466682254970636 0.7155530820991742 0.7407080530744978 0.7533008407754231 0.7401120358322415 0.7743601166684881 0.7174633806264922 0.7672079097614095 0.7243175789124424 0.7274734269443056 0.7380259754843437 0.6861495648145174 0.7538204324041423 0.6595274613270576 0.7702109065661977 0.6368788061213084 0.8032898635114365 0.6186009440254406 0.8318986911397517 0.6162168750564144 0.8497792084074482 0.6166142198845854 0.873917906718839 0.6265478405888615 0.8906063895020226 0.6432363233720452 0.906102837800693 0.661911530296084 0.9186191998880809 0.6909177027525699 0.9227913205838767 0.7195265303808847 0.9254733981740313 0.7453539442120022 0.926069415416288 0.7588636683698177
71 0.935602658737252 0.5841137393288958 0.9426341752151842 0.601384130678203 0.9444845742883242 0.6105127661056938 0.9457798536395222 0.6253159586908142 0.9248703441130397 0.614213564251974 0.8987797171817646 0.5799195014297782 0.901925395606103 0.5744916641485673 0.9122876304156873 0.5737515045193113 0.9282010624446917 0.5789326219241036
73 0.02008630261623627 0.5146063058609606 0.05944090467162145 0.5266968134048576 0.06197991125583986 0.529598535215393 0.04874081800895302 0.5554723577439674 0.02715929541291138 0.5900514421713285 0.014464202704234621 0.5989981350051797 0.011562494797788788 0.5748170334295684 0.011381137184630331 0.546283435625971 0.014464216608324101 0.5187170784258855
52 0.7206813166522494 0.7474671754283146 0.7168258788315656 0.770599808152189 0.3213227112389943 0.7641740630896285 0.3232504276861419 0.7363292699641623
