1 0.05399309706623008 0.5244985771735461 0.06401131711431696 0.5717423938213662 0.0708659736174343 0.5843968541030214 0.06822951502930089 0.6253135073416621 0.21533916731436561 0.6573718114955399 0.2190300904899766 0.6143461927627039 0.29812130139592524 0.602535238600749 0.39935805135553964 0.5903024646472956 0.4494491515959739 0.581022429234331 0.46684921799528256 0.5751170449973858 0.5380313078106365 0.5869279063153084 0.510085746623868 0.616455291720196 0.49110385600644024 0.6434517583760931 0.47423106434650447 0.6801500802364532 0.47001286643152057 0.6915392146069098 0.457658833719527 0.7206453967135862 0.3701312269836103 0.7130526404666152 0.2931491150351536 0.7025071456791552 0.22934887157102168 0.6949143894321841 0.11862117630269331 0.6674961029847887 0.04638453700859351 0.6480923925758626 0.036893591699879595 0.6227832050859589 0.0448027127904745 0.6025358550940361 0.0347844927423877 0.5793357665616244 0.03952996539674459 0.5527611196972257 0.04163906435423655 0.5358883280372899
2 0.7812733097198763 0.3658953193394452 0.829207376935603 0.3711244903084336 0.8692976876978468 0.38088560945054506 0.8950076480018088 0.43073704415056363 0.9063375418206412 0.4593233945858608 0.910259473501152 0.4816344569142644 0.9076448880166582 0.5241651050099907 0.8823706151203179 0.5461274120705769 0.8697408599693459 0.56374371325541 0.8651510309156133 0.5838224011551187 0.8638662736502785 0.5992914583463068 0.8545265478781677 0.6020041016411799 0.8395522712484889 0.606210858293817 0.8085382600361244 0.6141090914524429 0.7975503195799628 0.6185159583470079 0.796430695379254 0.6136087663382102 0.8103751512965564 0.5756101239635616 0.8173473792552072 0.5498128805165523 0.8153562265596669 0.4909225705216618 0.8081963300594778 0.4483669637181784 0.7955591668844225 0.4040933161807437 0.7894584674206029 0.38247940950892534
4 0.6496713756776874 0.4720337165367895 0.6815714974097534 0.42507673734718837 0.7115576118378953 0.3791405620530133 0.7268696702692872 0.37148453283731747 0.7645118139131251 0.36484930751704775 0.7804618992359283 0.3658701394977937 0.7906699773210216 0.3847549624138669 0.8136380796421712 0.46897141719179053 0.81236204053341 0.4802001547215282 0.8168280967067318 0.5098034676888855 0.8168280722499616 0.5445108633253429 0.7957738696229469 0.6180093757157195 0.6515843998194489 0.6583307855398826 0.6624314243705139 0.6047382229421839 0.6675354438476444 0.567989282706844 0.6649834341090791 0.5373651658440606 0.6579654073280246 0.5072514509289903 0.6598794146319485 0.49040818665445945
66 0.7952831324488866 0.3794113859631309 0.7992187733659375 0.3884633600723474 0.8061061449707759 0.41384824398732384 0.8184050228365592 0.4701279091011479 0.8953959982763621 0.4581242043041434 0.8781775692642655 0.4148321542165865 0.8629269607106945 0.386101975522117 0.8262763046706606 0.3803952961923936
35 0.8872787445424315 0.48882220345713834 0.8865408062129982 0.4955127930161244 0.91310638240309 0.48882220345713834 0.9086787863714079 0.48488656254008766
69 0.7828497243885354 0.3797552071581165 0.789099952509902 0.4085661057974126 0.7929691794864773 0.43666264630423696 0.7977313049961087 0.47333101272839767 0.7712419818487847 0.48071230726832614 0.7697538176270249 0.47356911900387927 0.7158822727993214 0.4585684236485407 0.6956432393833886 0.4654735056375061 0.6885000511189416 0.4754739692077317 0.6882024182745896 0.48071230726832614 0.6780829015666232 0.48071230726832614 0.7203467654646006 0.4052326179406707 0.7364189390596061 0.38618411590214563 0.7635035278956339 0.37927903391318035
35 0.787470385073602 0.5090059677242877 0.7835088919152775 0.5141919224042762 0.792512285456924 0.5164967911509378 0.811239344023549 0.5101584020976185 0.8155609729235394 0.5058367731976282 0.8079981223485562 0.5038200130442994
20 0.6968907045200894 0.4674516891210476 0.6897573553579351 0.476110099138559 0.6912332207018291 0.4908687525774988 0.69344701871767 0.5011014189618305 0.7566632509477956 0.5007078548701255 0.7650264878965284 0.4975593421364849 0.7650264878965284 0.49342691917358183 0.7697000916587856 0.47512615642497663 0.7160769539907111 0.45977718933279893
67 0.8814971233983332 0.40259089354107347 0.9072208490278345 0.45833648629766416 0.9143301487271271 0.4405795178884386 0.8806288119846788 0.40193965998083286
6 0.2714616644703295 0.430254163439791 0.1858623613559796 0.4495895354373854 0.10781593792818998 0.46811926693507994 0.0876749254306959 0.4862461781828246 0.08062557105657298 0.5027618084307698 0.08566082418094649 0.518874618428765 0.15882313493348932 0.5377399295933898 0.2548453291598969 0.5523086991746052 0.2946238288424477 0.5523086991746052 0.4089240747657266 0.5402240916761087 0.47891409319451866 0.53619588917661 0.4899916500681403 0.5289451246775121 0.5972425416172964 0.4955110439316719 0.60227779474167 0.48866309968252397 0.6027813200541073 0.48100951493347616 0.5000621563168873 0.4693277276849296 0.4033852963289158 0.4556318391866336 0.322317721026502 0.44395005193808706 0.27498634165739094 0.4354908266891395
46 0.5498635571994482 0.6461304687952346 0.5672580679927386 0.6333134608422838 0.5864835799221647 0.6307500592516937 0.5997583381591495 0.6406374653868272 0.6047935912835231 0.657848876066504 0.5993005878751155 0.684581492654087 0.5869413302061987 0.713511310605033 0.5722933211171121 0.7266945187852109 0.5539833097557537 0.7387791262837073 0.5361310486784295 0.7307227212847099 0.5242295412935466 0.7105817087872157 0.5246872915775807 0.6889758953808132 0.5324690464061578 0.6692010831105462 0.5388775503826332 0.6538206735670051
28 0.5467450120893541 0.6508416984142122 0.5521145192404701 0.653208664831847 0.5544157365909484 0.6516306872200904 0.5481695752110788 0.6482994011508266
17 0.5562682744891044 0.6935512231588019 0.5577122226274623 0.6971450496364927 0.5617231896784568 0.6979151553102838 0.5631671378168147 0.6941929778869609
17 0.5469628309307973 0.6857218154752609 0.546481514884678 0.6886738872247927 0.5503320432536326 0.6893156419529518 0.5535408168944282 0.6858501664208926
17 0.5671781048678092 0.6745552832052923 0.5662154727755705 0.6786625134655107 0.5705473171906444 0.6791759172480379 0.5735956521494002 0.6764805473897697
17 0.5577122226274623 0.6681377359237014 0.5581935386735817 0.6721166152382878 0.5626858217706955 0.6719882642926559 0.5633275764988546 0.6680093849780695
7 0.4926286280673804 0.6927989378519028 0.4877106498091644 0.7046020856716214 0.4827926715509484 0.709444402725865 0.48354928359067384 0.7236687090727052 0.4888455678687528 0.7400115291307771 0.4926286280673804 0.745459135816801 0.5092740929413426 0.7521173217663859 0.5312158420933835 0.7533279010299467 0.5550491213447382 0.7484855839757032 0.5781257885563674 0.7381956602354358 0.5955278654700551 0.720642260913803 0.6042289039268988 0.7091417579099748 0.6148214724830565 0.6831143037434159 0.6208743688008609 0.6552709806815158 0.6189828387015469 0.6298488161467374 0.6057421280063499 0.6132033512727753 0.5906098872118389 0.6038213619801784 0.575477646417328 0.6007949138212763 0.5516443671659732 0.6044266516119589 0.535377208311874 0.6153218649840068 0.5278004725163901 0.6274325936428218 0.5111841372059576 0.6455997869155614 0.501768213863379 0.6699704120375293
46 0.884508251680846 0.5737911190093845 0.8800159685837324 0.5893215834308348 0.8780907043992551 0.602156677994017 0.8787324591274143 0.6117829989164035 0.8801764072657722 0.6152484744484628 0.8908556819331288 0.6189960105956064 0.9065194835613055 0.6161630630365785 0.9116858585595621 0.6106141946341306 0.913380534093085 0.601339318425234 0.9140289691761648 0.5902200400502575 0.9117828276276082 0.5811071229103983 0.9058465963921364 0.5714808019880117 0.8989477330644262 0.5660900622714753 0.8904444829163178 0.5644214999782616 0.8877170253216417 0.5678869755103207
9 0.9092466864490415 0.5236381457698499 0.9200989867251405 0.5203307780666578 0.9314680632048633 0.5207441990295568 0.9392197062592197 0.5263253820286934 0.9500720065353185 0.5141294636231727 0.9583404257932987 0.5008999928104044 0.9554981566733681 0.48022894466545396 0.9544646042661207 0.4750611826292163 0.9464545731099521 0.4616250013349986 0.9516223351461899 0.4533565820770184 0.9454210207027047 0.44467474185613926 0.9175151057070217 0.44570829426338676 0.9076963578381703 0.45935118603905406 0.910021850754477 0.4709269730002263 0.9141560603834672 0.49283828403387375 0.910280238856289 0.5062744653280915
11 0.540369071257916 0.5895964761737831 0.562008175447675 0.5739497395518901 0.5803181868090334 0.5672915536023052 0.5977959249266934 0.5642953699249921 0.6210995757502403 0.5636295513300336 0.6398257237334477 0.5742826488493693 0.6535582322544663 0.5922597509132482 0.6585518715702632 0.6195583125615955 0.6639616474713114 0.5929255694311429 0.6672907401533203 0.5692890094642444 0.6660423299583919 0.5426562659998487 0.6598002807770478 0.5140260660313146 0.6577195980337818 0.5050375147938715 0.6602164179844635 0.49072241513070397 0.6539743688763153 0.48273259204257796 0.648332543701689 0.47216869652801485 0.6304235353987713 0.4790775246323914 0.6045097416743872 0.4807579331274999 0.5994604715970793 0.4957160545158288 0.49168109407734806 0.528674073604812 0.4812776720532886 0.5356651701105858 0.49251336036744 0.5386613541218422 0.486687447844543 0.5529764531171231 0.46421607154562156 0.5756142846007609 0.5178976932022944 0.5859344733106885
12 0.711655728711738 0.3768154184728506 0.7274689201590124 0.37082305101547247 0.7615921233336241 0.36349904657368093 0.792802369935705 0.36682813931728186 0.816522157307905 0.3688255952305968 0.835248305400906 0.3704901418207449 0.8585519562244531 0.3771483277703298 0.7990444193000389 0.35950413500393 0.7574307571151337 0.352513039756866 0.7083266357369457 0.3448561259148434 0.6662968369301914 0.340195395750134 0.6109506662242675 0.335867574882904 0.5560206321401928 0.3348688469904662 0.5023390079216651 0.3371992120728209 0.453234886543477 0.34385739802240567 0.4478251104594394 0.34585485380728115 0.4486573837031375 0.34885103748459434 0.46238989222415616 0.34885103748459434 0.48985490926619357 0.34918394678207354 0.5285556150981553 0.3515143118644283 0.5647595011990229 0.3558421327316584 0.5976342943250978 0.36016995359888854 0.6400802297537012 0.36516359306107715 0.6754518426108704 0.3704901418207449
14 0.4429665153289639 0.35080312094355365 0.40743815132983036 0.36581030189678754 0.3733309218906622 0.38400082426434395 0.3454766845153415 0.399008005217578 0.3233069853798821 0.4117413708748674 0.3048322361003327 0.42242830276580684 0.2849363535356587 0.4378902458483332 0.33581297018249295 0.44675812564287865 0.37219401334280233 0.4515331376415457 0.43188166478635603 0.4592641098582998 0.49753808115679227 0.46767722634802333 0.5776900717136659 0.4774546325241248 0.614347258279436 0.48126758650864704 0.6347379523108643 0.4776055839538078 0.6534640992327317 0.4619588476915462 0.6909163912465703 0.4080275428099947 0.7075297299346057 0.37828578558731196 0.6038598334497975 0.36277799396249505 0.5155136474699593 0.352809089397225
16 0.6463512198579286 0.29266919329829477 0.5838494025524661 0.3404184909960446 0.5724435890560924 0.3434282923269499 0.5699240677408648 0.3485601948796336 0.5900518283226195 0.34774341626975597 0.5915173636910508 0.343347261382829 0.5909373774096462 0.34040001357319055 0.6476638999837087 0.2940693854324601
22 0.36173760298720053 0.44194566001777746 0.36302954349625993 0.44442618579517157 0.5023007303728635 0.4665442073102685 0.5090188210199723 0.46530394442157147
21 0.3268139753723929 0.40794595282954155 0.29963769428102993 0.4221477513353505 0.29218613333662397 0.425391371981739 0.29163822444365295 0.4133812090478141 0.2971173133733632 0.4095239304412981 0.3073084187826243 0.40654330606353567 0.31859534197782746 0.4047899976060283
23 0.5517096897017302 0.47645599909614544 0.5544809047372623 0.4710885962212963 0.5229765817185427 0.4637375875169284 0.4868049515859385 0.4521860024100645 0.44246553400403665 0.44215129211521303 0.4131490111949503 0.44028436926965925 0.38106127478699503 0.4392342251690352 0.38062371474506834 0.4415678787259774 0.3981261164221348 0.4422679747930601 0.41227389111109697 0.4429680708601428 0.4220460653807924 0.44506835906139075 0.4247630554810492 0.4493069294401762 0.4326342639985335 0.4508241460355095 0.43779822689015224 0.44658523387340326 0.4509250281479521 0.448452156718957 0.4574884287768521 0.45148590634298186 0.46696889635192973 0.45568648274547774 0.4878259250171007 0.46023710718151506 0.5149546476165537 0.4677047985637301
30 0.30730046229018954 0.4256883646245778 0.30730046229018954 0.42800678903119904 0.3461521837917715 0.4412652786065641 0.34877852393989706 0.4403234186913742
31 0.30698766261242066 0.42392079626130963 0.3074816450854223 0.4218131377098358 0.3136564259979433 0.4218131377098358 0.32213645845113875 0.4237232032721089 0.3278172568906581 0.425633268834382 0.33135746461383675 0.4285312993426585 0.3363796197560205 0.4322855661374713 0.3414017748982042 0.4351835966457478 0.347905877459393 0.43854267746215925 0.3504581202365683 0.4423628085867055 0.3461769388038871 0.44341663786244245 0.33942584500619755 0.44183589394883704 0.340084488303533 0.4401234213757646 0.3369559326411891 0.43459081767814584 0.3302871692556665 0.4312976011914679 0.3251003532891488 0.42839957068319146 0.32238344968763966 0.42741160573718806 0.32114849350513547 0.42905821398052707 0.3162909991872856 0.4275433343966553 0.31711430330895507 0.42536981151544784
32 0.4088255053941001 0.6587324161526866 0.40520807196873376 0.665347151559071 0.4054664600705457 0.6746491232242985 0.41786908895751584 0.6812638586306826 0.4248455677064367 0.672375307928354 0.4230368509937536 0.6632800467445757 0.4168355365502684 0.6583189951897878
39 0.127591203634518 0.5571586597061704 0.12724728907100638 0.563486687674784 0.13343775121421542 0.5744919537071557 0.1547604541519354 0.5810951133265786 0.17333184058156254 0.5783437968184857 0.18399319205042247 0.5714655055482534 0.1815857901058412 0.5654126092304491 0.16782920756537667 0.5574337913569796 0.15097739395330767 0.5513808950391753 0.13687689684933152 0.5522062899916031
59 0.07296393659997188 0.5845577705708089 0.07069012130402735 0.6223031044834885 0.2182038886284298 0.6564103339226567 0.21877234245241595 0.6147995140068715
51 0.8497513506348144 0.6046020881187482 0.8476372661654444 0.6162530425277202 0.6514972070627898 0.6694340118460925 0.6545508843817545 0.6583468134116207
58 0.6503207404849877 0.6679425471831066 0.6567292438173397 0.6338859269551963 0.6576447446269537 0.6089843109103573 0.652609491381807 0.5921391000623132 0.6416234842429305 0.5752938898924311 0.6223979730381433 0.5650402839539217 0.5944752070003188 0.5650402839821784 0.5692989422641211 0.5712656872233919 0.5459536781407087 0.5877446967139388 0.5180309086004629 0.6093505112223547 0.49056589389337324 0.6525621349269182 0.46905162998016925 0.6935765614783737 0.4690516275647058 0.7067597709866188 0.49010814050949475 0.707858371018395 0.5020096479748931 0.6642805452216594 0.5244394113289489 0.6276605224141725 0.5560241809675497 0.6005617052602814 0.5825736986492506 0.5848150950939188 0.6082077140318021 0.5837164942992102 0.6242289744560829 0.5877446969399928 0.6388769834646543 0.5990969039275215 0.6434544861842205 0.616308314974536 0.6407079842787283 0.634252126108667 0.6365882316016495 0.6580551408784326 0.636130481679935 0.6734355505915142
60 0.3854602159429301 0.6614959927825 0.3930263363401856 0.6890091578634291 0.25924357113416824 0.6876334996093827 0.1667305535495444 0.6700250739575879 0.06974664663926966 0.6477394102420356 0.04773611457452644 0.6342579593523804 0.04360913981238709 0.6122474272876371 0.0518630893366658 0.6070199259222606 0.06424401362308385 0.6202262451611066 0.09072543501347803 0.630130984590241 0.14265653410373155 0.6436124354798962 0.22553994391003018 0.6617711244333094 0.3269947401459559 0.6628716510365465
63 0.08608292702788599 0.5214035795691984 0.06024411684669796 0.5480692316761845 0.06851253610467813 0.572874489450125 0.09693522730398495 0.5840368554483982 0.1607570884515194 0.5982998786684139 0.19693142270518266 0.6047079035933486 0.2305218759407271 0.6078085608150912 0.31243090373787996 0.6018139565340516 0.2927934084773902 0.5908583013362317 0.28064916769223186 0.55406383563822 0.20184079666233284 0.5453819955927931 0.13646860694937596 0.5333927879239249
71 0.2799947091529291 0.5566809657793774 0.2926557256417738 0.591201614363122 0.3128099976739981 0.6007102976582135 0.42055783315265155 0.5852070117409028 0.44613825766354187 0.577558724389827 0.4704267389157168 0.5676366210728984 0.480762263306334 0.5564742552819776 0.49213133958153676 0.5407642586758651 0.4799870992508669 0.5364233387089773 0.43425240554830624 0.5391105750475718 0.35079304809495815 0.5479991255425479 0.30841740014771607 0.5527534668710897 0.28516247091647356 0.553373598554691
70 0.10176700971089109 0.4721992640227428 0.08764840548961655 0.4858943098018219 0.08023613878292732 0.5022718897672135 0.08553061428136882 0.5203437025744537 0.0595876806837878 0.5470278646397598 0.05482265170303768 0.5268382614474786 0.05888175004822214 0.512578471649244 0.06664698221238403 0.5001540999813534 0.0763535224757905 0.4895651469667282 0.08694247549041574 0.48123517059522297
7 0.8687087940079288 0.6149706757180813 0.8716605246957169 0.5984409838664688 0.8763340982847144 0.5795499074646258 0.884697335233447 0.5659719463008009 0.8999479437870181 0.5514100749077138 0.9092950909650134 0.5512132928618612 0.9186422381430084 0.5539682415037968 0.9220859239454279 0.5584942285584049 0.9262675424197941 0.5632169976588657 0.9262675424197941 0.5695140231261466 0.9262675424197941 0.5823048561065611 0.9245456995185846 0.594111778857713 0.9215939688307965 0.6025734068293719 0.9174123503564302 0.6118221629844409 0.9085571582930663 0.6238258677814451 0.8817456045456591 0.6313035855238415 0.8716605246957169 0.6293357650653162 0.8699386817945072 0.6218580473229199
55 0.932470963685882 0.5727234302559147 0.9387212534172731 0.5629610729611706 0.9402094176390328 0.5389123391375327 0.9372330891955133 0.5284356630163439 0.9300899009310664 0.5210543684764155 0.9128271617308618 0.5243878759861708 0.9012194054999942 0.5308167650771864 0.8869330129981311 0.5427221378103049 0.8720513342708894 0.5615326351139182 0.866694011528137 0.5760570818877688 0.8637177310035254 0.6003440268029602 0.8506218744427756 0.6093918490881112 0.8503242986447427 0.6141539221897067 0.867884636461508 0.6093917966800754 0.8771112979916211 0.5801047444488566 0.8878261009249662 0.5608180476962894 0.8979456130692272 0.5460554684429391 0.907172171915966 0.538198020311088 0.9172916886239324 0.5322453634240489 0.9288993695536586 0.5310548320466412 0.9342567607519938 0.5415315081678299 0.9333638622189381 0.558913266277984
0 0.9559984016508867 0.506221320886795 0.9378469833067526 0.5278361133057865 0.9408618945597201 0.5384782618716004 0.940021864652898 0.5621335040477125 0.9479181457770263 0.5546068360825859 0.9546383850316036 0.5279946886344599
