0 0.08715977952834779 0.4957224952001687 0.08946061695967067 0.5129795454069692 0.09262426539590862 0.5171977433219531 0.1294376290175866 0.5221828863123887 0.1679766190590307 0.52755150184055 0.19673705938846664 0.5344540075196147 0.18149402601386558 0.5501763815663729 0.1720030807051517 0.5701169535281152 0.16193692658984915 0.5881401628012284 0.15647244292725632 0.6050129544611641 0.15187077247454658 0.6280213067247129 0.15043275045807478 0.6414428455451163 0.10757969436721529 0.6341568673283259 0.07824404523119068 0.629555196875616 0.06731507790600505 0.6280213067247129 0.048908396095166055 0.6126824052156804 0.04488193444904502 0.593125305791664 0.04718276967539991 0.5889071078766801 0.0437315168358676 0.5689665359149378 0.04488193444904502 0.5390556779723245 0.05178444012810965 0.5244837215387436 0.059837363420351695 0.5179646883974048 0.0724919571653035 0.5076109298788078
1 0.8919133168096944 0.5153785252383765 0.8524330759938326 0.5300202039515438 0.8665518376101011 0.5457077168585088 0.8772716380965271 0.5645327323468669 0.887207062937605 0.5910271985897412 0.8926976924550428 0.6210077788119409 0.8942664437457394 0.6349522347292432 0.8963581121333347 0.6544744730134664 0.9230268840751752 0.6534286388196687 0.9353154358522978 0.6513369704320734 0.9379300213367919 0.6471536336568826 0.9625071248910371 0.6377411259127037 0.961722749245689 0.6328605663416479 0.9572779539220487 0.6307688979540526 0.9585852466642958 0.6140355508532898 0.953617534243757 0.6098522140780993 0.953617534243757 0.6042744317111783 0.9606769150518911 0.605320265904976 0.9622456663425878 0.5882383074062807 0.9619842077941384 0.5645327323468669 0.9494342014775988 0.550588324386193 0.9261643866565682 0.534552152124667 0.912307083588749 0.5279285355639485 0.8992341561662781 0.5216535304011625
3 0.4616430507507933 0.3023980889109406 0.4606939562199221 0.3150526826558923 0.46543942887427897 0.36946743575918506 0.47303218512125006 0.436958602398928 0.4787267523064784 0.4808278607147609 0.4812576710554686 0.5390389919415391 0.48252313042996386 0.5774245929678928 0.4787267523064784 0.6280429679477001 0.3600899359475553 0.6267775085732049 0.34142441017375125 0.6153883742027483 0.3313007351777899 0.5938755648363303 0.32022797292735156 0.5664572609806786 0.3025115198552356 0.5343990032488168 0.28795875160132994 0.5116207054941436 0.2721405094201402 0.484202419046748 0.2664459422349119 0.46817326696980904 0.2651804828604167 0.45298775447586687 0.270875050045645 0.4352713232329344 0.2730896039510116 0.418820351364497 0.2838460086342206 0.3838093086701304 0.29491877816105344 0.36314013888670904 0.3072570070623815 0.3403618701457959 0.326500358232775 0.3099908451579116 0.37843909687773525 0.3053508274514293 0.417351972643462 0.30450718786843256
5 0.6948925505622136 0.6357908966779579 0.7033122329159259 0.6008078305486312 0.707944130591422 0.5415195403022827 0.7070177510563228 0.5044643588983148 0.7005331049639976 0.4717322819914766 0.6986803352404302 0.4470288277221647 0.6945116273324835 0.4303539960903791 0.6491190301126231 0.3871229511190832 0.6074319510331593 0.35377328785551215 0.5740822877695883 0.3296874199429331 0.5597234049755505 0.32042362459194107 0.5351743472954218 0.3136301746678804 0.51433080775569 0.30992465652748363 0.4916345091457596 0.3074543111005524 0.4707909696060277 0.3074543111005524 0.45967441518483726 0.30560155203035405 0.4587228349264603 0.3248078793914742 0.46418731858905316 0.3769601445221846 0.4716650198448983 0.4471356505773829 0.47885500865401665 0.5380186103670256 0.47940893399509577 0.5779834185107687 0.4749640204049895 0.6320188038308209 0.5170590010531069 0.6341100166304467 0.6088309515588521 0.6358530736201096 0.6880528917390258 0.6365502964159746
6 0.8774565690899686 0.4808235944342574 0.8875802440859301 0.4808235944342574 0.9052966753288626 0.4863072517237365 0.9176349042301905 0.4926345485962124 0.9287076737570235 0.4981182058856915 0.9385149839093612 0.504023682966669 0.9454750104690847 0.5090855204646497 0.9366167948476182 0.4951654673452028 0.915736715168448 0.4837763329747461 0.8850493253369397 0.47027809964679756 0.8521473816000651 0.4601544246508361 0.8249400050484187 0.4534053079868618 0.8037435605256245 0.44834347048888107 0.7752707245994829 0.44201617361640516 0.7638815902290262 0.4373761559099229 0.7430015105498557 0.4382197954929196 0.7401542269572416 0.4399070746589132 0.7512270183132577 0.4432816155826442 0.7578706582001742 0.4487652902803795 0.8097544925544766 0.4605762444423345 0.8572092190980459 0.4736526579787847
17 0.7960583405179744 0.6566298749586152 0.7959894903104621 0.6599346849192024 0.7998451019311471 0.6597510843658365 0.7998451019311471 0.6562626738518834
17 0.7907568745395325 0.6368928154717755 0.7904814737094835 0.6412074284758753 0.7933731824249973 0.6410238279225093 0.7944747857451929 0.6367092149184095
17 0.8111365359631532 0.6490104519939283 0.8108611351331042 0.6529578638912963 0.8137528438486179 0.6534168652747111 0.8141659450936913 0.6488268514405623
17 0.8048023168720279 0.6290897919537224 0.804595766249491 0.6345060082780181 0.8082448272476394 0.6341388071712861 0.8088644791152495 0.6300077947205522
17 0.23505576904099587 0.6449154618757171 0.23471436305333188 0.6493158057167193 0.23801462093408357 0.6502262216838232 0.2389250369011874 0.6455982738510451
17 0.24666357262157054 0.6584199653877582 0.24592385964829863 0.6622892332479499 0.24950862251877023 0.6638065931931229 0.25076044447353807 0.6591786453603449
17 0.2580437722103692 0.6428670259497333 0.2564505442679374 0.6471915017934768 0.2587265841856971 0.649164069722202 0.26088882210756886 0.6459017458400796
17 0.24586695865035463 0.6297418624239856 0.2450134436811947 0.6337628662786944 0.24825680056400237 0.6354319622183849 0.2491103155331623 0.6314868263609347
46 0.204005360075909 0.6208173497720272 0.20185864684842683 0.6419266965089351 0.20293200346216791 0.6667927913939367 0.21406807832973163 0.6898699585893701 0.23016842753584782 0.7041813801059178 0.2504280336202107 0.7095481631746232 0.2752494053129732 0.6970256693476439 0.28853219340801906 0.6755585370728224 0.2941673156301597 0.6474723723465974 0.2901422283286307 0.6229640629995093 0.2796770013446552 0.6014969307246878 0.2639791608686919 0.5875432947460537 0.2474763029324227 0.5837865465979599 0.2297659188056949 0.5880799730529241 0.21634896113393143 0.5993502174972056
46 0.8317826588158914 0.5971977025820465 0.8446079286543299 0.6179778866240738 0.8489912487256952 0.63789222966435 0.8488289035378669 0.6593217944576906 0.840224608582965 0.6839982630075981 0.8248018207178608 0.7008821923190385 0.8009370731285071 0.7075924303053168 0.7825920669039048 0.7019644637939344 0.7678186548115261 0.688111007765916 0.7590520146687958 0.6688460454769534 0.7553180753487441 0.6441695769270457 0.7592143598566241 0.6190601878762628 0.7676563096236977 0.6023927485925533 0.7817803409647631 0.5876734515627839 0.8010994183163355 0.5807467235487749 0.818145663038311 0.5844265478062173
7 0.8431862245267806 0.5765231254573565 0.8574475998967489 0.5969788355839777 0.8652265319167314 0.6214680660172563 0.8676034278117263 0.6491264909771947 0.8613370659067402 0.684275739363783 0.8392967585167894 0.7171201190037099 0.8194172655768337 0.7263395939903561 0.7947839808468885 0.727203919770354 0.769070288891946 0.7200012049370366 0.7530802619619815 0.7032909065237408 0.7414118639320075 0.6831233049904523 0.7340650948020239 0.6592102917438389 0.7344972576920229 0.6214680660172563 0.7418440268220066 0.5978431613639756 0.7576179723069714 0.5753706910840257 0.7811708498119188 0.5589485012640624 0.8006181798618754 0.5557793067374028 0.8170403696818389 0.5589485012640624 0.8287087677118129 0.5632701301640528
7 0.3126024199403772 0.620907663829962 0.3143310715003733 0.6465493286365713 0.3126024199403772 0.6716147762565157 0.30287875491539884 0.6958158980964617 0.28904954243542963 0.71598349962975 0.2624715247004889 0.7298127121097192 0.23243620384555583 0.7315413636697154 0.2121245480156011 0.7211694543097386 0.19699884686563485 0.7035948301164444 0.1846822045006623 0.6739196450031771 0.18187314571566854 0.6549044778432196 0.18316963438566566 0.6243649669499542 0.19289330438051933 0.5967065538800891 0.2080190005606103 0.5768270490500602 0.22725024916556744 0.5627097279767584 0.2456171719905265 0.5575237732967699 0.26398409481548557 0.5601167506367641 0.28559223931543737 0.573369745930068 0.2981249631254095 0.5874870670033698 0.30720038381538917 0.6024687138566698
9 0.28033531510454046 0.5257216253348284 0.28752542518689944 0.5303232957875381 0.29759157930220204 0.5376092740043286 0.3102461730471538 0.5533316480510869 0.2970164586943339 0.526488702291008 0.2788973063178768 0.4992619674794561 0.2676807544341089 0.4766370877536332 0.2648047390657495 0.45592963929441793 0.2679684139616036 0.4367557697475879 0.26911884259962104 0.4302368526612897 0.25099966596851586 0.43100390851655285 0.23259298415767687 0.42486834791293987 0.2156243243633097 0.41374764431889133 0.1871514884371682 0.4118302816302623 0.15091333362207895 0.41259722670571386 0.11151153037075176 0.4141311168566172 0.09224203535002971 0.4141310957557006 0.0810301798278401 0.4132755500091971 0.07002966990059187 0.414323217621316 0.06531516564605692 0.4198234725849402 0.06236860048697258 0.43553848676672324 0.06885104383695813 0.4337050684455152 0.07906580305511718 0.43475273605763415 0.09065562601418227 0.43501465296066383 0.10381695039142565 0.43815765579702054 0.11678183709139675 0.44025299102125814 0.11972840225048109 0.4478485812091201 0.11167445748231723 0.4583252573303088 0.08810192867952842 0.49499364897583675 0.09026266180429124 0.5122801861941132 0.09674512322655064 0.5177804735852094 0.1399615929491929 0.521971205285577 0.18160637149478123 0.5285191999223692 0.19948212181337285 0.534543259867633 0.21067904682755104 0.5264236521180358 0.2191258669502595 0.5217091478635009 0.23444800577749814 0.5193518957362335 0.24702001712292465 0.5180423112210848 0.2633243443365247 0.5201376464453226 0.2721640398137777 0.5219710647665305
11 0.8512375257237828 0.5306706927538958 0.8925480124600856 0.5146346116099638 0.8784292147625223 0.4975526099503029 0.8692781655667929 0.48360815403300067 0.8758146393006099 0.48186511143032634 0.7578968359544391 0.44944420346597025 0.7497916089254091 0.44526090026041953 0.696454065041728 0.42852755315965685 0.7008988603653681 0.44456367746455444 0.7014217774622667 0.46338869295291246 0.706650948431255 0.48709426801232625 0.7090040753672998 0.5024331695213587 0.7103113681095469 0.5327623611414911 0.7084811582704011 0.5627429413636911 0.7069124069797045 0.5888887962086328 0.702206153107615 0.6139888168597768 0.6972384406870761 0.6331624437460673 0.7056051142374574 0.6321166095522698 0.7100499095610975 0.6101540914825186 0.7118557912607699 0.5987900553492742 0.7147561634331872 0.5819165682499816 0.722861378435119 0.5616971071698934 0.7351499302122416 0.5456609828649958 0.7555436969912962 0.5264873559787051 0.7751530881250025 0.5160290140407284 0.7921478937742146 0.5125429000614029 0.8062666553904831 0.5114970658676052 0.8248302123303918 0.5139373456531331 0.8384260568497615 0.5202123508159191
12 0.16683686048996166 0.3972144092745541 0.15067396840399766 0.40196820106454356 0.07556394331804543 0.41337735803653347 0.13094573976469212 0.4149619770983307 0.213424287908137 0.41527892270915756 0.21294864085285886 0.4095742679285266 0.22435774114883344 0.3924606174845647 0.23861911651880163 0.37693156430393265 0.24883976886727888 0.3671070612712878 0.28306706975520257 0.34080274670001315 0.3082621662421464 0.32875980749870665 0.31491750572702104 0.325907558582874 0.3251382182109895 0.3087938165853489 0.4597144161153662 0.30318093741739505 0.5212976577594804 0.30865503636093566 0.5454988292981797 0.31441723200773575 0.5621370127620121 0.3196031351640739 0.5686195074673759 0.3250772658144762 0.5794235780607268 0.3230604224306354 0.5863381892705866 0.3230604184672777 0.5688355889123755 0.3129766058105603 0.5543581320974076 0.3080787636872623 0.5366394519508221 0.3046214724573431 0.5171921219008655 0.30202849511734886 0.48607639382093487 0.29828308340402393 0.45539282863100317 0.29713064903069314 0.4257896706660692 0.29597821465736235 0.38408595178116217 0.29828308340402393 0.3678798434061982 0.2988593005906893 0.341950070006256 0.30087606074401807 0.3135319083386943 0.3050863365679395 0.29575272704413397 0.30961828474106273 0.2758818773619782 0.31833356968937665 0.2834641752670113 0.3211224608728371 0.26646936961779916 0.33297524840254394 0.2471214370325423 0.3458738701260486 0.21783807960620755 0.36888222238959734 0.19953598121474836 0.38561556949035997 0.181756799920188 0.40025724820352737 0.17051408233686302 0.4054864191725157 0.16737657975547002 0.40165169379525767
14 0.7185231158998324 0.4230129191751699 0.6964441703551784 0.4275585844343633 0.6690076979456705 0.4022326190016992 0.637025758175836 0.3743095950895549 0.5922183382222264 0.3398921174970157 0.5711135011439511 0.3256057588344979 0.5852377154481196 0.3232246901242236 0.6264733944011645 0.35309625828376545 0.6660856252098669 0.3823184040037837 0.7027756413930123 0.4095924878685533
15 0.2753704346975608 0.31847072710288743 0.28279324863508654 0.3214031985029495 0.2464123254650197 0.34632927263750024 0.21058123162129638 0.3752873777078093 0.1815314785471321 0.40009116146135987 0.17090119619444072 0.4053452003137678 0.16806041344937792 0.40216827253464726 0.16751058552817588 0.3986248349953981 0.17346717036451653 0.39776955030689903 0.218645504675374 0.3567149809613396 0.2478786030435874 0.3354545523853604 0.2685891599696534 0.32238062733844935
16 0.5497665131793222 0.3052331384823651 0.5304540427461549 0.2859458892382102 0.5297724256917837 0.2838253028468335 0.4853915819293991 0.24111063410624475 0.486376139896824 0.2394949492366244 0.5303783075178914 0.282916480107672 0.5317415416266337 0.28321942102072584 0.5527959350838741 0.30301156067357543 0.5577187249209988 0.3069497925432751 0.5625657795298599 0.3081615561954904 0.5668826875408769 0.3111909653260286 0.5668457511834907 0.31717000058086053 0.545887323243275 0.31403288714000455 0.5461908422313447 0.3098516353213343 0.5502111877509711 0.30849848846681943
21 0.6486543708810147 0.4098780674918646 0.6574242831082383 0.4110877105576885 0.6672022312236482 0.41606068760607573 0.6730488393751303 0.4213024742246459 0.6773833936943326 0.4276194991239486 0.6784922331713378 0.4312484283214203 0.6756697326844154 0.44025354892255386 0.6754681255067781 0.44347926376475094 0.6714359819540318 0.4583981949099124 0.6393804407096981 0.45248438436588434 0.6332314217917601 0.44831783602804653 0.6332314217917601 0.4370278340803567 0.6333322253805787 0.416867116316625 0.638876422765605 0.41149092491296313
23 0.726296642541255 0.4231797440839113 0.7265531459129035 0.42762580252581617 0.7171052717238556 0.4274548002780505 0.7161220087992038 0.4254597740541189 0.7192855503828668 0.4211277171107245 0.7233041032053577 0.42078571261519326 0.7287334245719144 0.42067171111668294 0.731939716717519 0.42175472535253156 0.743824372937226 0.4345798939349493 0.7445511324902295 0.435092900678246 0.7463039055298267 0.43651791940962575 0.743824372937226 0.43777193589323987 0.7432258650700464 0.4364039179111154 0.736086521225834 0.4293358250034718 0.7311702066025738 0.42397775457348386
25 0.3168117990200894 0.5480059567559619 0.32649246516187597 0.567027616543332 0.477816624720095 0.5690656702113305 0.4778166169076245 0.5507233367255862
35 0.28548693622407534 0.4662344811709835 0.283863484345792 0.4731612091849926 0.3280213754351 0.4770574936928727 0.33240469550646506 0.4720789079328037 0.3267226139324733 0.46796616317448575
66 0.3291592863019068 0.3270768477412225 0.3012651361292417 0.3836508987956419 0.2994971970337911 0.39046073827441463 0.3010686924278781 0.4292244687472327 0.4566473403576455 0.4368200553320421 0.44820051872891414 0.3197431744563904 0.4167704903653478 0.32000509135942 0.3491959293836803 0.32367192800183614
67 0.30854076380288037 0.33145597982565517 0.2800565626657265 0.34680497940215266 0.24832545777200576 0.37396090172980195 0.2185129778253473 0.4064299392954696 0.2160040067407275 0.4115462724876355 0.23415715047062352 0.4233531952387873 0.24965373658151038 0.42787918229339555 0.2689875725865216 0.42650170797242787 0.2748910339620975 0.3987554395072209 0.28596002404130244 0.37514159400491714 0.29260141808882534 0.3605797226118298 0.3045559273743666 0.3403111718890191
27 0.4817319793994271 0.5484751553880691 0.4823071882060158 0.5687991998875372 0.6988733038866682 0.5760851781043276 0.7008865347097286 0.5734008703402469 0.7023245567262005 0.5588289139066661
35 0.4886344850784916 0.47638231829561645 0.4866212542554312 0.4790666260596972 0.48604604544884256 0.48558565920103597 0.5288991015397019 0.4882699669651167 0.5323503543792343 0.48520218666331016 0.5335007719924116 0.4821344063615037 0.5274610795232302 0.4790666260596972
69 0.4712511213632975 0.3196331373603315 0.4882459270125096 0.43850962405533317 0.6265574991422513 0.45175685717677033 0.6375387581771268 0.4528026913705679 0.6320481286596891 0.44861935459537733 0.6320481467003365 0.4193359444167514 0.6375388082900363 0.41096938116661536 0.6482586187990442 0.40957493077922225 0.6260346060995489 0.3879609473767983 0.5818480873574009 0.35100816317426153 0.5611929181563555 0.33741227069826335 0.5334687502814234 0.3272296973444181 0.5034673595707463 0.32222946555930526
37 0.05570568907323501 0.49811822371572134 0.057036296445641316 0.5126070595485899 0.06590701226168329 0.5049191058413536 0.06690496779098802 0.4883604363180752
47 0.20630018749631596 0.45406099893633306 0.1993022524047727 0.4620586390409539 0.19571997610791128 0.46839010412377874 0.1958032848590011 0.47760960591105006 0.1998021049113115 0.4868291076983213 0.20729989250939357 0.49127224108977735 0.21579738512055324 0.49216086776806844 0.22437818648280275 0.4896060660679813 0.23162604782761542 0.478720389258914 0.2322925178363338 0.47272215918044835 0.23037641656126837 0.46339157905839057 0.22479473023825175 0.455727173958129 0.21804672139997788 0.45328345059282815 0.21229841757478163 0.452394823914537
52 0.6938857694958049 0.6368991897762365 0.6942337841638475 0.6619552790082139 0.3410124229178239 0.6545312570608695 0.3410124229178239 0.6252991774251669
56 0.3373826357077016 0.6141639016269048 0.3413715428360341 0.6194299427152865 0.3395971896130682 0.6517058630702618 0.324411677119126 0.6508622234872651 0.3212480286828881 0.6272403151633551 0.31840074509027394 0.6116329828779146 0.31302254274866936 0.5934947318434836 0.3022661380654604 0.571560102685567 0.2877133552587658 0.552156392276641 0.2715787482339523 0.5432981766551748 0.2510150333984056 0.5390799787401909 0.23393133184272066 0.5386581589486925 0.21589853575616436 0.5428763568636764 0.2003966584185984 0.5538436714426346 0.18837479436089422 0.5694510037280752 0.17698565999043758 0.5939165516349819 0.17413837639782342 0.6116329828779146 0.17129109280520927 0.6301930537038439 0.1690765388998427 0.6445349266147892 0.1513601076569102 0.6407385484913035 0.1555436722604872 0.6116734918774517 0.1663477445104631 0.5802695600836032 0.1793125980779321 0.555780321723609 0.19724737789239344 0.5350365545273056 0.21453389349235485 0.5235121394535592 0.23419732818006253 0.5197668030440307 0.25580548261976493 0.5186143369638382 0.27914226377008705 0.5238002282301031 0.29664489394755006 0.5373413757136745 0.3117706216035179 0.5552042274010329 0.32408727225161604 0.579117133636988 0.3331626863150954 0.6018777362904167
58 0.8953893754481534 0.655185572750998 0.8772385340681937 0.6580666586843249 0.8783189412931914 0.6272390391977268 0.8744294752832 0.6004449400177867 0.8670827061532164 0.5797011212978329 0.8573590411282381 0.5598216283578772 0.8430976657582698 0.5454161986912427 0.8260272316033079 0.5359086151112639 0.8013939468733627 0.5307226604312755 0.7787053951484134 0.533891854957935 0.7605545537684538 0.5428232213512484 0.7478057485134822 0.5546356736778888 0.7346247803685118 0.5727865150578483 0.7270619397332792 0.5946827681511329 0.7236046117639102 0.6136981770759112 0.7210116427070418 0.6361704095543981 0.7223081380035391 0.655185572750998 0.6965944460485964 0.6577785500909922 0.6959462017135979 0.6341536454377115 0.7048055409585782 0.6341536454377115 0.7112879760254381 0.6073595383310557 0.7151774204993032 0.5825822389380216 0.7249010938074069 0.5592453160506267 0.7430519666632434 0.5370608592434243 0.7635797387273249 0.522655453356936 0.7862682887956493 0.5137241384872728 0.8150072071250907 0.5122836034473248 0.8312132227290485 0.5183338720172382 0.851308830246506 0.5304346033615931 0.8621128859302308 0.5422470239813716 0.8772385937066975 0.5655838874184008 0.8882587225522962 0.5978519270075731 0.8917160207024135 0.6200363719247024 0.8945251026801586 0.6364585657080234
71 0.9438785552366844 0.5099553091785163 0.9463786711292408 0.5213844104016312 0.9483430479019637 0.5290038112170412 0.9474501493689079 0.5380518496853407 0.9451286131829626 0.5466236887046858 0.9206632002227902 0.5316230588593924 0.8995907455546522 0.5213845217687075 0.8872687334764767 0.5078123985562136 0.8738751760721626 0.49090667939540367 0.870482246531473 0.48423975281445353 0.8819114134719475 0.4813824906106838 0.8915547107833927 0.4825729859575668 0.9070911740099092 0.4878113174671568 0.926199188926188 0.4970975080679693
73 0.06050540979825946 0.4395936839875978 0.06586280099659464 0.43504801872840426 0.09086407194038511 0.4363467385428206 0.11651467011566967 0.44045951605616096 0.11959907932677293 0.44781923305881977 0.10255285202985487 0.4748769221831965 0.08777944118212302 0.4947913932658331 0.05693360905464074 0.5196843161107197 0.055959740805125106 0.4895960167273726 0.05709612600374949 0.4540963153036067
