71 0.34740726837192626 0.6174268533259499 0.3508000493189061 0.6355436447904057 0.355889220739376 0.6513958373218044 0.3609783921598458 0.6763064255854309 0.36267478263333575 0.6864971207841873 0.3584338064496109 0.6898940191837726 0.33468433481720455 0.6898940446920352 0.24647203519927494 0.6649834309201461 0.24732023043601992 0.6230883506585925 0.25410579232997965 0.5981777623949659 0.2753106732486039 0.5993100618614944 0.31517584937561743 0.6049715591941367
70 0.6671951164447049 0.6140218383108487 0.6578467250205849 0.6344113453238771 0.6519093583633704 0.6695126287862601 0.6544539440736051 0.6853648213176587 0.7061938535150483 0.6740418266523739 0.7647193248504514 0.6547927357213897 0.7672639105606861 0.6355436447904057 0.7638711296137062 0.6049715591941367 0.7570855677197464 0.5913839655957951 0.7074150013400647 0.5973650344565347
63 0.673837928992443 0.681406163878059 0.666978972754364 0.6982028007350078 0.6499234428425923 0.7050333160194703 0.6277512539572893 0.7050332920831687 0.511773650557242 0.7095869529819427 0.3662331286434567 0.7095869529819427 0.3372387277934449 0.7004796311843947 0.3355331748022678 0.6921312528699758 0.3599794343424738 0.6868186484880726 0.355431293032668 0.6526661917472677 0.34576649274933074 0.6200316219727209 0.341218351439525 0.6109243001751729 0.46742927278663543 0.6101653566920439 0.6550020226532789 0.6080392412913956 0.6631884100330343 0.6065213543251375 0.6627722090206889 0.6104177413820385 0.6611795586285717 0.6161860697364477 0.654887785164744 0.6306568307365268 0.6509462406815087 0.6527170265678959 0.6483688716133207 0.6770032180280237 0.6514766791823895 0.6862612548743104
60 0.32990390275145587 0.7777746881868026 0.34116055249322513 0.799480471804292 0.3567947882456826 0.8345436607248519 0.4036974955030547 0.8395526877135032 0.5231430566518291 0.8395526877135032 0.6525945286821763 0.8345436607248519 0.6801107836065013 0.7727656611981513 0.6069425602850006 0.7736004990295932
45 0.43763573556215585 0.5133798134217423 0.43467150786637154 0.512720296741855 0.4322013181198846 0.5151385245681085 0.43154260085415475 0.5188757857541364 0.43302471470204684 0.5204146580072068 0.43631830103069613 0.5212940135803898 0.4384591321443182 0.5197551413273195
44 0.5753076440996944 0.5103020689156016 0.5794246270105059 0.5100822300223059 0.5797539856433709 0.5131599745284465 0.5797539856433709 0.5168972357144745 0.5782718717954787 0.5188757857541364 0.5739902095682347 0.517336913501066
39 0.48125444386307314 0.6303280843044041 0.49204880884247226 0.6225389293756745 0.5031206096268623 0.6202273025346499 0.5150962205848887 0.6217600080921936 0.5212227491293553 0.6229283821211314 0.5302666722188059 0.6307175423140501 0.5320171089457963 0.6350015804201554 0.5279327565828187 0.6404539925551985 0.5209310096748567 0.6427907406130742 0.5078027342224284 0.6459064046902416 0.4935075009520063 0.6451274886709497 0.4856305356805492 0.643569656632366 0.48096270440857475 0.6385067025069687 0.47921226768158426 0.6346121224105095
33 0.2765813973975832 0.7568108780626932 0.2909486834413695 0.7547373942771575 0.29910309293405446 0.7604394489963835 0.30415106071524045 0.7702884526023195 0.30492767114311525 0.7822109306516105 0.3002680085758666 0.80294567508516 0.2921135990831816 0.8127946786910961 0.28667732608805824 0.8138314159127736 0.277358000953561 0.8122763100802574 0.26920359146087597 0.80294567508516 0.2649322341075648 0.7905048284250303 0.2653205393215022 0.7754721387107069 0.26920359146087597 0.7640680292722546
32 0.7159320593395357 0.7545842479213267 0.7215292649574289 0.7507354257964959 0.7306876574691562 0.7494005618129393 0.7427251191012151 0.751992404867133 0.7504912233799628 0.7623597770839079 0.7528216909938821 0.7778901454649572 0.7497146129520881 0.788278207625845 0.7435017295290899 0.8022741601184908 0.7287461313994694 0.8074578462268782 0.7174852801952852 0.8012374228968134 0.7104957863444124 0.7877598390150061 0.7073893446329133 0.7732455179115214 0.7116607019862244 0.7633965143055854
21 0.18693361719222207 0.49260925572873066 0.19928877059587152 0.4883680601269092 0.22435210713182985 0.47988566467682076 0.2384722967295529 0.47941442048514915 0.2405903251692113 0.48506935078520813 0.2434143630887559 0.49685045557699764 0.2434143630887559 0.5067465836021009 0.24164933938904057 0.5194701767772336 0.23741328250972366 0.5435036305524843 0.234236239850236 0.5496298050442148 0.22541112135165908 0.5515147818109011 0.20634886539473304 0.5501010492358863 0.18728660943780695 0.5468023398941854 0.1819915383386608 0.5303087931856799 0.18269754781854694 0.5161714674355325
20 0.7716411995004375 0.4930860246422151 0.7750890294172368 0.4814022843528371 0.780923818507205 0.46971854406345914 0.7949803558603102 0.46901043859137553 0.8350282264323645 0.4778617569924195 0.8419238862659634 0.5008751848351338 0.8411282332082404 0.5281372455103492 0.8355586618041799 0.5362804584393098 0.8199108183356291 0.5394669330636855 0.7910020905716955 0.5405290912718108 0.7833107776803739 0.5330939838149339 0.7793325123917593 0.5245967181499317
16 0.502738297742076 0.17816786604484755 0.5035925692127382 0.26883053608054314 0.5035925692127382 0.29563019326090595 0.5023111544476581 0.30760452101677926 0.5065825243994473 0.3127363651258833 0.5112810124486984 0.30988533005897134 0.5112810124486984 0.3024726589239773 0.5082910623013805 0.2933493713732155
14 0.32117908753151675 0.3473672660353695 0.34619386473544855 0.34152340121527625 0.5075391777008087 0.3273311580807639 0.6851440958487245 0.3390188877209505 0.6964007455904939 0.3465324282039276 0.7207901533643273 0.41248461688783755 0.7433034528478659 0.4968032378634693 0.7364243891167847 0.508490967503656 0.6832679875584298 0.508490967503656 0.2786539662848327 0.5176741836495168 0.2724002719838498 0.5018122648521207 0.2861583994460123 0.4442084544826297
12 0.2825674472689715 0.522206311963708 0.2729367580454578 0.5148597390470193 0.29701348110424214 0.40098785883834426 0.32384182965545905 0.34129695389024844 0.36717993116127084 0.33578702420273193 0.48549982733586833 0.32660380805687106 0.5872547761431189 0.32809641885456275 0.6891201137758733 0.3385419890464902 0.6966870838800625 0.34037863227566234 0.7125089304615494 0.3862947130049668 0.7427768108783067 0.5084314877449166 0.7365891752516021 0.5136073643515914 0.7469258600466153 0.5242702066765442 0.7535037503707147 0.5336785969632674 0.7563228462238999 0.5136073643515914 0.7577323941504929 0.5029445220266385 0.7361193259427381 0.42391404361816415 0.7187349015147615 0.3724815100507444 0.7027600250133775 0.34049298307588577 0.6811469568056228 0.3154039423112907 0.5702625005120077 0.30223221851795545 0.46877506919898915 0.3022321959098784 0.34191575580564604 0.31916729842597996 0.33251876962836135 0.3154039423112907 0.31466449589152046 0.3373568529803114 0.2845941401242095 0.4019611329491435 0.26016197606326935 0.5041989740648682 0.25828257882781247 0.5123529123133614 0.26016197606326935 0.5242702066765442 0.26204137329872634 0.5412053091926459
11 0.25461214098055285 0.5157765734782863 0.2527327437450959 0.532711675994388 0.24803425065645357 0.5571734907398681 0.24380560687667543 0.5784991753897737 0.23393877139052652 0.6004520860587944 0.2184337441980069 0.6311861609954232 0.2170241962714142 0.6642127658390113 0.2278307303752916 0.6604494097243222 0.24598949597696668 0.662962693098659 0.2456850041121324 0.6550207497217886 0.25046777174592333 0.5993766887726774 0.26400912715783753 0.5966799713483507 0.25869181670581703 0.540653619371258
10 0.7719697278358049 0.6537452036303073 0.7874747550283245 0.6524907515920775 0.8015702342942517 0.6606446898405709 0.7992209877499306 0.625520032770138 0.7719696585441769 0.589768197722754 0.7621028563180093 0.5634246879638714 0.7531757554812356 0.5358267120367107 0.7527059061723714 0.5565251706675016 0.749886810319186 0.5872592456041305 0.7625727416585203 0.5935315057952792 0.7682109333648911 0.6186205465598742
29 0.7915799636034124 0.5966033025979103 0.7866378972442094 0.5984882793645966 0.7919329683433554 0.6079131631980282
35 0.7778591472891726 0.5671045796432411 0.7790240629309848 0.5748801088058223 0.7809655890006717 0.5811005321358872 0.7836837254982334 0.5779903204708547
7 0.21156608091785833 0.7616037088534513 0.2108093839074394 0.8626190864579212 0.2191330510220477 0.9565633876300781 0.23048350617833177 0.963634464062391 0.2743719327826301 0.9676750791665697 0.28950587299100883 0.9575735414061228 0.2910192670118467 0.9262587743487372 0.2887491759805899 0.8797917006506811 0.23956387030335896 0.8757510855465023 0.2299183242900208 0.8681628061012652 0.22088901212082102 0.8375899691053064
7 0.7307763971537105 0.8724975119316867 0.731913432481162 0.9415613688964255 0.7421467504282249 0.9605349559746504 0.7967244461458943 0.9605349559746504 0.8058207287655059 0.9499097472108445 0.8024096227831515 0.7078067760926939 0.7910484216556284 0.8142571011730169 0.7729215477495104 0.8668024676935328
6 0.26381703330732575 0.5390578204113471 0.28046436753654236 0.5239055137706766 0.30543536888036726 0.5168344373383637 0.42272340549530263 0.5117836684581402 0.6323284773813481 0.505722745801872 0.7223754216212016 0.5097633609060508 0.7352392707983236 0.5107735146820955 0.7503732110067024 0.5259258213227661 0.7465897259546077 0.5875452016614926 0.6678932368710383 0.6067381234063418 0.42196670848488366 0.6117888922865654 0.3462970074429899 0.6148193536146994 0.26381703330732575 0.5925959705417161
1 0.24375658028092492 0.6645452147174915 0.22602929983295506 0.6620541558911289 0.21576613746834092 0.6670362735438541 0.2129670931870825 0.7554688618797283 0.23349341791631079 0.8663209796528664 0.30067048066651236 0.8700575678924103 0.3267948994621593 0.8513745649646945 0.40143607479181465 0.8513746266946904 0.6794744733968155 0.8439014502156025 0.710263960490658 0.861338862000141 0.7354553590219837 0.861338862000141 0.7671778608762455 0.8638299208265036 0.7886372003658932 0.8052900384069814 0.8011846911716587 0.7206648390469232 0.8015796613647781 0.6631100823684883 0.7894179099809846 0.65481201575549 0.7694185854831906 0.6562551577751418 0.7396898598783621 0.6703257924667476 0.6775297972500839 0.6854787836730923 0.6710790896800476 0.6944868084603308 0.6538428621254678 0.7034349578784986 0.601761715369412 0.7133941226037002 0.6025791735661346 0.7770005432204051 0.5394227870744441 0.7797138456977537 0.40746983732370395 0.7797138456977537 0.40746983732370395 0.7229448731597046 0.4076866613290537 0.710547336449816 0.3501776885372145 0.7044864137935479 0.3342870513184168 0.6923645684810116
59 0.41025793114144643 0.7201515125697538 0.4329044314390055 0.7215576503354658 0.5319170203398008 0.7201515189052035 0.5993298059081116 0.720151509402029 0.5998564528826784 0.7306975584834938 0.6009097778999026 0.772178622572 0.4102579497823009 0.7735847603377121
