0 0.10377941492812709 0.43911683570297977 0.1140071617613124 0.4451777227152377 0.12504663453363943 0.45838179799194256 0.12131269521358763 0.4718023335190852 0.12082565965010263 0.48738747155060563 0.12082565965010263 0.5034055300830017 0.12131269521358763 0.5231034128728401 0.11254605507085737 0.5075182748413196 0.10881211575080557 0.49582942131767926 0.10946149650211892 0.4852228690462279 0.10426645049161211 0.4700706515155829 0.10296768898898541 0.4566501159884403
1 0.6194407264065738 0.5254740850099445 0.6527903896701449 0.5409137439282644 0.7306062706184774 0.5742634071918356 0.7741461087681395 0.5835272025428274 0.7834099041191316 0.5859975479697587 0.7810939552813835 0.6329341110814513 0.7644191236495981 0.6335516974381841 0.7046676436356999 0.6372572155785808 0.6625173747886864 0.636639629221848 0.6379683171085576 0.6421979064324432 0.6305572808277641 0.6594903244209616 0.6249990036171689 0.6718420515556176 0.7431123943423164 0.6811058469066095 0.7634927441144987 0.6755475696960143 0.7829467143515819 0.6594903244209616 0.8056429916547738 0.6316988534098932 0.8167595673827026 0.6168768658063984 0.825560172966145 0.6113185885958033 0.8283393115714425 0.6224351430169938 0.8144436185449547 0.6391099746487792 0.7885049915621771 0.6724596379123503 0.7722933496979413 0.6848113650470062 0.7690510213250938 0.6922224013277999 0.7519129999257589 0.6965455058249294 0.7139314389866918 0.7051917148191884 0.7018885050304022 0.7126027510999821 0.6236094414167661 0.7175433994747984 0.608787361752933 0.7181610283105774 0.6060082231476354 0.6860465377604719 0.5976707931272505 0.6452858467119165 0.5902597710509491 0.6205823839467953 0.5800695961648579 0.5903206524668883 0.56617390313837 0.5612940937004468 0.5499622612741341 0.5415313302849972
35 0.1572441076266824 0.4095510462381323 0.15789348837799574 0.41431317174776366 0.17542676866345627 0.41885883700695714 0.1793230531713364 0.41561193325039036 0.1764008397904263 0.41258148974426134
35 0.25140431656711865 0.43076415078103525 0.25075493581580527 0.4385567197967955 0.2799770696249062 0.4452669875603668 0.2835486637571296 0.43985548129942226 0.2788406533101078 0.4357427365411043
21 0.3842841822543644 0.422300675295977 0.38998873240235166 0.39187640784004485 0.3816695967698702 0.3741289184907511 0.3652690150944068 0.3643044154581063 0.3398362290179635 0.366839771079434 0.320345682679007 0.374762757396083 0.31606727006801644 0.38015038809140433 0.3193949243210091 0.4013839914200236 0.32391102652149895 0.41247617226333233 0.3845218718438639 0.42578678927530256
66 0.20893340887320078 0.2881937359831256 0.18797612098990618 0.3261726708326641 0.18162990001116205 0.34486696518865456 0.1785305827889847 0.3759585284333545 0.24922453276150663 0.388355797322064 0.2524714365180733 0.3513607727017881 0.2552755806714719 0.3283372733370419 0.26206456125338423 0.2956714537255217 0.26737767649140254 0.2722543902690705 0.21336100490488275 0.2834709668826648
67 0.1966837265188807 0.29075190257920847 0.1801540346672681 0.30649446624741095 0.16687124657222224 0.32695979901607425 0.15727812183691134 0.341324888363309 0.15107948739255658 0.35588675975639633 0.148275343239158 0.3647419518197602 0.15285052580522937 0.3712357593328937 0.16406710241882366 0.3722196695621564 0.170118150328789 0.3482122599681476 0.17734989051386954 0.32853405538289443 0.18472921723333943 0.31397218398980714 0.19166578434964118 0.30295238942206537
69 0.3779579853458217 0.3698743838779927 0.3702969159322024 0.3452541949931991 0.3502602728504289 0.31120499759933556 0.3353310093777349 0.2897278115508986 0.3229554357095806 0.2789892185266801 0.30291879262780713 0.2740127973691155 0.28052489741876613 0.2721793790479074 0.273649578714236 0.30570474263571146 0.27109588890969627 0.3300630146174754 0.2683457614278842 0.3601834584658931 0.2665778223324336 0.3903039023143108 0.3017401665641734 0.3997329108233807 0.31961603134049943 0.4041855306023582 0.3156872521926657 0.38454160073776805 0.3184373932286831 0.37485084466913465 0.34024206426125375 0.36673138104163605 0.36499314985062653 0.3646360890540279
3 0.2578114246181064 0.5733671735907294 0.19768939279016856 0.5502694438489228 0.18749921790407742 0.5353238540159891 0.17934707799520447 0.5190195741982433 0.16253328943315407 0.4612752498437267 0.1548906582685857 0.4320634151702653 0.15336213203567203 0.40964503042086486 0.15438114952428114 0.3933407506031189 0.16253328943315407 0.3790745057625913 0.18119238201363125 0.3285345136968241 0.1936701526483713 0.3049206681945204 0.2034645317487587 0.28506357084031037 0.21057551931479332 0.2732566480891585 0.22736500633001747 0.2680825559629987 0.24488970130408705 0.2641881793020943 0.2632906310268602 0.2595149273090091 0.28227571724876893 0.25756773897855695 0.2749737610095732 0.2680825559629987 0.2676718047703775 0.299627006916324 0.2592015355329106 0.3537588425028946 0.2556965965380966 0.38919767011712414 0.24929755827635017 0.4194229733716117 0.2476078493945528 0.45965413722392945 0.24881478431012233 0.490229821751691 0.2507458801750336 0.5153340679955372 0.25419834654335677 0.5510161018205891
5 0.4056098952174672 0.6260831027629922 0.40903094933900525 0.4995041002660845 0.4145901622865045 0.4350742476437848 0.4141625305213123 0.42081985547070955 0.4210046387643883 0.3848987871945601 0.35514934692478106 0.27827593373995774 0.3474519751513205 0.2702934741230356 0.32906380924805345 0.2611706631322675 0.3068269574580562 0.2588899603845755 0.27988609068071274 0.2566092497932778 0.26962284635330935 0.2982325533986057 0.2602150360388921 0.3558202428725895 0.25593873150101587 0.39345172839902803 0.25037948248988934 0.4225306570576785 0.24781367222766637 0.4675748814432474 0.2512346738930193 0.5211713254215588 0.2585044368508686 0.5753380313664558
6 0.46626204658639414 0.4010873270985114 0.4759006288221325 0.4190793472718895 0.5761418840738106 0.4533498618878478 0.6069853472281732 0.47219864492662494 0.6606401216737829 0.4799095107152156 0.7393552099323124 0.5004718194847906 0.7647368098197564 0.5064691595425832 0.7971867033467419 0.4966163865904953 0.8132510070729725 0.481194655013314 0.8135722931474971 0.47305540779202393 0.8007208501665126 0.4572052947821432 0.7795159692478886 0.43749974887796705 0.7412829140634887 0.4216496653331717 0.7043350278091299 0.408798192887102 0.6644955545680783 0.39594674990611767 0.6291540863703713 0.38480883265593113 0.6098769218988946 0.3878075026848275 0.5703587347323676 0.3925196984445218 0.5147762438396102 0.3968035127715165 0.48907335787764145 0.40065894566581195
17 0.49497119440459286 0.6755826203743919 0.49539421772957104 0.6812229313741014 0.4982707763394229 0.6803204816141478 0.49700170636448815 0.6754698141543978
17 0.4898103098398587 0.6507652519756703 0.4911639844797889 0.6567439816353623 0.4948865897395972 0.6543750510154844 0.4922638451247323 0.6503140270956933
17 0.5050391495390741 0.6477194840358272 0.505800591524035 0.6520061203956063 0.5080849174789173 0.6516677017356238 0.5078311034839303 0.6467042280558795
17 0.5094385921188476 0.6742289457344617 0.5106230574287866 0.679079613194212 0.5136688253686297 0.6780643572142641 0.5119767320687169 0.6731008835345197
46 0.5061869521264785 0.7451329988958564 0.5230840409444519 0.7412708071660339 0.5394983557961975 0.719385054030373 0.5469813522727287 0.6855908763944263 0.5455330303740452 0.6591992329073056 0.5361189380326029 0.6279798497579071 0.5163252054172626 0.600622658338331 0.49629008581880835 0.588714233838045 0.4750480313047845 0.5928982748786861 0.4593578774023806 0.6109218362845243 0.45163349394273566 0.6456815618529269 0.4540473637738747 0.6788320408672367 0.46659948689579794 0.7126262185031836 0.4805999319164044 0.7316153278414775
7 0.5770824047448266 0.7348340157601443 0.5821673620085589 0.7200171291610841 0.5858847215485131 0.7072718964526699 0.5792465795128807 0.6619555134894192 0.5667668724858917 0.6173471990099693 0.5545526911403281 0.5886704254160371 0.5388866759362356 0.5667203024182126 0.5216275066435911 0.5539750697097984 0.5070235941651998 0.5486645560812924 0.4823297057926473 0.5529129669840971 0.4679913189956812 0.5631799599992086 0.45498056060584163 0.5798195693685272 0.44489058471168036 0.6007075896406505 0.44037664812745037 0.6208875414289732 0.43825244267604796 0.6378811850401923 0.4406421738088756 0.6704523352950287 0.4478113672073586 0.7023154170660643 0.4589634458272211 0.728867985208594 0.47409840966846306 0.749401971238817 0.4929507330496591 0.7642714093986336 0.5125996334751312 0.7709980599947411 0.5325140595820285 0.7688738545433388 0.5497732288746726 0.7621472039472311 0.564377141353064 0.7479858342712152
46 0.1365395459693583 0.5409517036710444 0.13933245321199852 0.5220663308874771 0.1451177610717533 0.5108947019169161 0.153496482799674 0.5095647460870875 0.1630721647744406 0.520204392725717 0.16925645938314396 0.535365889185764 0.17344582024710425 0.5510593679777425 0.17484227386842444 0.5763285287444875 0.1724483533747328 0.5912240340385687 0.16746101901287522 0.6021296718431639 0.15948128403390313 0.6069175128305472 0.14910762856123935 0.5986717866856094 0.14272384057806167 0.5840422725574939 0.13873397308857563 0.5699447407613099 0.13693853271830692 0.5521233326416054
7 0.18202403534949935 0.5473354916542221 0.18481694259213957 0.5598370764546118 0.18960478357952282 0.565688882105858 0.2001779324266609 0.5699447407613099 0.20616273366088997 0.5715406877571042 0.20536476016299277 0.5885641223789114 0.1999784390521866 0.6101094068221361 0.19080174382636866 0.6191531064649711 0.17464278049395013 0.6215470269586627 0.1602792575318003 0.621281035792697 0.1521000291783539 0.6159612124733823 0.14272384057806167 0.5976078220217466 0.13534258572251248 0.5734026259188644 0.13394613210119236 0.5566451824630229 0.13215069173092361 0.5398877390071816 0.13314815860329512 0.5247262425471344 0.13534258572251248 0.5095647460870875 0.13993093333542142 0.4991910906144237 0.14771117493991925 0.49014739097158866 0.15569090991889137 0.4890834263077257 0.16167571115312043 0.48828545280982844 0.1664635521405037 0.5002550552782867 0.17165037987683557 0.515150560572368 0.17623872748974456 0.5300460658664492
9 0.12634166984497905 0.4575478082112344 0.13178239823973276 0.4531952254954314 0.1397621332187049 0.4524697950427975 0.1499181595555785 0.45706418790947845 0.15898604021350132 0.4660111634919623 0.16315727365859953 0.4739909017973889 0.169686146341895 0.48946676808584977 0.15463345749769838 0.4345758438778297 0.1528198813661138 0.4200672348251532 0.1531825965924307 0.40991120848827955 0.1531825965924307 0.39612802988823687 0.16206911963719509 0.3792013193267808 0.13160104062657432 0.37484873661097795 0.11455342498967935 0.36904529298990724 0.11237713363177787 0.37750864827063524 0.1169110739607393 0.3862138137022412 0.11092627272651022 0.395402599435603 0.10748047807649953 0.40797672728125606 0.10602961717123187 0.41789094346725164 0.10476011387912268 0.4285305901058812 0.10476011387912268 0.43941204689538865 0.1143720701573388 0.4459409509071838 0.12126365667654226 0.4531952454541583
14 0.3527626661521207 0.27571617645744445 0.42843826970253607 0.39244490306661844 0.4485525763000177 0.39530231465352744 0.5351095051830947 0.3900264175035464 0.6058394028136506 0.38145311525332887 0.5609313258516324 0.3397738013595874 0.5230110976457731 0.3052608980070082 0.5033915013131766 0.28943332449499737 0.4941589030428212 0.2848170214645169 0.4770122121264919 0.2804204006895468 0.4542600752029764 0.2766833347214332 0.4207913520473702 0.2727264413434305 0.37592479574911075 0.27252524964865255 0.3631971184576503 0.2728178399312148
16 0.3827627764220687 0.20043047558487626 0.38333485905539766 0.1983116510169914 0.43069058814762406 0.2561131852288901 0.4353943786883284 0.257808244883198 0.43812766238089984 0.2621306470016831 0.4343137781587071 0.26416471858685253 0.42376203181064054 0.25933379857207506 0.4247155028661888 0.25662170312518245 0.4270038333995043 0.25492664347087457
12 0.45630518371658385 0.2655148326018366 0.478995560129291 0.2735610653723002 0.49999625356908134 0.2845040172078167 0.4654779075812553 0.2754921745197442 0.43047667843977744 0.2716299739348999 0.37181986176858106 0.26937717043952025 0.3503362352080124 0.2732393090392115 0.3394738246691553 0.26551485473939135 0.3167833409196581 0.2587560192122019 0.28250636710987165 0.2561812955658287 0.3179904423923155 0.25167531223663936 0.3462327194166426 0.25103161361500226 0.3780958011876782 0.2529627094799135 0.40682085217823305 0.2561812025880989 0.4191315883170423 0.25875599707464725
12 0.2092425193165845 0.2745601855082256 0.2021980500451403 0.2859512422024758 0.18466182377448348 0.3019387561736687 0.16547695168277077 0.3299169248672079 0.1542357290513161 0.3481025919753094 0.14869006809083737 0.36109236872652917 0.14988915656678806 0.37068481552859955 0.15663383935551578 0.37707972049870103 0.13370181376553514 0.3742820573060467 0.11571582905756976 0.3682866103574597 0.11676512483826382 0.36169177706424466 0.1293552401319088 0.3570953857665648 0.13939735590183988 0.3530985237685822 0.14479311959911628 0.3501008772700953 0.15693358791798823 0.3303164103800818 0.1692239385617845 0.31193084518936215 0.18256346548005115 0.29594339719743207 0.19170628730043618 0.28555155600267745 0.20024957982112382 0.27755783200671247
22 0.603030268680013 0.38535415531417866 0.6032009716738449 0.382850511404643 0.5911379601097184 0.38125728346221116 0.5729296407676405 0.38353332337997087 0.5511934595530351 0.38641630727579984 0.542658309861436 0.3873267232429038 0.5401546659519003 0.3882371392100077 0.54271521085938 0.3904373111305087 0.5559162423823865 0.38952689516340483 0.5717347250457107 0.3862645764996624 0.5814647904592395 0.3858093632977306 0.5903413461385024 0.385050683325144 0.5964866539164537 0.38550589130869606
23 0.6128963181208348 0.3862906529597424 0.6221910961349861 0.3831694435525212 0.6109685123104923 0.3812416377421787 0.606148997784636 0.3793138319318362 0.5985754749582906 0.3760090219712491 0.5917593044145796 0.3746320178210044 0.5879725430014069 0.37398941588422363 0.58590703677604 0.3718780095205151 0.5752352546116439 0.37288781256402787 0.5744779023290094 0.3752746197577853 0.5616717637317343 0.37766142695154264 0.5487279247194347 0.3812416377421787 0.5441149608161151 0.38509724936286366 0.5423937056283094 0.38665785406647424 0.552101584887534 0.3853726501929126 0.552376985717583 0.3831694435525212 0.5622225653918321 0.3800482341452999 0.5649077234848092 0.3794974324852021 0.5635995695420768 0.3829858429991553 0.573445149216326 0.3817924394022766 0.5697272380106654 0.37885483054842134 0.5850119840783808 0.37775322722822563 0.5816383239102815 0.3813334380188616 0.5905888508868717 0.3794974324852021 0.5893495471516516 0.3773860261214937 0.5988508757883395 0.3794974324852021 0.6049096940494159 0.3822514407856914 0.6109685123104923 0.38491364880949774 0.6122766662532249 0.38610705240637644
11 0.5484038210744404 0.5426711617626827 0.6202186818099436 0.5241111431615215 0.5930112640253955 0.47771091387193015 0.6037678821495082 0.4713837040407347 0.5813060995254593 0.4574636857377999 0.4753231541229735 0.4190773767756982 0.46551624902325983 0.4005178398029558 0.4496979898638164 0.3979869732787339 0.43767612580611215 0.3954560545297435 0.42249061331216997 0.3878632982827724 0.41616328733411634 0.42498371846672856 0.40825414441433816 0.5515299808703604 0.4061596515860559 0.604354562035431 0.41331805181590636 0.5779666500397957 0.4242661735943514 0.5448415636332185 0.43605645858652303 0.5263139729312346 0.45500513089537015 0.5105935929416724 0.4861651698032523 0.5055406136593131 0.5147987190699547 0.5128393615116099 0.5371160345488271 0.5302441219928657
30 0.43927356528998834 0.3891799947957082 0.4398994762673722 0.3917670935022284 0.5276816091122224 0.3940089522874291 0.5299725997671919 0.3903433672394778
31 0.5343647169706266 0.39443955776207895 0.5382135812709754 0.3902852280410675 0.5267586279961278 0.3868640153296464 0.5154869539736778 0.38417591962781544 0.5064146309799985 0.37782223887803335 0.4967924702291264 0.37818879738282846 0.495326236209946 0.37525632934446745 0.47892274312036426 0.3756228878492626 0.4771815902225874 0.37855535588762357 0.4555546384396751 0.37977721757027394 0.443458207781436 0.3833206164499602 0.4369517943213227 0.38857462168535695 0.4464823154459958 0.38808587701229685 0.45472988180388607 0.38417591962781544 0.4643520425547581 0.3836871749547553 0.4749822391938167 0.38466466430087565 0.4809388148967374 0.38625308448832113 0.49092753415240453 0.3872305738344416 0.5027490459320473 0.38808587701229685 0.5100802160279497 0.3890633663584171 0.5192441786478278 0.3895521110314773
39 0.799663724833406 0.5166714061203859 0.796273058664051 0.52864565061036 0.7986556889452193 0.5369543100523827 0.8036042287599534 0.5396424057542136 0.8105688403510608 0.5382983579032982 0.8131347498846266 0.5310893739756608 0.8138678668942169 0.5227807145336381 0.8130431102584279 0.51386112425029 0.8091942459580791 0.5087293051831583 0.8028711117503632 0.5098289806975437 0.801313238104984 0.5127614487359047
47 0.13131594817024134 0.40398369104302695 0.12966643489866328 0.4121701643167847 0.13003299340345842 0.4177907280569766 0.13140758779644013 0.42414440880675874 0.13415677658240355 0.4267103183403245 0.13791400125655356 0.42414440880675874 0.14121302779970968 0.41534700469167574 0.14212942406169748 0.4083823931005684 0.14194614480929993 0.39824094113457 0.13883039751854137 0.3938422390770286 0.13415677658240355 0.3966525209471245 0.13250726331082552 0.3997071751537506
52 0.4051988494342188 0.6269589614622287 0.407787289063868 0.6465160608862451 0.1935220086095705 0.5656033554260987 0.1935220086095705 0.5475801461529856
56 0.19211403313746542 0.5648970451032952 0.19255679274063364 0.5458091866555997 0.18680091789944708 0.5361668664088257 0.1803071058603246 0.5227856060800541 0.1704187899522792 0.49130030820097015 0.1612684429240922 0.46985120596843005 0.152856003674913 0.4600121578163364 0.14311532182414094 0.4537150917436557 0.13352216088091845 0.4531247943325778 0.12540485962410383 0.45883154675202076 0.12186280090271402 0.47339354808238726 0.12112488294023109 0.4907103951876764 0.12201041346153986 0.521605298202723 0.12437181385273155 0.5261309820703466 0.12953734255636046 0.5308537511708074 0.12776627811925126 0.5074366498159829 0.1264380253341831 0.49858149565099225 0.12525733305906792 0.48736491903739787 0.1270283714717407 0.4761483424238036 0.13057044829708625 0.4700480990023752 0.1392780538260608 0.4657188939936195 0.15034704390526565 0.4700480990023752 0.1566932648840098 0.47673868856136115 0.16082568445242124 0.48500355343635415 0.16850018876665884 0.5033043703254922 0.17779813930169375 0.5310506035993527 0.18443953334921673 0.5521063014547601 0.18753885057139408 0.5605678400945396
58 0.5921174421466928 0.7149947740129585 0.5880046991795834 0.7103547563064763 0.5842083210560979 0.6842019292335757 0.5785137538708696 0.6521436250796979 0.5652264304386703 0.6086961865553635 0.5421317774504146 0.5673578643967768 0.5222008117058342 0.5483760027931094 0.504167974386376 0.5390960254076651 0.4836042134669978 0.5331905831431998 0.46335689985704703 0.5336124493567145 0.4453241619816463 0.5454232700553727 0.432036838549447 0.5635614920760434 0.4279240883059432 0.5783251615674792 0.4225458859643387 0.594354313644418 0.4209640617462197 0.6192416813428232 0.4222295211207149 0.6500345261222058 0.4073603298120298 0.64750364799248 0.4060948849903236 0.6074304370432667 0.4184331381462998 0.5610303354142196 0.42824039736387626 0.540361432557392 0.43899681659987416 0.5239103562394181 0.4529168988248989 0.5129430184494518 0.48518619048940015 0.5074593205407083 0.5142917512518596 0.5154739488039461 0.5433973362689671 0.5361431243901195 0.5680738061989474 0.5660924572470499 0.5797792957111686 0.5909798133399512 0.5911684276561604 0.6251473499146177 0.603823033528436 0.6719692423214031 0.60793578377194 0.7107768546300721 0.6079356964552067 0.7179475357644555
59 0.7868896262463322 0.5841545470814233 0.7831556869262802 0.6343733251829894 0.8140012726136646 0.6088310156313308 0.8253654357616483 0.5941117186015615 0.8268265424521034 0.5893495930919302 0.8276382683912451 0.5683529487994652 0.82812530395473 0.5488715262600645 0.8154623793041196 0.5616426810358938 0.8024747642778526 0.5711669320551562
60 0.8235097126685776 0.5984542307291327 0.8235097126685776 0.6107978317871552 0.8067385186647749 0.6286871357531064 0.7895647295255758 0.6499755327587033 0.7703784738831507 0.6651814156591019 0.7623250851594002 0.677208228220438 0.7130377472171916 0.6802170184749718 0.6806256099852688 0.679640805251664 0.6291980504731225 0.6744548030113832 0.627037537528896 0.6695569212545079 0.6378416230318728 0.6416101380097007 0.6780326558380261 0.6323905560123965 0.7443700106574002 0.63555991700008 0.7720282914909543 0.634119338363197 0.7871539230626662 0.634119465190644 0.812435581344368 0.6110705637027122
63 0.7529883009609457 0.5072140491241914 0.7508490946554506 0.5309830080741385 0.7449068549179638 0.5493643363287641 0.7315962379059936 0.567111825678058 0.7772326390898918 0.5788378454266986 0.8116976295673148 0.5557027253820833 0.8288112800112768 0.5408075111067833 0.8214429027367932 0.5224261828521576 0.8176398693048017 0.4964387877335488 0.8155006629993065 0.4812266540055827 0.7950592507873828 0.49707273127152446 0.763208727345759 0.5081648597985112
71 0.7517801053049044 0.5047664608680755 0.7498786086340727 0.5304371370799188 0.7441740366186338 0.5491353499096625 0.72777340209683 0.569418238477219 0.6790467957074731 0.5545227800590834 0.6514749235965173 0.541212241521596 0.6248536567713995 0.5282185178041305 0.5941916869699546 0.479095575390945 0.6044125488815073 0.47212372672562725 0.6502868145945161 0.4784620678223181 0.7094716371840036 0.4927234431922863 0.7391827028444417 0.4993787778564323
73 0.11151371269093473 0.3774339172137793 0.11538299145715541 0.3857794271788343 0.11157061543384335 0.3938973143659463 0.10531147904929293 0.41946510601624304 0.1065633258698073 0.3911660247175963 0.10781514782457516 0.3800134291205736
